7.925999999999993
25.214940611440923
93.54683156564302
62.096714462975235
191.54632452936093
166.2196610385828
57.90493091261167
86.76315882138258
212.9774479997597
110.18111263435476
6.1004356274968865
67.28615615806493
117.96197196807987
32.294799160648346
107.33248196105602
38.247359249351724
111.06804883316833
142.77732706383398
139.38397114767153
88.34292453241322
6.164059812369446
70.29249252324098
140.40271378091302
29.294724551386384
235.45748555820023
69.38206839843316
167.22972750022467
89.54860290143755
183.7864939951279
251.0391570819695
279.18570068659466
244.3921909772246
153.65426843049622
93.90540271087691
129.40731858424454
59.768622867071876
268.6992645916684
187.82936780450243
96.63734686394389
60.55081567183792
88.10186198385449
196.40402302447686
148.6769768647432
249.20954869139467
29.2809412175878
102.23449888178581
202.48098736730023
233.9504749508388
185.8101627219008
35.54091829720402
471.64499839485643
268.98486360808715
97.3833793205222
195.0342010574509
132.19467971155385
331.9546148335835
288.46958891659693
133.7133919801014
113.119994041682
123.69756609565499
213.94837487567636
202.04143949834648
144.53115385022522
190.68557027470823
21.911032682440464
103.8804901077791
168.36793943440972
61.11918232362033
111.90783201578923
28.32308534850297
191.3569814146841
73.05435186702368
35.58644106842569
90.9847160624548
166.37918447989773
45.417564669321415
129.7861461539431
78.74320378418729
46.0513926604644
43.88712581136919
78.8578357903564
73.70978985530634
8.649881885556661
160.87317828232517
29.651772264028665
81.38507265660596
126.23543309055373
57.86222147252343
28.52393207356481
56.696529132216924
118.43898954665447
68.15066889593355
57.0759042911854
82.40706319704424
55.38182246260036
92.4995158919072
81.0781815114159
31.771558747867747
22.859654782037808
130.4304752264288
171.32278678839825
37.19932796789813
27.323936563097302
40.801716048165304
15.114397212935394
76.05373271695979
41.06730158380445
40.32300175394384
42.49161532634951
47.031615744894204
49.4023095205348
36.998306012006
26.000015897671563
62.50418238208198
88.16139554478771
30.02098197946767
50.99756412436446
76.87917154529029
15.270247409358795
30.254478630961824
51.669257282979544
39.315451132434795
61.42402478236168
28.348423529930436
18.441602188195553
34.63142425944897
33.98592526226515
32.8359546417947
48.62824115811289
67.92416043637243
27.824135417730993
38.48617424138624
35.330341084988675
38.33305990934308
26.94674420591251
60.79546786178929
40.14883119317384
66.83704678025238
58.861237722444265
28.797403133803883
92.04386539557272
41.054515202050816
36.01552712070881
72.2364758340311
59.27082612025173
63.25167522036815
2.4033239731732166
29.124077615875294
52.65858701087583
45.872706455770405
26.750764255401567
47.72017790258794
39.143833803979206
6.282477186066593
34.71755694985311
50.23591898965369
31.36525240554013
88.14634360342608
18.37839448688683
53.34085198531285
12.832994003786483
37.850889164194065
40.40907842546796
9.445704180853912
4.769406746609538
16.44230985083068
20.296412864523965
34.43591258740614
36.30914099935552
42.437334130927674
14.720882069902988
26.617780684456356
16.79126684342519
27.791811756382703
17.036531838098185
34.86846745032148
27.440661185541256
29.278474025825634
19.823820211305588
22.604845080258098
26.39856347600387
56.65197550621937
5.6858490157422406
47.8916536141296
1.002144294454106
37.65093032862194
5.222018035746886
7.949406039430893
8.903246793030336
15.720235019013616
55.95950536865949
33.10996551460308
26.41597068040597
5.716604150817876
23.094098140981625
7.743189232654341
21.697182844096748
43.01817290939865
11.518751495063444
39.32152089862161
83.42320189965884
19.631485857551528
18.579294582275402
18.997597534757134
13.44246889286558
25.592456767532635
30.89175133746295
15.100581219974256
41.26956159648011
32.716485709258286
40.77601273641803
33.114518455147454
59.884191130085476
10.934414597570752
33.63206811351417
10.786740157452234
19.872625724218615
34.779677213242444
2.940221716062954
7.583736667324227
14.364479578533837
43.74090529254255
19.175009779446672
13.379813419696616
10.346346893513092
31.965270119125478
31.563690726011032
6.404950971492666
10.801267394215008
13.093152822936064
24.903814334675186
29.826486456357657
7.9755697033538215
7.617055788493075
3.0405320460775305
26.8630592660271
15.143058878387203
28.737882484606658
28.16174248292761
23.383802058267978
27.19434955446254
34.18562096972337
10.929535747460978
14.221541003665646
18.891367044134178
12.113596945684783
27.69633061549361
24.90143378244936
6.626361911102551
9.981327833283908
25.08043423165638
5.688669485028124
35.06207513876269
8.94949138753931
25.665815742625064
7.548192950611029
16.624948382837594
10.948214032841022
29.02549439115214
32.03313600837255
20.54971241370898
8.661652914072363
5.164117418542806
24.03529329533842
24.7237360384283
12.006942172240041
30.892314062470174
15.077796254370277
24.805032197213148
11.152362005247559
13.378762821059714
21.92376385439139
16.60548407595138
14.226681250606488
11.911176029245778
26.044213947160976
37.718370985235744
24.05654520378462
1.6255481798414335
3.2995321559311397
12.302424054374368
5.518142111668034
12.177711617448265
14.627217312466698
10.130551248199698
20.69408843406646
8.800773559367608
3.492223265183287
11.441611887285955
27.568482221567557
15.40598074398215
7.516246265325806
10.06474631295582
13.867444359936922
13.116682011363741
17.27460198389392
22.32864634581625
27.56443583360649
16.07087892131953
17.144527595192958
26.341897658913908
14.086746925342059
15.177543529069217
6.499963666066845
19.20009845708802
13.687600496263714
20.651709556952525
8.146549554321748
15.61064100021229
13.541007382071456
11.108284629399536
10.522383425380795
17.833896987766156
12.622155787531538
12.410674857431447
20.137645831818183
14.105295032821166
14.18096280773979
34.808288917126866
16.528437331936104
3.3071832071351097
11.95356065514735
25.533663788315376
18.223935084861523
11.352884553013848
18.85127976555006
21.734789559901557
4.873588857587493
2.7416491957226494
21.91779558356702
12.17125132048803
4.606888576351433
16.144242782440475
23.455483116013546
23.56862551401494
5.702463182937285
3.943166245845949
8.555042385422524
16.284661259275147
6.090312916734576
7.852175083634964
7.57639118622853
18.171435146966292
27.696165174567916
7.2776737866456855
15.08525832064204
10.065143888466029
17.43215760893576
7.644805478211376
12.046649847525282
40.67608655132052
2.9806113466343445
13.774745110423202
17.954900455028195
18.030362413482727
3.2584350394773547
5.643186684673408
14.446650122167675
17.917493729067832
19.3779852975827
4.89075414496298
4.226423737776841
9.913958096714737
4.896902022990329
6.599326678079571
11.073062418997631
18.15230786393349
8.289212708496727
8.075710356207397
9.49821421894108
0.953437731078571
9.439468585342105
10.992972334699722
4.4977462401487545
14.002513885173238
19.628046502640505
16.781448086060706
7.974067928191384
16.284796733174115
6.354212736233734
5.231775803306159
6.830497438771219
8.973345664590314
15.97133917511443
5.1605052544914125
9.640954593349816
11.743786526409163
7.200867077566556
8.710680004013577
13.812784849446913
23.34648124545468
0.29078675430297324
8.166549575435551
9.693645829655791
13.833013749208178
13.033180734203695
13.502447181427058
16.784192415663984
22.077088986569713
3.146055077315705
17.17413317001561
7.104928302323873
4.600105034666908
6.309075516317735
15.021875829130286
5.944174671101429
9.872401810712715
14.994286915130491
11.212461119899318
4.485862053343576
12.775251819622747
6.522589065921349
8.536235165282731
9.92000480979111
14.130979580203995
8.291256384990408
6.6347361105816525
4.6943751721925775
8.377160195007942
4.546882672813823
21.720631606817825
11.01183100336073
11.047444384948758
12.789813753732034
8.805567578761154
2.6841925269920113
4.57039157384128
10.231651662768137
6.107862296915755
2.4323710494807127
13.828156272720584
11.34298336539846
13.283346540694984
7.562159096785164
8.732391868144955
11.152648969897063
6.543506771752773
4.668372104010483
19.882215759109123
5.827346248728282
22.296432669336856
13.268277253408753
5.4339820393109
6.2593389526945575
13.436774268987275
8.572318456251063
6.063807351736818
11.383200116997967
3.449414618674144
3.7445090939908865
22.846757273656575
6.200160825337613
14.122707303348726
7.209061265375826
8.971668711292892
10.674903074795926
5.3727676196906735
8.06998538640074
6.159806681055091
8.691015451762066
13.275346436629725
14.818338549654905
4.150200693104154
7.746548977935768
16.389798282924023
12.686674257010228
10.680897169245107
6.886817022377798
9.512449134725406
5.1314337843677205
5.564118759158589
8.715132472601564
3.801827496966558
3.8987524594981795
6.021596703819998
8.165630999501408
4.9750220389541395
2.646393723710563
8.861549981008544
12.168250665193188
4.349127890925277
4.893273474852779
4.253292046864546
10.804985653874267
13.050117935279546
12.148885257397168
5.604154852442981
4.526185720870599
8.338111547159462
9.734688194458363
3.2175212209420967
6.052706216582135
6.578645440568539
7.918643686082838
11.220993260192355
4.246966299695238
17.55189334810224
3.0295151249286367
10.21189650644603
1.0960514260790986
21.205215413908114
11.05130687147701
14.14615080348062
8.81768290491423
4.945527833600383
18.179431153059877
5.9373572237208725
6.572465989693555
8.418209560739626
13.507794570891106
10.832658161024492
10.886801641933424
2.4558415621967824
11.511695704201445
6.005068707827438
17.16899653496309
7.779304925903357
12.517052172669825
1.7176005721987349
1.4341925922416954
4.979639653143095
7.430519456407171
7.737167888619944
11.046149840544434
5.341159414589201
6.3593303889497745
14.77289159545589
6.658303041899051
0.9726826184652103
3.7119697641014158
5.177376057894518
11.994849712504374
7.979195347382482
1.504616376564598
3.2257042035779566
6.465215364258417
8.089239986883943
12.192924386773162
11.125483823510242
10.947606997600298
9.458578111165323
11.561795354812078
7.46850920088269
5.191836580028414
4.494729992295433
12.496188364412912
4.37023989132591
5.439273093757298
5.590905408492947
7.798666962158018
0.17902817858515707
5.919008445766894
5.810960070653416
4.8607456600492185
6.210188432582425
7.795230525455954
1.9678724039229676
5.425928917442153
15.178143908781788
4.485698452291689
5.025160583570492
9.590180895600774
9.499106094739204
10.75477276508615
10.413771572275039
3.446886454642693
2.20984793588589
6.2440067030616495
5.929409759885317
6.128939696749648
12.46004303324293
10.84919180138656
3.312820566148122
8.438546567677154
4.661727983730083
6.298028965289743
9.171605896286792
7.497079171980052
2.745781006279525
11.646641404914146
6.215756841087162
6.471688680976936
2.503849853243434
3.152692938046802
13.839164991827575
6.663415322343629
2.361909662642269
6.437535215631894
5.640514532232917
2.8414551948870272
2.3597521955307825
5.634033756773869
3.919894870782828
2.1645552200269234
2.42547199331526
5.231063874859258
14.952060983726051
2.847125281732399
10.527829603270797
11.809626086274118
10.372119926823018
2.3227914807825822
2.0869685332286023
4.171023219562919
7.054002446544046
9.091799090356039
6.847358830990082
6.47881344430903
6.064508092537974
10.035214943770054
6.71556924014443
6.966323511600313
10.645329051979429
13.487445744844136
8.457681039347747
2.4608482819305437
0.6883380623274422
9.32730148266674
4.153101841050428
3.8075545086305542
7.355143488636846
11.290232826790835
11.683443543205366
10.437593970627454
6.092044436469162
9.034048653416251
3.8275417700432115
3.938851910105057
7.0460141068140825
5.344488344928963
2.1722351805768265
10.116215868062726
1.0762122770195204
11.487402347233171
7.470817880461297
5.604378842071705
5.7277093625507085
4.740215615176573
4.056685463582848
11.838988510724084
7.169479994306369
7.629698617343906
7.012257021187223
8.843505271201039
2.1630481252323444
5.872364336756957
1.4917737801255917
8.164386014252187
9.635853410728373
6.327912810345939
22.10660306454489
8.19985681872029
5.627163494873023
7.462496817598502
7.133430307003771
5.593321518415231
4.632292982887043
7.653051575978973
5.179179110798438
1.8964356153121198
8.251396957114563
6.713740850301261
7.539432941642408
7.6856596077501225
6.318015256244554
5.249301578078037
8.600019920464618
8.585853976321156
1.8484392814944082
4.85329580017672
6.68402624959085
1.055694832838592
5.108527659451138
10.315095480419075
2.5305865361768083
10.504158605472574
7.368272506100477
5.78756471437393
3.104428086793444
8.092029511674527
0.8887005419794731
7.967637864197484
5.9789446968100295
0.9470955365217887
3.0237161017542995
5.65536075141207
5.575236903447842
5.885070531520635
5.316978673219764
1.5087685482979387
7.689083423129157
8.425853442482572
12.09026602426935
10.051763255145586
5.326976431037029
6.953452093310296
9.712313991300377
6.473292601227921
5.807932157492678
3.830243401399438
18.71028484955944
6.8896486772107455
5.786001247226908
2.6252274506853017
8.659138514583999
3.517956488148528
3.8318269671778515
6.553200134753241
8.890846190922984
6.705268192363858
2.236632778079159
4.20985408133463
4.320644500955415
8.64812957994885
7.851730610107669
4.143203394331365
0.36470540748404384
6.850063197432334
8.015820048831484
3.34283791083733
0.4514615382750142
3.2754639261185052
1.7660528159635676
5.998290599474758
3.105225379127926
6.194961402989046
6.453844580893206
4.56945345149546
7.757293570162448
7.4361138667832165
12.18616258498577
3.1355094310567306
7.2982656669669215
8.188096991504105
0.6672974416257
6.060452822382388
3.3630652783330035
1.9908976479482356
6.7821428125553425
5.7822998444191445
4.277393329246734
3.651846080447819
2.8635507517993593
4.1202483245746
6.543943291261244
8.3736841149938
3.1698766741761237
3.825359237226159
1.3233590482296822
6.492226284802613
11.309169726016146
4.746850719986501
4.286863679654112
7.295432770514867
3.7698687100840074
7.929714105716988
3.078893168375179
8.860331631048512
8.487100362687528
4.900421320557818
7.314936178132214
5.301175701707366
6.128744685036199
2.421770464036124
1.4376327946981249
4.562240928042471
3.7425041151544978
5.980977198195022
7.737603520643116
3.911720515318913
5.815960847505876
9.871583969959064
0.9736483798057417
6.671015074450445
3.3881221696072066
4.196221617959273
5.730452427669481
2.2917732143724865
2.0965035777917604
5.426803346625452
8.08478661432262
9.320628150709545
3.088281616626486
8.295886087040822
7.0199765909769045
7.112504123976955
2.212886122921079
2.6204495330239177
6.071704803869918
7.92645001440885
5.414516264264349
2.9442315558258625
4.970908456929185
4.3276360755827215
3.7402993871510968
6.191122622118898
0.7170276251198611
4.356137426416873
5.799093009625605
6.969881464159989
7.732109809197577
3.8286036959140666
3.82010381306402
6.247886517190127
2.8643268197842873
6.164101607775996
1.563767269024225
4.405632261939428
3.751715484894734
7.193037416755627
3.398687930331181
6.999215827926157
3.6267154683370255
7.469329496713804
2.920596935617094
4.456558174199467
5.617402397709922
4.284572543088004
4.299903938429451
4.403989854155026
6.066686879858276
7.2535118282230755
6.6665143212829365
6.792679507949764
3.980682748895237
4.413312876020724
8.313268584381664
3.179488318618421
4.410898194757272
4.859868791671405
1.9906671270171539
2.488953219764497
6.1844382027774785
0.6525336058367995
2.7522331662444217
7.08915581389233
2.213158201186134
5.399687077434684
5.18520681101611
7.6279741632758995
2.8870819176563014
3.737575937961155
2.5072135948993526
3.8224747129315437
4.909057069930225
3.9731192673602433
6.945814118362474
5.000946981827569
2.7464702447783553
3.8019999083762444
8.074690749514378
4.6806414253387905
2.8769392843650614
3.579416024682724
5.8171734936463935
8.992524872789618
7.007611392237738
8.395442093247429
10.456040963352887
6.999355968919823
1.2906226297881678
1.9747655316230064
5.457513568102456
5.139259041584879
4.970648941466902
2.8937516435061235
4.094675637129951
3.615222854958693
7.034910453118134
4.5925425134170155
4.488255034547919
4.988048801956313
3.334804058394227
6.611945999557982
6.861706613505639
10.433472832026174
5.833983847949568
7.088697351967116
6.613348816195636
2.1912852586923446
4.0666303519061895
1.621692809403694
6.003295390257829
2.7025675605499626
4.209514802584514
7.796017253938272
3.9379306696808976
5.906210156319264
7.3898541127048505
7.688653555694197
5.078756361534509
3.0526775044088676
2.9077247458142526
3.0916858027436747
3.8355261544435706
7.538547019753462
2.684574695158086
2.9788521776930073
7.43953741663512
7.668072004949792
4.3942535628744785
3.340572861050824
10.292009776987479
3.098063145587585
2.898448435999516
4.530826661585103
4.68785638255622
5.666531948373914
6.40707697318051
6.902937971024663
5.346891195066593
8.38906803904851
5.409222267988271
5.234699422890554
7.104991160955281
3.3472623706230373
2.9212581231806545
2.628123515002316
2.223511054556506
3.9401766352735814
3.8330268521312196
4.047912091750498
3.909238476255513
7.157468832836889
2.664997955236722
5.073105495010544
7.109207949679425
6.025122463104983
6.946767746048711
6.6653233541707095
3.8028087238682127
5.942198240195488
3.9729158802853135
1.99182230205938
5.683684038821972
5.719554166973731
1.6649665591398786
7.648093928791621
7.757278100752802
1.9215852017597466
5.293292904514919
5.111838015130834
1.2944732587073549
6.518539720335962
4.018089706839918
3.662106671222767
5.5848408063194235
4.281891409653872
5.0844264954746174
4.381959209337751
12.846118971288224
1.1968706584181608
9.174443401326439
0.9877488924767832
7.028889743410153
1.104043690178587
1.3224251745981122
5.82625428742637
2.5980297738459677
1.6539556899978838
1.5222389324612113
5.372926754120944
4.925975408800961
6.610345502959056
3.099654253719967
8.055336303580548
1.2982667522125577
2.5432056172598925
0.6435462100989738
3.3927042017657163
6.376164278022709
1.1106662680816277
4.531975858880826
6.927551381347082
5.421930118291672
9.472794497397347
6.739656148362099
7.271708820636025
4.256278787390216
1.4970161725326523
2.298850470505351
4.590788130605661
1.550664141518341
4.108686856461105
3.5446920789640113
2.5071128311688464
6.137263254244667
6.036951326892887
10.446568406668838
4.3956824424838015
5.0354712807619935
2.5669144127195165
2.808827527205008
1.9135589638512216
1.7993400916435143
7.5598766713315175
1.8891356779989505
7.977916438833816
7.275839001202821
11.40440950553584
215.554
55.25950029360453
47.845078423083734
29.03941012028979
12.44384345025241
34.33724799226751
61.0283297397069
100.94039864637242
73.5815203706724
53.71835160033536
221.84908112354273
246.18417017258696
443.46733983837356
159.43447898157788
80.01801659767438
172.48454305585258
58.36691164225319
101.92724782717737
348.2224667950212
167.12538891928608
80.76169812455156
218.14528777661678
156.14639952263425
172.07026411843768
149.77993842525976
227.72833698175037
123.35775586822677
30.542982833342307
256.18920635750214
144.64281169860195
89.94166128289623
277.8976248783182
113.8927403146442
130.18714659570725
131.266477370503
179.45048224741228
480.49449713576803
221.302303825042
146.07782585515096
97.83256407412793
96.29595367193632
179.28263277439225
484.48416729290943
458.15358182122316
58.580862277421694
206.17206397342733
202.89580458752167
166.83584581487608
291.73987936008183
102.83571337860631
361.8046670919125
238.66387986926694
245.7233185529447
198.73892124788668
185.4534672461702
370.7577261378726
34.8662362498023
65.11960247121795
140.82686524948
114.9349984330983
243.914056397516
404.4810422297218
143.0179902383125
354.64527359568285
233.8139140470745
167.79381133054017
165.73945974485284
338.43582444521326
267.3734039815131
100.72783777786718
91.1197679714297
59.587394648326644
85.14206923506248
66.80426846865294
146.29761757575162
61.83537668024087
195.94252470548625
106.5365811881881
127.61382212337668
161.02185090048883
131.15704775014376
46.430953369237514
87.56476387048886
88.79188575459288
21.56021610455513
84.8476428091121
192.73689972884392
175.75010187217165
169.75634196138
22.601299034367635
160.32196409558634
91.59809666053552
69.97428042731335
63.13092798829803
25.281205906134172
107.03980258604788
46.588743271277586
61.839208199412354
187.02025280603644
58.54167962175688
178.36049683225258
18.99268115633379
223.78756933112422
193.25916335589338
133.40737911611296
85.7963567009884
186.52216805403268
97.29681631287204
67.76229723764102
70.96483683484647
26.48754416316083
105.09763535542098
39.32537748407871
101.64682011069004
65.36347282058279
64.2798695486821
62.792721029174096
94.7436264592485
12.62648115015483
77.57655566310487
65.57677174851344
36.65626143115791
25.631970758276825
38.071733570545746
130.45037559204997
52.72867998658522
115.42214779640469
43.382148357036904
36.42705088112197
75.76646857708123
66.55805742264108
47.39402634294887
62.58087463690979
88.3944319482471
96.08601580786451
123.05867682814075
37.954551555415094
28.0702762247586
60.73698625734563
92.341535917979
30.692179680890856
108.7732871096584
69.00384399095694
50.09349083052827
26.339161860772702
112.18365389627498
66.8380528958391
30.917758323700145
83.54217955352607
32.59520786287052
61.199873922773556
22.715097903607642
17.16967954621031
36.38226065875238
71.43420957478786
60.511719215230016
56.44012007511757
62.20621938096785
76.3796854173498
6.587483847481624
78.59490072036103
25.93782612063989
48.962880738974164
69.82045581792434
41.53463568554296
35.78423517965214
70.8695064690692
92.47267553717953
49.21315123113342
79.82455256557623
38.08745918057171
30.03013280487995
40.817210714346174
15.262220806233891
36.00514180162907
18.585176007126382
24.98266512672176
53.120620098402604
21.055000016474317
18.95638693984193
83.76863462576831
47.68345344912911
9.843355279303758
21.136822777543795
33.09041898592317
61.86228935658934
21.113238356553982
33.376969490614336
16.568183633158675
24.081764030074652
24.340832106597354
65.94021208623855
38.50057278503633
53.01176989438165
47.03373046366341
24.754986715033215
32.080099471245234
20.07677893643031
45.72527138459938
20.04286189797081
85.16433131887952
62.574109201724674
22.275280650440262
54.203121850664644
36.07981324513216
10.517699608098916
29.549962367667067
19.327324370309878
27.12373044037556
39.13597829864297
20.016922691667943
28.496358269932177
20.564487579674704
17.596917663986453
15.41686745419495
63.08460717572583
27.57933801444389
21.029509674340165
18.326226967096808
64.0956362831993
26.764088931809393
8.26267575271654
41.52655815968954
19.72575675507601
46.010981124557375
17.370021725561138
20.672412663332857
53.46445588861208
9.98053032108846
35.85522998573769
8.709999760196615
19.978484235371525
44.522107554128304
20.54567606317954
21.6784395461418
29.311212917445786
49.96824763661407
1.1860357657071425
21.524482352813223
18.11849743823102
16.12117373731683
32.649705045138234
32.545135671056194
6.7302953474490455
19.46643917011652
16.79886925532416
53.489271222331126
32.301069895527114
26.143368242516104
40.90726051377023
12.586168903809195
27.99334412116791
60.338644590004925
46.73832159069565
16.826870633701272
12.273304500485862
7.741880299738509
21.460916495859728
12.154933065199154
25.438790714101795
44.71850157418782
31.620878053851232
37.053981983460396
28.1276209503741
21.53974909403789
11.084248630687622
46.271420216006696
18.873878599741918
23.615803105894194
22.75852389068043
32.61615946968717
43.801898122180496
12.70016869646594
74.37497135664101
27.549324398242593
37.96307386504366
20.861523134117387
21.838270080693373
13.70136202287649
35.67037763262841
32.26706384382213
16.400259005078883
26.313543516017333
39.52380267233973
29.876170765597713
15.454145413218692
21.514343683086654
34.736513165022906
25.256473197182117
12.845455721108209
41.62019041171255
21.829690809078862
17.903727188034935
28.488703377398586
32.37932773624264
28.442652119028974
35.966686088220186
10.583887769468879
12.076756968771464
8.68643763636331
20.44918467883101
19.31654989068161
24.54208179866153
25.299084550398458
26.955147043824642
11.758049743198947
47.53588238973426
16.406290199970904
15.850022926612322
58.32456078030131
12.05534650067175
39.216139861343926
21.59575959000661
52.50711342478421
7.413190142293166
11.298313349115382
27.51971337680557
12.523338186350042
10.188063640852395
26.150934685572867
20.007012971170457
48.05319492651624
33.6642694684505
16.318452657470246
45.60685931654948
11.872268038816095
50.099693430900444
38.58985157139194
45.45409022655617
64.9019461425174
38.02586325651408
37.42319136736402
20.512570863858684
13.21337145412889
15.778539463781032
25.254102596442348
62.70002119284721
16.45404109687861
23.15334285180608
29.828875640168
26.00731621136347
22.276365772815417
10.673590316203146
19.053662083797466
12.84110831321856
15.579981687881196
15.76168988307742
38.49649475583442
6.711140888165918
14.293008496929202
33.40497058700397
16.36753999241037
15.115048450358886
16.27148176157958
46.46128656030092
7.552289590521934
18.091856693694144
13.602539512817089
36.97725005675384
20.199422353356027
23.656741072828407
9.18406770362035
3.0764887939861425
29.81750683322409
15.640092039528986
3.464933941221872
7.556927192994675
25.265424122263983
10.041227938358858
22.92129239527977
20.591615110052718
24.706464449253225
17.02461556777257
10.055893800982115
19.631927323563115
12.232140431793331
18.830396568847675
3.9452141318819334
30.4738303017876
8.944059658944408
11.71737418303585
23.864839518997563
2.290811418035595
25.576342678508354
37.22446559855184
7.724584565155758
10.636749040184796
15.068855647769588
37.63062664301193
29.880621283482462
17.86508935676041
13.127119625542933
5.768143776083821
17.317637005279202
22.294891570560445
20.159102500759037
14.311690398267181
25.205837862621536
13.848155376255406
19.228537991178325
12.91191232857991
20.91121659993851
1.88252966200995
17.459445096308226
21.190129388236127
44.47065221179641
42.05433224794487
12.754450219395425
23.92060413846759
34.343067668894264
14.290071664277871
25.424353526318157
13.017081346274617
13.305278297002374
20.354869994878527
9.470661543720226
3.759043000512483
5.839032361592471
39.73925022831751
14.457853982717387
6.708751725654748
20.19413713101197
9.266413643130283
22.92228812959118
2.4269875314397753
15.959598139496444
19.773747787143922
25.535309253498994
25.27929121679403
41.10555891483225
35.347103840664786
6.065298627119791
10.22675527553374
2.5570713154601266
28.01761259786102
7.396471770193596
13.502307817226114
20.69317596219829
25.137651499759723
20.84430843752644
8.030206693279249
13.918934359160358
4.822826441691937
20.055944949962555
19.98985187567264
39.921256009814215
25.68329855472522
7.270213068946934
34.495599487447286
18.50690742161911
11.518266173671002
11.73666485202594
40.92399697060179
29.002710036055788
26.699404481771168
25.883051528215844
13.559106600270658
24.7518617394727
22.948401219975104
23.749683839560912
5.481150349308655
5.916833336327199
27.422696840534993
10.991220263379981
5.533473885414426
17.0567041971779
11.392634991796776
29.914268168251258
7.727078454643095
10.316595796041659
20.080637191875958
8.905436110733001
22.119491500968966
40.98900633559061
34.22651033563799
7.470594079107363
13.119575473021081
21.458434289065494
11.951292176699598
8.95326511691883
11.543427836086023
14.2741649097923
28.505131399879275
11.293712332969813
16.8369916508484
4.521607610722241
16.328697867106442
11.589206826485766
12.221356518864582
8.498431569973969
9.832195015913856
8.10283589386584
12.924175191009498
11.2178405504408
7.960624831419665
17.751565817099134
19.849546670143557
12.978860937013454
25.308780815701727
10.302309963767014
31.646612512861445
4.368724537319918
29.279948783118723
7.4977137125518745
17.90148233173253
12.283852882630697
28.63643887785122
21.956986443445203
20.284104513433878
13.16569054162502
14.092538407149046
23.25881887005635
8.156543836984545
13.35808296749119
8.358655050019275
15.153777634602726
3.3082150241542747
18.662136791789237
7.669223543897201
7.429589093396468
21.576390763169655
6.828339173636186
12.12290706907053
8.765419425023715
6.127383844268538
18.48588818621698
10.936768435546293
8.934791445974005
22.10265127675394
12.859101201579666
19.72829169235506
11.142007130885986
33.020179900535524
10.322778925408633
9.130617460044892
21.476221308433594
28.2985359984967
11.88275568685236
15.436268713976212
33.66793763317142
1.7791366748281467
7.066652511267485
14.715598955690462
13.00700495282161
5.080017485561639
4.089668608530924
12.82383973648726
14.727923938258291
9.323084773068903
10.184188815224001
13.24511444816503
17.249413005144852
9.667553663666022
17.74205072746411
7.578550073494908
13.938365961067573
13.783858214681562
8.759546322287154
27.270300953839193
21.583073471395053
15.871957631820827
10.950601815818176
14.003919507493256
4.121369919684562
22.92500373056061
42.60937673506623
11.077966842373312
1.7938862134842943
11.558546164034269
19.70524748338411
16.285049515182415
15.64259515200384
9.382209037292888
22.22869585761948
32.23723019339218
11.630275913464688
17.6043376347556
14.247380780276368
5.589050046441297
19.264378284887385
17.437007313552137
10.09414383081333
7.50341362429922
3.860334306599386
23.304340377430712
12.888683683677
15.111927053658103
3.8943910430845547
10.519614413818362
13.778839688975076
0.45488603788633003
4.583562644613034
13.036540954634178
20.660282689427426
12.823977358375547
8.93837286495071
14.526920466255742
20.483720348264708
12.92185389176335
11.910759890647414
32.59801425812757
13.347723961832381
7.238936710158461
25.081083520690658
16.56362088162738
6.863966457307739
9.482138331565373
13.238811023226658
5.456913184093917
11.20650485585793
9.103628425668251
18.882435259531828
14.519512195183871
21.359385975986505
17.384265280195077
12.4193374029312
7.678709277165944
14.556534264745192
3.7584173160471996
9.143299356096122
16.06518836562536
21.107441171970592
20.445444952167453
16.63397135369136
8.879613295595885
17.272521762428237
7.2554547097005795
10.12328399036654
4.119575657532079
11.232848195798551
11.433743637292205
10.923673816549888
12.654712837330106
24.193587149487254
6.880066607394713
4.508899799432165
3.241630892951528
19.644597047779182
2.8985086280204597
11.28711531351472
13.756107811895616
9.691161530901477
8.016983288784791
14.859969216300373
9.729428430793167
10.180024100032679
19.303979172393014
15.266513036239024
20.742244435270837
11.795516928020927
16.65991864439616
13.824238902047696
6.938155895088255
10.286960656091122
5.136470518150765
6.285901804136668
7.770694536134225
11.977998226257252
20.711881463200868
8.527118430360943
10.677842755846568
9.322994498106619
6.3929655406700565
6.783921876712162
7.155733730509354
9.065872857941171
17.248069059535396
12.061766681801608
8.43882700812939
6.870508576115237
5.473896604582645
3.1761959864589886
4.21598044761937
11.506068120958476
14.410400423331287
17.29111884086317
5.90504291618421
7.106811463153069
13.846514066064898
6.875585508192649
6.392096304476916
5.490016807503955
3.0035249031933033
4.172824545023667
0.616483357502744
3.7616385094113753
15.808680380505951
4.139632171273954
3.6526182095727484
7.2958145407244865
5.95832734001976
8.414107275983586
7.406096451491422
12.64916533821824
12.720295965188608
4.645866620988187
13.869587580659978
3.056042711990432
11.90353857738753
10.487472468226276
31.631044500489388
9.590523194478523
11.168801331134176
3.190376445322103
9.595536865240037
16.40694187503847
10.766604111214349
16.377700021291947
10.360048428762298
1.8867527631314625
1.1704309912071764
10.209942958338885
9.04917440550524
10.266830983678943
10.118773262328327
10.266118799326012
4.93842265108895
1.8113567954909864
6.614394647644551
17.07443756573484
19.619770312078963
7.532181055593327
13.702513909911415
8.723316151597684
2.0780709998614815
11.128880652359888
6.746761947087849
7.277675327156834
2.3336577845365043
9.029159082657932
10.206478500390231
12.535831344994884
13.070726813829902
22.453133321802472
17.888570500817572
7.200427792935459
12.082306145879192
5.8312975227901065
2.6954203103531547
1.6535631595911133
14.25477803180329
16.667473886461426
3.3058264696534203
15.48508396169392
2.970468680344584
7.941504652312464
2.801664729426448
10.363036272669113
13.432513059450555
9.918187891923079
9.151719688870688
6.808199923836454
10.184173319222031
14.269905060237976
13.86632788277938
8.396044904044361
15.7512238001462
6.360778204614939
8.046982108973403
6.524481746437347
9.609722840738712
4.253038275708126
11.920796345692755
4.441144741899158
5.670330614119408
6.235900996598078
2.921769276707645
12.539156024361654
6.689533121186474
13.716770835400052
6.864470886447262
10.500019547749156
7.096501634153894
8.263072358295995
16.11800898980326
8.462276476852502
4.147924858520999
4.0891887104098465
5.101701574605205
13.70250025335066
0.8137604791576624
14.878173287361593
17.49264029899127
7.546241893138695
8.562694098420744
7.608283546824265
8.020909427113976
1.5235736536475477
5.971956946882174
4.481140189876128
4.310200549661907
4.378577129116756
16.75123446476437
8.033618854597625
14.080429968443221
3.6446740838651026
13.065903387857723
13.182490011647804
8.201192933183604
11.750998294306202
12.90836883093868
6.253536368172379
6.285523021575937
8.77613213621435
4.1442321131835875
5.3757590676470794
7.551056413622831
9.433930060855733
7.458071240837791
11.460608397931365
3.050354270509379
7.696547116587985
4.871460066140786
3.28053794294865
14.133653158723643
8.37291325354866
7.143492814531566
9.789897649886154
13.502689175704043
6.57354413827182
7.512062564679977
11.525653019969262
8.694860301344312
10.35403747248679
15.28146784221004
10.471612647448149
12.038003917213715
12.081564459643591
4.629883714000899
12.221656635760942
9.14983047669232
3.7506332091884667
6.612701947428959
2.883339932718771
3.856769380786997
10.197039829552548
7.311846483447379
6.251951837615928
10.630867914235889
6.946375531125906
9.901708115388647
9.43919057001457
9.51099184151619
2.6691529375015857
6.122058198560146
2.3151562580987006
11.175996993911555
11.46765828123393
8.035004687550469
7.595355575037421
12.513618623791801
1.495461744598912
3.186399643112861
9.183953786648635
0.4813726990643767
8.615443613817476
4.413590992873738
3.6149000999212118
5.291096281797344
6.480629814524845
7.866563999210171
7.931991833642862
3.5518250941411558
5.893769459265377
8.19247963446355
0.8799586586693592
5.147443327449063
5.046914982191469
8.726084835778593
9.466721975234897
3.8589489265033308
13.638158397707945
8.464692213535361
6.144754085127614
4.7129586853019525
9.490809684278048
10.686419759700918
1.3908790455442708
9.550953233996719
0.7938868863334126
6.169146562796487
5.405686341989204
8.001417632063246
10.807877754516323
2.286267925568986
8.532311479375789
5.9476227129829216
3.7102408997277316
8.031877913722608
2.609291633909758
7.725735451665799
9.424666824177336
3.696928669853346
4.898875345530065
6.059202494449823
5.688288094466259
3.852357813037146
2.4477706264872006
2.338886092773205
0.2221278297198964
13.0576911396864
9.93741300521593
7.1334642052897195
0.8224814809524232
9.823094444040244
15.05655161193671
4.016077008644427
4.127426067684549
8.141420873982296
0.8749073751834365
7.728560450551567
13.281697221875358
1.5100425946234222
11.599836799789179
10.856962256432189
6.456195950905396
14.57641776152328
8.023720016126116
14.576423584633595
10.791107737023644
7.6780337140694295
1.4008244780588024
1.4187857279595808
19.13261122850012
0.6833328956788423
9.444236015025893
8.753322112501444
7.890545052236292
8.237356856867176
3.2661152511724905
6.915853710514489
10.89668619425172
11.815807890868333
8.030815620225553
9.217027363529096
5.3230139643433185
2.529080059687853
18.034522889654053
12.085815761902374
6.015102230260001
4.099257509608374
11.522939373360037
11.668710381426239
10.523249617199275
6.225309332025022
3.1938440643539723
14.980287761226306
8.818568342671083
7.466127467932276
12.92349984446483
4.89554759156207
5.3208868482439735
10.8323511210819
2.4120996675021984
14.253203178578458
2.856414288391975
9.362349008228858
5.25068613644209
4.738193163402395
2.6201654094460385
5.1992957065360805
2.600674366522421
4.98390144359458
9.538775713579108
6.395529287032055
3.3745634876813044
3.8736447757532226
5.488315491903528
5.942815187444104
4.199855819055346
10.543258369874238
4.178784575137315
8.394654643237939
2.2975379470128536
5.800100815954766
3.063184337365228
5.002562553467892
7.416852801736158
6.402241108611831
7.424377260291644
8.632655175716629
3.1350548157184095
12.065182385593001
5.939127427741195
6.782618036176369
5.276824646146348
6.73877614428671
20.817925938240354
18.463700559627817
4.264007352817935
5.17846142612707
3.088573583117242
3.9563179713461976
3.4489796922535327
4.28240545161982
8.880476525279303
2.8776611042035434
6.510464091520352
2.6998159393623467
6.134385051053662
