80.174
65.98165778996915
44.722777283381824
59.513625886822936
241.20831538441922
223.5276820897191
53.502821026162444
215.87959936006808
113.27674418831194
57.94665324510143
165.37719065370044
272.55916728910984
29.52340208450363
58.21958297562772
125.82629463057677
205.4508021214018
94.69669255865709
204.4871889527735
44.737938611130296
106.19162206701806
210.210303089089
52.339403942384045
137.5649007881882
127.20454030538902
62.715245246097275
44.32815574427694
119.63217713716469
142.71462382775758
115.65889983432623
220.12736526973842
177.61547234159983
247.9179320574999
78.43888639507735
122.94818544206268
37.79431855147911
68.34890543893967
320.9328919344833
222.3835243059046
258.2021765376437
220.9652693969147
234.2993785999997
28.987755366339062
82.18127656411747
127.30809957518672
47.902533373351915
103.01544013312757
74.21101800846938
222.16650458076896
176.00377693981255
91.18342733894175
167.29886707637817
198.7371200879717
224.21823547786045
162.17698519305648
286.4852597241389
87.41565833941303
156.01815626891084
56.664516462070495
120.94157976362568
114.76021989051891
35.92053696122532
47.167043657114284
347.5689881927054
184.11403948397842
198.99909748722578
59.96808471424853
40.05903339017207
41.62859698963925
91.7179650557523
26.245236523570295
249.6304867684406
263.31678418077166
189.92931067387386
211.28845362681474
287.7634338057406
175.65727119507227
72.04765664772768
134.6039057174182
137.10798342357955
51.884559384696665
54.171717822198794
23.082391895334528
178.663277985258
170.73257910189267
83.56594215368848
57.656882947957975
63.251781292136414
104.55713261733835
56.75747049747599
61.71285286076706
94.81458954173942
78.95321410669351
54.40972955902537
109.57343154576425
100.20043490653725
81.64665643036123
109.26726313522457
19.89428537047824
33.46441322303118
78.82009264079159
138.51820657254865
158.68637767374284
61.42399133736981
85.87509540951072
29.455712155272828
104.69626674195419
61.347913082965114
68.97935316448891
111.67274413196793
124.4406080115495
27.10103817146711
51.692526358695446
28.824472970136277
103.67413782793763
41.6167584706218
64.24718697178646
116.68465141640978
43.01737456181796
103.56601721039719
33.2370869593777
65.17595239989322
47.17730493875603
19.0539188451185
28.236924512047977
42.068122586668835
133.4899966269201
20.17127287879814
46.38809185345751
23.618509390450146
71.8043078593494
49.28530800751753
94.7084594320783
31.16030888058856
19.662979367947326
92.0790489989855
35.50151933555066
17.556003338916806
19.295129761181453
24.336836609757203
39.89252205948982
18.374435948354012
34.498949108187844
35.391364893736664
45.84901655176445
31.530585063619114
24.83826253895441
49.44777492796063
70.3534422292251
56.10006503007495
44.4423447565466
22.36337410297863
9.001749073915668
34.44782699224301
59.56345616573067
29.246913948486807
29.76678794773275
24.04768025502865
19.398222896646235
15.898523122441802
20.321328896580503
13.471615492313736
35.891958189800825
34.300255952759066
55.426893581001615
40.649359214214314
24.078724231463713
10.86209152440784
31.224756251618047
73.47099874738925
19.14549934289233
30.571847507630434
21.020676464936127
28.18594273947311
30.223245679632885
25.84641778785266
23.44733015269882
33.44892121627205
48.480461725351795
29.97896225413649
25.67643745515245
23.760938647351654
34.12862937589397
14.647736691454826
46.34941826287608
20.288125453789156
7.523163642393577
50.895248836327774
14.748603815839095
33.41669548802855
66.974472652037
15.45649004991845
61.65747678492254
26.344545120325538
55.08304233701668
42.09364476779326
56.08090627487343
23.673576839369076
30.907630920464914
22.954608610138827
26.596345346308787
40.78459154129212
13.599723387327446
37.29313180743687
41.69492430087184
26.11246549428402
66.18715644325931
19.11961175631681
8.03728083369467
30.65503233010615
8.201085352969972
15.267477718121999
1.3087632467187043
16.492437464172507
0.02564421570922881
31.984347944886142
19.244392562911692
8.623634808262851
20.824925293610104
19.9332105780995
9.257747029619622
15.836994176368766
12.56766261728066
11.074023415636908
23.031952504079893
10.808026863008077
39.030917874279716
34.66917046366849
9.881378602117092
30.967682997170613
27.919389175513082
17.372011071393395
7.611456209769457
14.37073460949067
8.493329562396262
18.25537557060218
38.94244007866914
10.42740189636733
4.537876814905312
34.49724388564592
11.108762684523327
24.245748217264353
4.809945343860651
8.152244156145013
10.883077076989935
26.046878093626905
25.77327574256215
43.841820115055484
19.33795528785897
15.491916487232528
17.842073398025494
37.25296926023833
16.580570114315826
7.240264364311968
27.908085640038077
4.644537630341852
17.716248051208133
15.06027562834443
27.88156474618544
18.269492254106787
25.89249365734304
15.860422133985649
11.277422696759139
30.266935674426243
22.93030130339008
34.573157236665
18.76590651076403
15.419399815424512
20.79145363677917
9.387048688761721
42.665449301137635
25.352544357964547
37.65595431329993
10.591213472143137
24.18929762952342
9.72391180742038
15.808776272477097
13.383560217237816
16.514406722274746
15.75646157368179
8.811582229326486
17.754833567690696
8.791498759697149
16.78717949932699
19.64618004536386
17.8007396580747
21.180071440536665
18.61361190634288
8.92606478993839
15.28950624784138
4.0544576671124455
36.257788912670215
13.671206091956106
13.666450156898883
21.17541681374508
31.482101507510702
18.139753410665815
9.843392139068627
17.827247955957407
5.942827571611033
18.36566144851774
14.514333146739544
11.799719560603473
27.467067194622054
19.624327822129242
20.795224694929747
10.990461977176878
10.998882983567999
19.023813499602053
24.6441118732141
16.706174634974076
19.050297163035093
12.069171420987745
6.9671233712441065
17.05644432411264
8.243353621975755
6.4606675770509305
13.899775463746028
10.929425260841313
21.03697905327285
13.90410649433671
8.390558648211591
15.205980409256208
13.631458528063584
24.059310955703467
29.007114263974376
9.32532205200295
25.39967559636154
35.0487307063429
17.216257991083808
10.666420168015712
2.873160692033108
14.162422364444032
13.504374249289983
31.515783668122584
1.5531047259943183
10.141129807195306
26.44332523349088
17.01854207850836
17.01244201954022
26.37680148382911
12.920264297497738
26.45257011421624
17.11396484277959
3.7654723045223664
12.041666444263718
12.333211312355209
23.819117665957037
34.94272199375848
17.710685758484235
17.02944850503576
5.159277094478745
18.365530454346747
16.778247727348017
2.525828315516663
16.079877454431408
9.453236512394461
16.444347498259507
15.407079802021878
4.153454914781368
12.624694107725158
5.9482579931956465
10.684227115769373
5.975445668675309
13.68934036365158
12.724660034415116
12.323685116974506
28.444279276235758
8.638904384267002
12.604558261786773
13.369977426234675
23.655319895611353
14.549450983551727
21.971851730651604
13.845368364875105
25.492903599795838
7.990767956071563
14.709234461145181
2.5927545888325647
7.869692836980893
14.09823744211588
8.599516457933651
4.608202432529815
8.133673670932492
7.892007988504383
16.914013065957487
18.828921205505583
18.069060131944582
31.79507731270466
19.713431153756495
30.8216203519815
14.486599459486426
8.575409950440518
22.094660120547957
16.214868723592406
16.3672146980287
3.1665916212783483
6.434290079047806
7.321535929196962
10.464938300008201
3.5897581827604035
17.025187175544485
1.8749376807378375
3.7237843832794524
12.753458238771374
6.091177580692349
3.8487581534465707
13.233385896706647
15.22936900313635
2.611521056120425
2.838472277216783
7.365083780936792
15.6680844940496
12.690248350240037
6.638303546272889
8.663178887746438
5.181951920129601
6.626928960882882
9.102163406347346
11.896283658158385
6.081802245870988
7.507081415638371
16.182711279580303
7.102724116598231
12.091486606540188
6.827147145680497
19.136154572483733
15.041964890297827
22.69744771450494
2.162043925453389
17.133989201084177
6.7433092753170065
14.279197751001737
9.86626476093794
8.70659790086265
13.21007792024968
3.659432536780095
8.076715230385272
2.688957715066345
26.28668358374378
19.402973787812567
5.792671850046341
2.312787695556108
9.27985486755495
17.05475239678519
17.6875871323116
20.6252873211537
7.393262006553411
11.16385797075904
9.95986719583632
14.333659582363378
21.572743806031802
6.7718003097692785
6.544739283294614
15.606508893467577
20.22394912576124
6.359181556224913
3.718654507201556
8.577794596869877
18.826114525414496
19.75444718817404
17.57413273359152
0.8609561338646928
7.655075662848058
10.710832018636056
13.893790804561904
19.94071559093204
5.84793415449409
11.108933194972108
5.976101235600625
9.182847414790773
9.268933102746807
23.867523009188396
22.192522568105375
15.461837988119004
9.507525420152993
15.447929757641544
7.0435562767400794
5.8736496855013955
3.1893603578455325
2.321167216948893
10.001970871341783
8.644761116471127
8.84146681740959
6.598278133751733
8.950815573211697
13.605694762954862
2.9543523722821865
9.08021746340777
7.542925342151483
6.160731884826811
4.153243841007463
10.407790657037541
6.053914865491637
2.5673061149564234
10.852132361036865
8.883971758645316
6.742577768457557
8.478492822568748
4.159636903769805
2.3578389446798944
10.549606979439563
10.939151280065335
14.779935431445073
15.907015590414371
2.644923882289345
10.672471716434089
8.050017370313755
12.409289122006596
9.932722709291314
13.702287392333698
9.129735230842742
5.951906998795235
4.649698364595202
4.5246352113835595
13.666337767775346
3.759684444027019
9.237582517369159
3.159084005527644
4.668840393071434
8.283790369661814
2.9016001366072937
7.66364917735724
8.632156986092388
7.323380492037273
3.787235876679323
8.818286785341765
10.8373491730601
8.147014937546391
5.134412701050299
2.4607849330990472
12.610461548411239
16.76258156222994
17.688489579808397
7.058773316057648
12.068808210482159
1.8913349831394257
15.09313634491747
14.503300199107155
16.057991679869062
6.109398854215928
8.379203967648928
9.05605075585306
12.987042580711684
6.100301874065642
2.907291205135867
4.053577671477502
6.281259822312771
5.627172882528858
11.774427737170729
8.198755370549124
14.68732312716341
19.999149435271445
3.667164471755853
13.387077979095142
16.458430560028997
15.89898933997021
16.86652922438906
5.336870682669826
14.070951362894842
13.673685192768323
1.926982832765682
5.440534899773801
16.67344627954505
2.8077726426400367
18.335107962428083
9.665328090611125
9.888795848775123
5.577665325568873
11.416228389920033
13.224621365324738
7.845303197082859
4.354387703027412
9.399221925860283
6.845735508734801
9.945133083022403
7.081495866198234
5.723049996838498
5.997369099384529
16.12378642749726
10.967893768093473
6.1464302827484465
9.776370724530103
10.066271504355788
7.492235514598578
8.790880410500368
6.164848111969963
9.140248959361427
10.90846093957282
5.521551340529271
7.109275399161161
1.512101461264917
3.0343818859408582
9.77324817946613
21.704712349317113
7.510438336349767
2.518059977786944
9.107387497144673
8.138228308137718
6.891657970569165
9.053564259358621
0.7432702695184298
5.4381550484200245
12.041626355030699
6.139232652134478
7.4712656912326585
7.911274749970533
1.7321207767854148
8.189006347078735
9.186905752251109
6.241698814163248
22.632588510504466
10.446623861584937
10.343858497214395
10.569967561187621
5.149847182715459
6.534274353053821
12.110763676043636
13.49123327202708
3.9193052981183136
4.798127476849582
6.980444171997208
3.22174271330213
3.5836012841314204
9.864664658259311
3.677273012742782
0.9989137297531672
5.026873213540713
1.536401929294352
11.606067849469515
1.995496360250745
8.953201788723536
11.460748139490285
6.39304724332141
2.3901190354416277
11.93125242067757
6.739476880616677
8.001908039589107
3.406545796610501
7.844675383788331
16.809552597163893
1.3354514613327053
5.430507930826317
5.891692605741656
5.188450134800705
4.420825269649626
17.42612273698924
6.519820748610209
5.333279327476014
6.350636867094841
2.0267459635553307
8.163166940230006
1.100630198917432
6.649394665415012
8.954578568667584
4.608626752573821
10.41116439765274
3.9553822461283348
2.707181858674895
6.599367275942047
7.7847350554981585
2.2126941353090657
5.2112807102441066
10.160490525434803
6.0688722038558875
2.8621366858150723
8.439282017355293
6.954071522119174
6.852175881116734
8.68579751475786
3.7786527181706293
6.2440028806538646
10.487219780514051
4.577081619851081
12.85854980887841
9.946418262560742
5.444534338382539
3.235930268898336
4.024291816414414
2.8598534290795246
8.353416303131763
5.5449345649129
3.0778484242763597
2.631370814123179
10.238546967077966
3.655921554546838
6.6633712148749655
3.5011027302107998
12.791861729116176
7.798174864486127
6.82770511103615
4.278022845686334
8.693966388257273
4.199223923514455
6.332245401113901
17.173179794784442
2.822029140901164
2.0298596459794123
1.0476675107312199
8.741085351861708
13.163552835450457
14.852007917669374
3.0338333404473796
7.25338783304887
1.0527793136548795
11.743988932893135
4.559766084387452
6.998749720314783
6.16517208351347
2.415118011205713
4.3357673174947475
6.408369231518208
5.258382499801517
4.029464021969354
4.290057112787099
6.543687617336372
7.967879394185262
6.9043019261972844
3.0438895507320445
1.218251265047692
1.512530466894108
1.6448705073119725
7.734465495771228
14.174388922302633
6.4728643890747675
5.361019119734142
0.8893545162181654
3.020945029518677
10.102425054395576
8.612249448871074
5.037930308912976
9.126510847433465
8.101174360516918
1.6658277359634273
3.9799135859925334
8.503514491451565
4.737386948244622
10.500082292706974
14.139689137083126
8.826044008792046
3.268918874797043
1.5067556571898024
3.79189726089536
12.647263671550547
4.7103623333949525
5.023364668440565
4.486263721636496
2.789417484694691
6.329256641802746
3.8747989315207803
11.048833775932843
5.236988147647822
14.123273613641132
8.140306612993351
9.168293111218821
4.5445756783592595
1.9978416657264657
3.995595837980135
6.327553800501522
2.295920282262883
5.174819251018528
2.192111877219863
4.60081586142654
4.4023206797547685
6.282888096461923
4.202262881154578
6.830819479017068
8.787599441573924
7.652993433961608
6.458423603192557
5.202580418842913
11.856679470921524
9.834895775212855
4.6794980546025915
7.864407397105603
4.638319043340887
7.911884006784947
3.661729722375088
5.305089623032971
6.988117372497536
7.4333460037918275
2.197308283616169
3.491329715489182
9.12772047353917
8.291490305344405
1.808995260350031
7.270320868768503
0.8603203807796833
5.81273935167205
5.817659551170894
4.914500785859838
5.929224483625534
9.265859464894609
5.454057722535431
7.532979824295031
1.4070102717333155
6.573859833120384
6.258548562947804
11.27949702319534
3.224285971129976
12.126758202155848
11.115491178538894
7.513270434047374
7.417594335322616
7.9695168810702945
5.0967369908237785
1.6382183633258285
3.931682110410208
0.8598717703010547
1.6127163608981498
3.5535551071714475
11.558380842894636
3.7009554655103023
4.243910515472278
2.845683088061711
5.127743576520601
5.378340550025649
4.29544870602671
4.9679696213159055
7.023294607437058
6.207991173580682
4.255170024351524
5.304421539533353
5.925856978664272
3.4394922770365275
4.112776755611797
5.260140236829487
8.766118656426988
5.581126916265813
2.3538249117655705
3.426594989496808
5.931387707260029
3.768319196351018
2.506070819884097
6.140941233452317
1.5996656172134922
1.5755338779271366
5.753207270893572
3.741923122788045
5.835822520873911
4.91317782653903
2.8100581676468557
6.949564534963822
7.385301858821013
4.420038137417455
2.1387637190580784
4.429349140048164
3.184954090307127
4.068951568702593
3.9605466164783527
2.2546327596519746
6.873590240990042
3.4138948962872053
7.479883870387338
2.723341218007031
2.074239765909608
5.124784759322161
6.027335749595914
9.043571144715917
5.502019584814462
0.7374955450467607
6.224343968847558
1.007108631379411
8.806538795199884
4.65680828734691
6.948204166234537
1.5860315558262321
2.762303587446576
1.8738559403505952
2.2473314004707934
4.59920882969425
8.140275365719102
2.5057797020701083
3.250235265094427
4.584381002276617
0.22741249980232509
12.199068545930565
9.797693198168705
10.325516136537761
4.69151234683341
2.109613692630952
8.753910507254853
7.814900704229431
4.746127240705124
2.617676767849708
3.425794512077442
5.0793030509778925
10.415414368412263
10.478832923349403
5.48895700002387
2.939783027224693
8.08855872012251
1.5677427105792847
3.1514232235758377
6.138609708215074
0.7721410448742405
4.613736134738472
4.198183945285361
3.2836963255868614
3.4957775723962183
13.009467170769952
8.923087476726728
6.883962019931305
3.1539902719916757
7.900911644900417
2.8294949288314335
2.2714300180797253
3.737305372837597
8.182386089436706
0.5081722543574498
8.957012436764849
6.230189448276006
4.0695135884617
4.1963217118821845
5.761550231868368
0.9523149947788646
1.621784468906836
4.4675962819347514
8.661961529808005
7.675305418963404
1.230459512610427
5.135243513997295
5.314224843659316
1.1053903586100347
4.887881389717284
3.5461555037805024
4.005812137821655
3.4789380414946898
1.2663558454834645
7.2719462496827685
5.014119910542807
2.1385487333084323
6.500450995188115
3.4751376189241476
7.840471039832773
3.835600011969081
1.7573038802898067
3.1619926155141695
9.030913448532633
6.4959824279462595
1.470866698618366
8.571870980691942
3.376397503044027
4.991004725745955
3.3761966556400376
8.690196661133394
3.727453294742104
4.68393513855164
2.498452088043643
6.667156929083651
4.689319779977665
9.16863959894925
4.66723661254801
7.23347879673726
4.084197392406129
1.6899053483580666
5.04007445192931
9.700098721986997
4.689306671144653
7.894870893373664
3.8381541537044175
0.8779533732669669
4.099734525079368
3.6381861658766943
3.8002119420414293
2.6064675177015277
4.792903841561556
4.945797407696147
4.863869615045031
9.280090180109982
1.9240201622332576
4.6278240389116565
6.54698594334632
4.92569202744513
8.440708424803995
3.966176447193661
3.9469998102393635
0.8896751116140332
0.5410146135969198
7.78552984529871
5.346690561623008
2.7035842048816825
3.086983847833243
0.4282398171602346
5.80850581415426
6.684276035683118
1.822232498961616
3.5552021145256067
10.193712097090387
2.9759825917642346
2.330203853365244
0.38247391443940343
4.078060127473226
4.25926506501638
6.801725058808797
6.059338195033415
2.749147754643509
0.7189733792561692
4.857368909205745
1.2013272734599358
2.5985342337299118
297.36199999999997
62.79749738446234
27.158266998321068
45.24129165012808
66.16374535239662
47.49050806325062
63.7072984284253
133.37565615606198
108.42031441490734
78.6045414323962
168.73287529054863
206.285351983847
453.3189400884865
69.633898785405
167.92498630047393
298.173855649823
178.6253098613055
86.41664010674829
267.5896711977085
21.163328946071722
101.61401932379921
81.87105314398077
277.7334999355027
103.20506729939886
57.156971703115914
320.7851631391408
32.724888324037586
105.77861001191305
155.78565460864263
34.98792803118127
149.27581220891727
243.47812303666907
82.29754574600487
277.20463019650754
60.2200658831241
317.2793678584651
314.879720135215
104.89551910757145
228.21100491479206
226.987823541465
207.1741775107932
75.43856927348743
450.06941096778297
493.7787882057044
49.36191904804231
255.23246890156466
143.7375863423213
139.98220520031148
325.3403736910639
157.63685555143354
289.4497084898601
231.3673150738717
152.01295868042695
303.9761916268034
79.03561367750926
323.79466548706563
121.10534316356
92.20524475985908
194.15400853314245
159.46230226824866
174.1347972927919
319.58663485250213
197.73607898061422
328.14398046922287
89.97406423413277
273.8850328483259
184.57305103609113
344.04590737321934
226.89754211845323
172.19181555256705
27.81483490861228
86.8979310992357
95.41541484230547
81.87103184485193
153.82078023777544
92.79175041998049
208.228738793518
95.82493788461908
137.43813062995537
104.33580491234807
195.9790113503519
119.78982484302401
97.68496650043011
34.9545716527676
66.32272117370799
124.17478665210326
137.61165284445727
144.04318212894546
204.9832777530008
59.54563059821563
141.22934820465727
157.4728078843309
90.87450422403185
53.869849027583236
77.60121652566212
153.60012472889676
64.31855339526822
51.78662341054575
207.8194725817684
81.99943113153905
123.87282889246748
68.03759037805176
185.05528957137284
135.22080560694752
187.46872151659866
139.08020673516606
138.43390531519537
144.15622894704327
24.597640226492082
106.60074280788906
15.200672126543582
86.08380100211302
64.49500864909834
129.71370252240547
42.31347271545368
60.6929131884618
54.36282905062221
79.40218368035582
14.546431932978997
59.3456819293529
48.24663512289443
35.40063937768037
10.444438435806543
49.87784271822928
138.3561923240706
53.64445815534994
112.46391667326247
44.75718305242326
31.971583698331905
83.07880119940724
57.488095556123945
36.696168933583046
44.58746578750919
102.75243469827419
70.64584914352787
131.00869783913635
36.17013665775439
47.13551060159133
61.706364069290665
64.35866489884268
41.87743746122179
83.78977400288392
86.93018158768228
67.63771178360797
28.267765882772945
116.18122890266494
61.21979093219876
34.68148614668391
82.95214764574759
35.064960748583054
61.39703485589316
25.54976684132443
18.781533851378047
34.73318105964705
70.44860472525411
59.54619057294399
58.61789231213193
62.39728301951736
78.6199048052876
4.207619575334053
76.80943993943666
25.637376009388394
44.552093825137256
61.0834537042115
50.33566271484136
39.790277435468106
57.75371615588816
112.2686367151469
70.39796745809198
83.1465647087209
37.30872240246103
52.20565107109323
17.136456911038398
31.69787857163107
35.40391580372261
7.354870952667121
38.89235896962554
36.64484264039527
36.26617145321139
24.217374388354045
93.90690741914722
53.69126053667393
6.015691195448994
20.532782963153604
33.38207956941911
66.19067662403818
14.0667561041478
30.418742404118053
7.7082047025058
18.987414201140616
11.11766482499286
48.49169997234364
57.168428735540175
67.17636019293484
26.463500202760297
7.007391896050619
42.275333415937325
6.710926599995779
45.065096661492774
30.8818653748331
102.4196887825474
51.487407199842956
33.34937939497891
40.661747214594804
35.94812893255053
16.68936968965645
27.346415977734193
18.98960219101432
37.742861091925484
28.589523000609937
29.837662787314212
42.94358786999236
32.52560070228654
32.63679745397968
15.123022171402615
49.20083342611764
24.627512917736794
22.36752285481639
29.28686245040915
74.60021644589283
30.619930837181855
9.900834234952166
46.095275225416515
10.376049259382883
36.935050114393114
20.437849800163438
14.667979311399261
56.74526463955616
12.93676145556754
36.74186374682897
10.394305788782047
20.672314168925773
41.60718716828696
16.775461424895315
15.098612210130312
28.879226855098327
43.34274148972491
8.952698910832698
27.876634552349277
20.610078069528385
12.844978512599942
27.10104590229623
24.001437601003193
4.915331084403165
25.310509531752945
5.477141224159709
46.68051750713121
25.512339770993453
27.945364521279775
48.21710952235417
8.82301200548403
29.751610443178095
44.2968379043332
34.59928792757964
12.443556720977536
3.6083881828538518
9.530674795994386
24.995560260648865
15.971429263151476
24.43238054050071
42.03645084777609
30.236287385470092
36.582932142685195
20.086684991715497
20.353582324079635
1.3168190834670561
46.44604162957937
27.478438139724258
26.427618613175913
29.85750162781596
26.70136802363667
52.78167981587106
9.209729939014231
71.15083667144472
17.535854763112283
44.469620104276245
24.723351792780296
18.15220095548146
14.36471305811056
35.09670545350246
33.078504175793014
13.42886191643101
31.17862059373054
32.78163052069918
25.406917279077824
19.052441446205545
13.053193064214206
41.98411957060174
28.782693185055205
12.59165848946055
37.18758776760946
19.856768006243648
18.147219915988487
25.503686281193115
32.745837672859125
36.161993910391814
26.42484375496311
20.671933376696902
4.93202181026143
3.9033822883760463
27.70294442582855
28.36965976957412
26.688800875290266
21.648481568165042
30.900241983499047
20.181133964391158
46.06209069436959
24.71155005476835
24.4912791371842
61.04532865447917
10.254817249057304
38.05743578844665
25.207613137532064
43.51694941766329
13.661956582524637
12.017846612865073
24.267991693283825
5.676091750059429
6.165136446663226
19.450373099132413
24.425952055866745
47.121878087022175
27.48820456683581
10.800933100608505
39.743024251280254
18.04240686399125
49.645082280201294
47.258772927028
41.97650430985144
71.56998267506874
36.49008208269331
33.09179783334974
19.84112728723082
12.177218669285514
19.15925918488689
23.182108652277602
56.62945206080439
17.81142798878059
16.034015124955186
37.5757885979848
20.671210034914363
21.341075970256817
15.310359078106117
15.599094111783625
12.85187590434602
17.21529946727719
13.176618251847215
34.52883015206311
9.982862185081892
18.534475215938215
34.77013906721566
12.402582383759903
22.96307828364449
23.959405728766374
36.89935001407173
10.184741472257109
16.92798363498111
21.99687332528071
37.380029504200216
17.24054456983257
20.868709263585945
3.418272284019899
4.578473450144409
31.471324270748337
16.48904037843941
6.307322006118399
9.68761426703799
27.3760923016877
7.171064839971222
18.816449856328326
22.088562623119817
28.12264133191742
13.50778563760992
4.107586685438369
26.7415356585698
12.930033110309367
18.77618819514248
13.947476866912174
38.97584287696916
5.230407861643929
6.374973564549104
30.875979689165998
7.3968023803057195
21.59369147969297
32.939747492492366
12.722622657260876
6.055992349740482
3.64384561612264
33.04947422263029
44.39272061208474
7.136903429091193
7.286268841416119
18.061671359481657
23.815878779719462
22.114582181379507
13.616040657855487
12.152085613293405
22.36223248767825
11.307520663433355
18.341050758225197
11.086854052751894
19.114503487145488
0.9038339633259468
17.883150614307546
19.796806053041905
42.244787757657555
37.80841970252812
17.92821965778149
26.66222459997813
32.476658854512266
18.29478584332268
25.14668240195012
13.98460668184005
11.51190325721952
15.892708292231784
17.206085090913096
7.075432550705547
17.830468245067337
30.551167958816244
8.30351436777193
24.102654898688105
18.19213324157501
8.534082172956914
8.329932397134392
14.639255099358683
7.612442058430709
27.17679705097079
19.289202030469042
26.68693544883255
31.929066250499584
29.489781753996443
10.234978388583702
18.88869793356583
12.24263127596527
14.691779011371986
12.66189522475797
20.879700387395438
24.401100884992402
25.716468326453597
28.75408014788198
4.679050008342566
7.524023055518542
12.935398678163237
28.625391170398327
12.582257118080628
33.98285167847329
20.656006874307522
10.61569520635378
28.784387042850504
21.926899608118724
5.502955755577944
10.79614812783499
38.02805315880219
21.74707358091242
24.420477178399207
23.655498186896697
18.725141475276974
21.657013819803797
18.360880350659187
25.045032896150435
5.060226160578234
8.049639367519458
27.118946579868048
5.3060858599621055
2.775418156687137
24.5570952598975
5.341993741104704
22.732542844412112
1.7677801860584255
15.133687899462364
16.230227088746172
11.218505581095641
22.226492246853073
41.676899404755765
34.588684046861886
8.67022222334439
19.75604670776836
13.847539825271243
5.847849733300999
17.3197243582136
10.698748732596208
16.02435167253342
18.269705855063293
12.252213554142335
8.463250291273853
8.23428909520225
11.607035231542355
3.0934086898415956
5.337104000551549
6.017595786264659
6.565285866728237
12.432662766133872
20.054494428261247
15.69300014226912
8.168208096521631
14.581092121264687
21.7526081404585
15.67522793916066
20.68203934952523
11.963141790168521
25.46543041160475
7.564543122047895
23.199061014232054
12.787805738365996
13.458111532194112
18.931796835063587
34.75365752734106
20.72326804497041
15.446186555270357
16.635514351193006
16.492879350078077
23.917600830666984
4.337750567215582
11.400447391791692
11.967815412690781
16.025093332818777
6.416875814103666
22.968722388975998
5.7011160056671155
3.3113960769492063
16.333899443052033
4.388047253592356
8.322024063376658
6.777944719242022
11.490975780723018
16.28843114849751
16.87754105071585
11.64395545472459
15.461213911641902
6.117967986060385
22.118246541825425
5.926007207009131
32.02671309809211
17.292441650590057
5.39877930939696
15.04899969903296
34.69359847544109
8.364583234744593
9.871498306251057
30.881155317251658
6.711165301348677
11.530699783194457
16.955395040071977
16.286737489090328
6.644856552522417
3.909508148128376
13.26741877778772
13.871973899952694
10.53615345908102
9.989720599058817
10.894631240501639
18.144455634732417
6.352908833033573
15.161929493334343
11.635214995734154
17.225750867463795
16.493153769386616
11.249112048257153
25.489866207972007
23.362454038485843
17.68469611480664
12.24919321312629
12.33722071567167
6.9728206782457764
23.077526021866596
41.31381541971563
14.804929575133272
5.560240271287452
14.352582744654558
18.358523022964906
15.319462461310037
15.927285397494195
8.323674294079119
17.122433533396904
27.609801549186876
6.530853051924692
10.729226063202736
20.81992160331576
5.794050615813403
25.45905801116898
23.298150608914185
9.9715371214869
9.61730152769036
1.8220590647007648
22.840530570150058
13.636084436990595
16.46177898674557
7.139894346526584
15.787525645626515
8.838059206826134
6.838913473457464
8.573755115745971
12.557988010552132
13.530377914984841
6.082150594246431
9.285628094676305
20.139398083331198
15.332309010926362
12.947582838019162
12.290802004497026
28.692189265422037
16.914121230873892
11.146846778435789
25.263594852503985
18.982385947754835
2.4891731836208875
12.386475788748793
9.590140016011997
10.39696200958106
5.066553540055598
10.890276597963057
19.109035351900097
16.262619870092976
12.361927720189142
14.112904295266391
16.699078067706363
0.8355494560940208
13.770933706313018
9.542385719828724
14.427094863523587
17.12344627272821
15.414955928912919
14.487177138543863
12.391752937183211
3.533257384167505
21.884960890890657
6.492613488236195
11.873892758263812
1.4488768467278368
9.513970769888509
9.760246199375281
10.607410853025621
10.677657018846235
21.881276223879595
11.452274246678021
6.97359859831628
5.544841649209035
16.549373081518294
9.204392191511472
4.0793325415202135
5.660343389485824
4.15172634814496
13.632039406632595
7.247160148753942
0.8631218689263067
7.848582085978701
20.609815657392033
16.688603162110276
15.404756217621904
17.750113135018548
12.603808643126857
17.661516387940626
6.251888481037692
9.184487367450773
6.8792993670581986
8.607778037895075
8.03926109453952
8.563440031986204
23.851871555151956
5.318571386235802
8.838394152618587
11.186399551889354
7.057777156843741
7.410183280471755
7.82407529312933
7.32941180294433
16.22466777451515
15.779393419322794
4.303684661487643
3.5533379013603064
3.3748676635204156
7.646247828511969
7.426889231315492
12.512594468719609
11.766520825756958
15.534984465300239
3.4005728706648974
5.156427811986259
13.463659451324283
7.007905641662708
7.235111509419542
6.759092329336802
4.606667842984813
7.531154441894527
4.408605190178328
1.986243197879997
10.958857155000967
2.2962394089832645
3.6561986065246814
11.64520760785192
1.6229192946572526
6.867325999823767
5.8398658209781225
8.38989966278507
6.746086970914599
7.387657076435096
14.739797101486653
5.942777031154575
8.406512728870261
8.40607402625308
25.4380086282634
8.925166414420762
4.076369228119992
7.081507544830523
5.205241042935028
9.016892902214618
15.738827859523479
17.34085027970047
4.525470033963188
10.6649708236791
9.355269782175395
8.107163407589027
4.8285950187101925
6.1000504745412805
13.936272450009128
6.54523204123473
6.461254358943544
5.214792414419918
2.665621437003417
10.373718390674824
22.995640410156586
5.0981424701269455
16.31324426805744
14.966665255199079
5.082938536803358
17.317344643567285
2.58383640565706
12.070647246225981
3.7082172613244406
6.190264312621133
7.282095826003046
11.462684123729769
12.815018659479595
20.390401664805687
19.072160639379405
4.477593249094629
10.762659840287387
7.422160368573015
5.505897082086674
3.5571140018387704
12.149895776351377
17.17087653634749
4.980822097625309
14.81349336084853
2.4888344844912313
8.327071567514203
4.672900404489789
6.767526926984314
14.970545505178107
4.476293914634831
14.359535541200469
11.640394455984403
10.045417093286385
17.790772800898903
14.866813748570276
5.184674107825527
13.281105623157032
8.07558544900892
6.93940278223481
7.407870565025049
8.16385046772465
5.83156548670479
13.611924477767872
3.479684459805209
5.2891441864441795
4.771448493001132
4.300332894630795
11.881872062185398
7.087717587356887
13.155735514864524
7.595715034616785
12.130685193960568
9.016096589779714
7.774875198468534
13.252705503295488
10.831567058756944
4.685410778393325
4.9737619247420515
3.69486667217267
12.542025050639253
1.492247166953919
14.122563485528444
17.44091039435982
7.775257900542042
7.923397997016637
6.4826415751769595
8.588684859728698
3.460959669554007
4.569032414090703
6.770302270102705
2.7139596390638774
6.877084297551068
18.452924655884647
5.476456405084973
13.02666682099154
1.1008310185576835
9.471124048048983
11.52518860545177
4.15346602255632
15.057223638464299
14.354608942993137
9.589965233532642
5.743593686372235
8.198464539901991
8.381396338171552
7.6772866332158305
7.50926196894954
6.721773339555166
5.897787964456859
12.363420479011173
3.418766405481977
6.6458282665061885
4.52524653016622
3.7784458961700405
10.385224409613528
3.4721318035413655
3.2201835969543446
15.785459346362803
17.146241097511535
1.1609592187327282
14.050393205541129
5.827789810038106
4.678519790596985
4.941454112598736
11.37020042050386
10.831943654630335
14.34533264201903
11.09983676733019
2.6394082578806346
13.202670961056299
10.593650187270883
5.239609415545096
7.520012720469225
1.7585704423215769
4.453867160057142
9.255040828003333
8.351352490928019
7.2242922071436775
9.900111963185063
5.954208015315561
11.152304039423269
9.519371878096493
8.62133635494223
2.1938394824150755
6.500717851506571
2.9296330198315785
11.777864631765317
10.775062643217614
8.685792353303407
6.5296421278461185
13.861138177891931
3.678264117337807
5.553230867957336
7.862601463791467
2.2418036288655943
9.767184975839285
4.781677180102922
4.544031767394451
3.408096528124806
6.576461923524396
7.1051944324228655
9.356681314110023
1.9567426299568926
4.235871204716612
6.848890208572832
0.8302981445388895
4.314223566545822
6.351063320251901
8.75594945875285
8.640388513224515
3.9314385213085288
13.60819453087986
9.44691552053343
4.669844331725461
5.301341642179535
10.551926891053592
9.787450980960925
1.6637346095856307
7.568477413197109
1.1365007931757483
7.681966416552898
6.589566028982256
8.493311932800898
10.75372378785638
2.7584397130498446
8.153001115255996
4.8156828052647205
4.237215422734748
6.7301547690188
2.3841429112992127
8.244730791113765
9.069138944703514
4.58059533364308
6.594579292228877
3.6594578346038316
4.745743346574396
1.6027456528673711
6.776627954508356
3.714767023173064
5.263111068902769
7.582040685475379
4.754290985585892
2.4670101736842938
4.791714130668588
6.264872709317575
18.576165649638817
5.359789665685449
2.657184334524596
6.150694294144411
2.436644557399542
9.360461024723598
14.16388634275991
1.2454560524768437
11.543276192251
12.108842868627274
8.743794512754928
13.652649211198687
4.144144641786398
11.151073571565
13.04693504667257
3.2003835354313503
6.29109371590494
4.330768116558585
16.016467799215665
1.9962276844027624
11.232752734144771
6.96508872977893
10.504199740172721
4.664189316274924
1.9743534652556312
11.62451972466032
11.24751109039662
6.656094321988181
6.142649686496892
7.374424284382288
3.1821385498044763
7.073899319189559
18.55587875178577
14.482244202510234
3.6163814677501938
6.816101996925026
9.795172259172883
10.842226121646101
10.245669735172976
6.039976709727712
2.9686647650869262
15.252644398350316
8.211628205757819
7.340916016100321
13.18433031062833
6.055133663586263
4.588491574828969
11.248182980379358
1.7425552888500462
14.480522389838661
2.7793763183661087
9.188685544435337
4.559899155424131
5.0421548167653985
3.823864139932977
4.362298388977731
1.0032116267176037
3.834268240411919
10.189721300305553
5.657564745844148
1.8086566002268962
3.5724676517609173
3.4409273499790953
3.7606182721638572
6.251869753503736
10.178629375390793
1.5177346641804026
9.600424976081648
0.5269167981917297
5.598447982285171
2.7244005029342295
4.678127072886355
7.900598103826369
8.644939783503075
4.4581485633001
10.82809621897169
0.636333456823277
10.62414023297581
6.5192747084638585
8.702807773281519
5.035036999032356
5.824037819770284
21.82429962558806
17.178343040372184
6.502686444973149
2.759924095715179
3.2364359556619458
6.93123176855015
2.287416629378282
1.895255488434151
10.319341907755566
2.2761540272621414
7.273441660514126
1.7756181660844204
3.8398015527247247
