288.4012
31.459026582277097
25.4825488577976
20.23592800332344
30.19825187409613
31.821788614089666
21.822378378311008
76.49893123136513
189.59266429296719
1073.9854292768612
182.41715580683473
47.963579030384764
176.42017614651968
103.5540743169744
43.77449337792482
106.3708938370032
243.51969110867842
178.68480345351836
652.363799386177
76.18416270350934
59.44624341198167
50.440826073575906
89.23638294088181
157.644673233072
88.97756506286541
145.08436006936154
101.73190001791026
122.27820403824211
63.85937444840526
127.08066709939861
106.76778660572052
206.50280413066673
143.31692502305876
254.0515058689627
273.7724035271693
181.79455897207515
229.86417529415016
162.77224822615045
83.79178596043123
198.26078594583933
162.81327362316907
298.2720237724071
183.4484401285758
87.67088528011564
341.30422743763694
94.49556100581403
52.273484522942255
210.42961148657935
134.80145519049856
164.9697192656428
549.198852467319
312.82923147167463
157.30575297653309
262.91430464409837
323.98784713873107
341.30441219336365
188.14772820819533
181.1371594063878
103.22579339729361
138.24299576252437
52.12323343977777
291.4461951198516
53.135426885849945
205.5826803647305
168.19998447481478
113.72854244418821
54.29424457582512
260.7510238695667
118.90395014723599
176.10343448994456
140.1740025119399
241.65414904589477
285.44555605624737
122.36631787872112
294.06312403898283
85.00542272505581
405.4589837250609
217.12926268147388
213.4363709141071
126.23252933635638
67.31804056148961
95.7183151609976
191.57367922089162
181.51164841977587
253.24933560523098
45.020524759694695
223.32383787243768
282.4720761008098
180.6385945248843
122.1449742706652
87.30814530374036
74.57390832330346
193.5625468953562
40.322054290679084
136.43256496541014
174.34234679091028
125.0668526985815
277.70050472541215
93.30539389957835
239.17623830520037
213.83725061555336
150.45296824693992
98.8144755262329
87.29585534665395
78.98140196672067
99.25240213506659
84.26729710047222
87.42282951186525
93.18725564986958
43.14231671681303
141.48760178840777
34.43613466534766
115.1006928146219
74.50470458038626
78.88904554712782
95.64998903960725
76.07781440708565
9.579664481575705
16.076370024483307
56.801976570092265
59.08509851129579
32.9843772638842
170.27251023783768
110.46518655811388
106.71608229505283
140.86028819071183
125.88859627012192
66.88939640252784
78.11235014010698
77.75061525225465
81.02615165358813
67.13814442871114
12.981703275544147
28.73284847841567
154.83100542960355
75.3108242348652
126.54766246989162
62.595949277258526
102.39021797084793
60.54333592908855
37.84749753432133
79.1483520056388
52.65895724598374
69.09987723916382
115.06951293434093
88.59565363906327
46.93994165854849
100.8016390497965
48.94001880324402
64.16151063751533
66.75916031495098
33.91413096125341
22.874383305407278
14.319549158397317
55.83320245870569
30.88233316667939
37.54022254722645
107.6281174299746
60.37717416810586
73.67476211100622
53.21338921883365
76.5151981661713
46.181142779145766
105.09614013618788
12.43828959958144
8.984042914283991
72.93681655964943
21.034767706428912
34.83589523862958
32.604709190952946
13.575863988668827
59.38509535356937
115.14952389067273
69.80845173835766
72.10326935876934
39.731138522100736
31.664404434633642
23.2127085473184
46.874220078400256
60.147600078308805
10.853388826437683
24.728131205756018
76.76930695818706
30.502257952405557
16.0262734813026
26.38902152718131
38.460144507618004
43.73847958043287
45.99958016569081
33.87815849321178
55.98882762390685
12.828309767974675
31.980423721093405
16.637604759564923
49.024961876873384
12.68522575516327
45.60529071097642
27.59297755404366
32.228320754475746
38.194776122836124
154.3388576344717
48.60727120158108
50.174125019249985
35.61993919400528
27.890534230430067
35.81699467284153
16.928313492850933
27.838451992300868
36.34036633120611
8.916921064931726
46.601131912735895
20.455392913931114
57.57338408401263
19.432929497582485
35.53192829186459
50.84912851599695
40.64917559829237
28.92039379009897
21.849297656785325
53.93261466704818
71.29672963332054
40.24688832619772
35.60634238477279
13.570315154445431
16.985325091844164
41.31215267905868
16.16063899611639
18.831390752824852
27.346546555942876
11.412136867241143
20.87173994822642
27.744582666718948
18.884487562658062
36.051701549681255
16.364713357772956
54.47161808780466
28.946619907596183
25.781834678311785
33.295775003005055
16.930795718611144
12.328138437353921
5.4452228985294635
7.3437294343983925
59.29335450334292
31.87889697727348
45.24694743081077
21.263728286536743
12.754596390955497
18.62405754008349
22.630230915459563
11.093999356270954
30.13719848068322
24.113508407865165
32.79257382241957
18.129276378944844
33.53826758540183
20.11693958738571
23.344194586538446
27.50136302757537
25.518703017862574
20.654607930626533
11.86566430231495
19.36227127022671
28.0029098462058
14.30475393990201
21.374713727520554
37.36293211553237
37.14333011651877
38.22531285330689
15.43580217409443
14.230654427385986
20.637368867500285
24.35730822587705
20.014115654695033
17.656216257823978
17.556204745779144
54.42082674585026
27.53526086735023
10.968360332402566
13.043030538080343
23.27533964788979
43.07870577791281
31.175495190571166
36.12313363223676
37.13777840324
21.1923058682191
30.97933250143835
34.790837600720145
18.735619451591354
45.43530933036834
37.67969335025946
9.428661934585582
24.97345724179654
36.14356239895742
17.932282348206556
24.013100284997417
23.104417628707477
6.818829893654792
14.905779367284685
16.861560452822356
22.008994814599372
20.67695871657106
13.583504622031029
25.119521319695256
24.17650724404071
8.518648217078967
18.34464420435455
8.418007305680142
17.275945369305962
4.179586129470098
5.492729875144989
28.039392631066264
36.22303082102504
14.29505950864383
11.96442088880197
37.20165992225136
27.540948776369575
5.3635877767184414
9.741800545448006
7.531825317861537
30.638079654841256
27.652689051142858
12.774994380574615
19.620278348275246
32.378672520220675
18.70115861135743
32.23665177094911
9.414722923029105
8.49896056799996
3.040872484036714
38.632462965261816
38.94379900708562
23.813682351085248
31.040780443837214
11.925254921617439
38.35158190705596
14.958322783557213
18.423714565462912
11.366416035046267
10.431036437466942
18.93850581239686
17.828784068881824
23.558211881000123
13.416344528537318
13.741181936780661
10.683966870254405
23.460607224552408
22.76149768264635
30.028554124699607
11.947521573848075
20.36483345022967
10.431809995687107
18.736535860518295
7.9527358889185535
26.4115311842946
19.257778468910054
15.006122187781097
20.696235442833007
19.830098521653568
27.95816827125748
9.82908727304044
1.9026021478829036
25.978127328463472
10.87690305399314
15.252880714521687
11.631215707208247
12.254888725995938
10.855849199245716
23.891623359192554
7.58205246733205
20.32670252095379
7.949637777455232
20.335755436710667
26.151851509036
24.5450784916977
23.77720080588772
20.375134488389307
13.50899719659488
30.67119930189424
18.79957800368557
3.99783363418884
11.612711896068108
6.272963093925754
5.9834673085510115
12.659398895706886
12.614467758772017
7.537607537657671
16.401955674214424
5.646670237465699
24.84270415996125
7.051283213160261
29.48389390614563
13.961985837025335
11.727797315555346
21.231466276599
23.06628786105722
4.138469781055127
35.192337874895735
13.807960641739747
8.169177032768781
35.566290351638195
26.857461537142957
52.82187644432096
1.0344261254761493
21.053076775330425
16.282441013166096
20.28927175194426
13.285156972334152
8.576762618591266
19.74201544705776
10.665229143596855
8.898075364760228
21.46187880068116
11.190165331069974
13.503169942490073
14.328021099417072
17.684274105195794
2.9906320622561724
17.597381670865648
29.694111046803084
19.23448963600684
18.18279194013126
21.05384937777733
14.08556779842562
23.476337126394316
18.077084036552534
11.928383741352395
19.263879541942305
16.314671356918417
7.724201205527293
21.65710790955972
15.498348347398645
9.933776206452942
16.879443583435517
9.689212292264944
3.0336194556950318
17.584632110557777
25.68640484933987
8.060530266045339
30.440586242073664
28.64591672294506
16.734917958754192
20.402810910200593
6.957972540678777
12.142188221817314
12.19558827244497
1.9836664613822184
26.27432670787697
12.118818616050097
17.95531561166415
37.57730047730438
26.232606464136005
28.21157322561014
26.240892549370145
11.350770013180174
9.409352452048172
14.278117807975669
10.522754704558247
16.64524036563933
7.187648476758713
11.831000912838212
30.1025087245016
6.891413979015483
16.149955005262225
12.39053878098982
11.24387157424996
18.75364701442588
6.82104009014753
10.794133099925874
16.966160991444884
3.024618795748875
8.159830576489115
22.072927223914103
30.383022085427147
12.836537458912506
18.396501146861056
18.26526604052591
12.151283564136033
18.908387931624407
11.543405816104816
20.533912596597794
30.271236546598278
15.44066166266395
7.36653736495804
6.546627429844362
12.788254649232357
25.0452596871286
12.953429124899973
10.067179941926849
15.922118659378397
24.612851603138946
6.364222096078386
35.01860490108964
29.470875301534296
19.0433327952741
5.473945485980611
17.31837702909948
13.867655801997016
13.757576446258847
16.096967955998352
2.217513400307527
17.108436439044404
13.980150713902113
11.888560045995314
10.88760946299991
11.265594342667333
1.2153190040871276
23.71312679417437
7.126724479223197
4.761464985983553
8.377325747577794
9.531255877693804
10.46040417687491
3.1186147609065857
15.449836578267465
10.302739590874266
10.164881041876056
9.047639075893931
15.056521493786754
5.9495715778229235
12.54741323071634
9.36042047524431
6.933784476617982
2.576974047492115
18.77965890469308
6.1840495696875815
6.773498207699243
7.511180144778849
28.56012925183944
29.337173205152958
8.443557343609319
8.004862102573636
22.526997052026697
2.5821791781820087
16.456935969512962
7.696619716825244
14.18230406921944
5.188734000597207
9.71925476207733
8.16448592984889
15.625691449670763
14.778722539548836
3.935492386016864
6.088961300516138
5.088688154981291
7.3394908720567456
6.9419538627447315
15.47416011087355
17.85162724088167
21.049532656072426
14.607126597541065
22.644546397560145
7.9626481132440015
12.03626066229561
2.946694204498709
15.99943353924614
8.739564716971204
9.182075491443133
17.001980127303977
8.683998254839018
7.640124492881694
2.956234973573815
19.705719452000604
19.678091730116744
17.875963734868208
17.68833167137894
9.572804059888561
9.26351365505749
8.693094687296899
15.431034206425455
4.876538703174275
13.581481316601565
27.671026446340562
8.032651214207933
12.853143661214487
10.614469528587486
1.5266361867294387
24.02417219918252
9.663672280721327
4.651603136893431
12.689521741271088
10.445623128673798
12.231241108881127
11.257858809951077
17.66548052976863
12.697837648075064
5.880376437249519
13.015816006248853
1.9388685471820544
15.996961178866044
4.533401245219603
10.4594388431115
13.749194154661774
6.440587809285657
26.771089565488488
9.58991009852101
17.760082433932514
1.2585542502025309
18.98314824057123
8.193490614188407
9.100280143344087
13.016485854983962
12.26325961712944
25.127474227306713
14.580862019687281
22.126258388397254
5.093980197346243
3.600451157265722
14.5630384586628
15.254871418483212
14.713327719822567
12.891745053453828
7.184387878477746
7.758499856702345
2.1118009752866307
13.456008029502044
18.828414284195354
12.727670216714326
7.760202017366326
8.012578555700294
11.347427295196722
11.616631882643725
22.41272951916846
14.196779985040731
18.738807851619146
26.428575398417873
19.510033143913322
16.38652187631996
11.212942724822732
4.328760832783455
7.1618304354297075
19.151055002576754
16.008661672814867
16.12770201012858
11.330841967764256
3.700587569145924
10.809748496415452
21.274403528792817
6.577892096022012
3.9502447287463065
8.511645263257044
7.819695417510138
5.383225884487111
3.5091711567994284
11.860844695684738
11.533086076641657
11.71696902781019
14.106007712401237
5.008895002741995
2.7900571023423657
15.801433418068887
10.844885451063181
13.312119593050701
13.854788806476984
12.639823454600792
12.183229703427736
6.303096320519693
10.223854234774649
8.043884879366573
10.143986184238928
8.42092384626951
4.772940523273686
11.08873157410966
9.76317443406459
13.793578467182892
3.5099170229311603
8.391901640664726
11.577903361109463
13.82906670821356
21.276116075012244
5.209271806683782
9.438595655500361
5.084346476250308
5.698328188771011
10.232617559889494
10.071796467229738
10.937952926033981
12.102904107315503
11.465670514421447
16.31521447731289
5.935845869418065
14.962728128528514
4.945978566003666
13.476255044015216
18.214539881226514
15.036344775054806
14.95320916817299
6.8079875970086725
10.962430603393098
2.4950723480541876
9.51059760578925
12.664521554417878
8.679897103218078
16.491168868448625
10.48046356685037
11.327855890270625
13.127691372875464
21.26890816354218
5.999569070546677
10.077736242590063
4.763214098121
8.097584143478855
9.909304192963011
18.975110295962825
14.66689256216843
10.746082316208025
7.022548265523844
15.80892217614688
2.451833639632257
10.605519451013746
17.22254774624715
15.621927374910511
17.54248350566163
12.132743989609416
2.750792945399932
6.211867826323713
7.360313635088451
4.832478696342645
13.883752609143123
7.742644502402863
13.150477743173708
7.846497092252575
10.963420609814198
8.49299827601338
5.993568943812069
5.515757612077587
9.871137738102162
4.982276623007635
12.495718387603093
9.464815545828268
6.336852659811157
5.31287165506589
11.850456321793354
6.014793110117679
3.4690158540207707
9.993227368075807
4.581802215289559
8.014513202333372
11.161866489640987
8.502308960026989
8.853330490202902
2.4755955328580996
1.6317834112573861
12.967432651551407
3.300407189930263
5.995059076763627
10.417980469916424
4.17727998540897
13.941557610904765
11.772473789870574
3.552628713322317
13.246752879066712
11.17235879314736
13.195616691307727
6.110140848309263
4.677227020790683
14.292923404281417
0.6245368809428341
5.302852212294499
7.475644344771917
11.972271134193964
5.451366053196031
10.64958935237466
4.07126179850355
16.152004572165037
9.864732465445922
9.205825295935863
7.59341044517694
1.3227209165451197
5.52204529240491
8.047971002723676
8.371566320141316
10.151484838773422
4.233558272822763
2.5816606031496723
4.132278734648647
4.019543703243952
1.1892048500427268
9.85658086253168
5.794544650150993
5.9261947683465666
4.63563276894436
2.0434960676351634
12.383657377324665
7.300714767361976
12.956723573524135
4.503422098443539
8.019122432833138
12.800675651846982
3.938920745908377
3.5238757776183087
3.0877533054116495
2.868990156449774
13.388898938950007
8.292726942352031
3.4963873519423148
10.960306500261376
5.865297573639564
6.481195325155052
10.564727193862996
19.54781257772843
5.9245441886263555
7.568731453396411
6.677722651677843
5.45476846061577
8.22465814885513
5.648050392161532
2.7822435440313193
3.2490885842829202
6.823722428775172
5.976374458888856
4.1707425039881985
7.224825347703654
7.464487553174251
9.696593254238985
3.0067467005992863
9.506112379556871
9.542354710298268
5.692251193872855
15.180180462125074
3.278207039362982
6.141399463280589
10.910902696898406
5.812226305915788
2.2773105933916145
5.71328552001474
7.980188753599532
8.939071098992338
6.70218059725145
9.344127055528324
8.044751747036134
0.8082273954248996
7.8648764174524235
7.438013907474196
1.8384046545959913
7.591490449011528
12.22913335915479
1.2236862123103518
12.898748680756999
6.3323486161622125
0.8081254809979971
5.3219911346818725
7.325646996428824
6.272939402296485
4.682714023543336
11.911578524495287
7.358975986164692
9.995121448027824
4.200706187067487
0.8473641964608849
9.897056593330557
6.252676852704227
6.441473203227621
13.7999567775226
10.276981518871713
15.142130568641734
3.7426841513087887
13.979801911126184
13.699244646703029
5.340146917412058
9.155067606027597
4.179596665271859
5.580411362558469
8.249214467323279
2.7053960045362637
2.7757664635858252
4.323168993477159
1.1160546359189127
3.5956685933824106
2.1453254649801035
5.5313123301250124
8.406175946076631
6.858375364133093
6.966948034142291
6.064146459872718
11.375567354079802
7.146779990989635
10.316812577896853
5.137936477922075
2.6199285431071173
1.4144957013904655
2.0462040795904475
4.957159419378262
9.516649156743972
1.7626853883939941
5.143127233630329
4.797919635613012
7.487358433422656
2.985350314293495
7.243496387315943
3.091258367405325
4.115805221681681
1.8582496918143427
2.2056786712196015
6.044674776237876
3.7837906843505893
6.091532999850772
12.883606084739197
1.274987371440096
3.7214820515364573
7.987933809319423
5.391486452009921
15.287413660117137
7.470508883370598
12.544862451693534
2.4994684141603956
9.459438215583383
5.102065335409624
4.878469772124032
2.9211047785271753
11.82260416471013
4.459782508107828
10.936350645837607
9.495160383514857
12.302895273618015
7.85602717702643
5.22587277061731
6.724577809268313
7.628223572138039
5.926564378440056
12.489265162978292
3.009747458106196
9.928528276132324
9.270387462326337
4.676413096804434
4.472918130015787
0.8245007902508438
8.013926116315245
5.502351498771456
16.509190378453717
8.870436912987996
1.5893163779002137
7.997205163744178
4.73032541706598
8.432515764164348
1.537017534775665
4.816473628609354
2.0029860358411873
12.284478138002918
2.653732028314866
4.686604871976989
6.1706300325764705
0.6258837823310982
5.038945928475847
16.072072198975178
5.346259016845482
4.2705063269692305
9.25567122024838
0.9041711994163462
1.6567165179290855
11.162037983869237
1.9612964975292413
1.6672536566302405
13.392367826826103
5.255696910012561
4.1416697801305595
15.675734188167077
3.6616586794300545
4.631482449519684
1.9776693132063226
4.724358631099812
6.829745271289215
5.154546249145017
0.8798328295744267
2.7879789237917234
9.617171437531768
4.66301810658386
8.008978199714194
1.308287667127286
7.353648521245117
5.112277591925057
2.735557362777207
4.141263671451459
6.854912813820566
14.490214673174753
6.163921389939483
1.9365876643563205
10.139755388055336
5.482622828785378
2.217372330517318
7.941898509131897
4.092494770066475
3.0090056365563185
7.4583186513109165
11.497784859637123
14.00339272182787
7.051143332665956
12.201036515140956
5.130570088913757
2.5494379602595125
2.1031030332586815
7.482008868992309
4.204548008349286
5.047345520876992
5.317481659138469
4.948655624470222
8.603882939000272
6.158967217358936
5.4680466259053695
10.715256699360902
233.96189999999999
30.5459568532339
22.54285038857757
40.81584168183203
54.94195616924925
25.77203812232401
17.231328641225495
169.58393840814247
84.02760744077666
634.9275190386508
108.63318026769696
121.90576104906151
119.60623961040501
88.15270851883055
64.02504306497944
90.49550458094586
222.8571179794907
249.81443520382516
436.4850421637169
70.63223630383206
235.44993656872873
221.05633106546034
40.79941699861566
122.51888189982886
71.69897552766926
129.77654222897246
233.8076672057333
147.32748598135245
63.87920302477533
94.4636111698242
209.91906676108212
98.00657612176262
76.0555097497574
135.60482077332478
148.0942087924048
222.26738818072405
327.7913045476055
48.04428621325507
162.07420077366197
234.6630050167797
79.0422840219884
180.40432947145104
142.98895879883574
359.20538602607905
131.74349907667877
114.34697245254301
180.3572558793544
124.31843430715745
71.51525705594165
285.3785951466126
250.63874257493558
144.87820297277545
208.03046883419523
391.575805734416
129.96211715313535
260.8404422689264
213.09557700692181
151.45726558790264
125.61655239014287
208.9505950412108
167.61303562742282
150.49086856886822
118.60070669068531
210.5274855090221
120.745341330448
264.1361554676925
121.9691005542418
132.7674651967237
41.67220374385039
247.3858908148985
131.40911315484914
141.01013958711582
45.19310671925917
53.02777020316914
53.82307638510727
111.13888288248049
39.84818892565989
246.2336161166959
172.61021589562796
118.12264317034037
77.58080961140251
80.43154258734143
75.48512552322738
116.14011660157412
53.85429430846946
77.22875489123422
73.56679048066621
244.76890473296416
128.48411269437574
77.15663881884872
45.01242191066996
105.8245250102123
77.53669799966035
65.78461342654296
129.96977121302737
270.4345543646184
230.12046513198962
10.82085921539148
34.543050154173066
14.530675693386312
249.09896487922114
25.02879308280755
213.05887987392148
96.12114464663246
62.82137845317249
140.5859522149547
41.44936025733677
44.157043346761085
134.49998694760393
60.16674332722098
57.58174444458233
156.17945511387458
81.49917011981692
87.04467515704297
53.17639589887298
44.78402445714689
115.11962706827738
102.52022683580988
44.124141656841594
148.9321553507432
19.925909595545185
66.86270140429858
115.79155173391008
53.95411335745643
99.54297769585678
42.13591976049606
38.740939120578545
64.19323894881889
28.579562428786108
32.26355079129743
24.594138380846676
57.870139480754936
69.00403543566755
25.24612922777025
29.994991197998047
55.749422288636346
28.09072383475215
16.37314019580245
61.454797407549805
105.48741616424475
83.53764835061517
95.77896693330663
65.83304420404664
47.59129753169846
15.870484829382523
34.54763988242761
26.21831044588746
119.71801034439649
29.226123501924683
57.86271041083507
28.157922044263938
43.18297009365586
62.04902277842688
52.02708038359072
51.63023940965196
28.137041522459945
26.77576311265403
70.70698384419737
22.59365232722602
48.55918598244456
58.81259613222798
45.84053630846284
25.619785797227166
27.959099509673084
38.894849940450634
54.64008599583213
76.92058004003079
22.370701883577194
66.84789155081548
43.97109107605836
27.523906818870447
36.63772149782473
8.091627661156956
25.060017263040343
39.943415008050664
53.50285927801901
45.214406850720856
37.861687406300625
28.939114432954803
41.55530501542123
32.94037293753475
13.635831931700364
34.39859134647207
56.67398427562931
35.47786557510633
74.46374199533027
33.08127454677384
40.28926685312363
41.9860836928438
8.827233310726502
26.794607023903275
23.778564056304166
51.30761819866981
29.020701309348407
16.057831892632297
45.11158306283018
54.951540205127735
29.943915655881288
49.66300556253818
19.591759465087947
101.76917630164033
25.97000875044944
11.858868473920847
28.95846839228236
0.4845568026512158
32.89469346360521
26.539898173037013
10.731701591575364
43.98452191345453
23.662307288509
35.47282416746094
47.71706586339593
11.639281444593982
16.86941845219756
9.524446943787309
40.42541117560732
20.552400329725714
28.688199493441395
12.210497719380363
33.358944560845444
56.9636339265963
39.129127655437166
6.666769058455025
20.75117678080302
14.267913171989088
19.851799114232982
60.764112867637074
42.50470293285866
25.83699155654383
27.06689776332084
52.23241038440939
31.856074116106267
40.62425656994701
18.54613040221348
19.90302177077715
35.92350960859844
41.15922833409653
49.64958447149319
23.325406029614957
14.025646958507057
16.27425005575566
11.071989343497997
25.600281845176966
48.57461017298612
26.235541557614546
3.640682049140211
50.25495516288277
33.84430150445035
16.273362901377443
30.77471851449779
4.339314740609997
10.259469554904232
33.0454623703479
5.564967438919498
19.649945206527708
39.64385700670478
33.08899778522052
26.907358035017566
11.112991893881436
26.631907145682828
13.690418993755069
28.282730593099494
14.998518575279858
24.309807465515867
8.848246458762896
33.25514899405675
8.864921277199304
20.36182614075287
13.239804416425065
55.8104162559957
22.068911167020616
33.27430457671022
22.976440272168794
20.95609486052582
20.512949232997794
11.986318138506027
24.123763100978532
32.377428822509685
14.270836177370628
11.00834782424641
33.62097148809719
39.903852570367
19.9009133443391
9.932081202984763
5.706649445151551
9.713272076395654
7.044913877921342
19.956891942276986
8.934517976816092
14.987380302240576
4.758518749759594
39.811148753272285
18.226319527176823
10.61093703807544
14.091821733849057
18.23649364922116
19.86180704887541
20.5772451051992
41.00003597707063
27.965513616237125
24.64840906490497
5.093556783965178
25.649626800455295
6.881237116129743
7.805595437398514
35.018112619244455
14.542380071831507
33.23265804749566
48.013252630858794
28.742432500417152
12.85004672969657
37.72078491052413
16.71660737251295
4.37816961632329
20.239743859883106
13.478115926237892
21.806557615202443
5.026791283522514
31.292606174715903
20.035990617852484
25.33575608894461
11.293523985450499
2.479756381738979
5.329038233095302
24.528819566092558
18.159417213702913
4.341936965558239
26.817660435995585
12.256114889242843
24.47435685084689
31.583056732544772
38.15860241414134
16.72644751271201
18.805880883137714
13.582111393332132
5.480752602182456
39.245292721568106
0.7615039253084781
27.254522577359296
19.941239480275012
24.781967708427082
30.282051316627285
3.1334133625253973
20.657635343146115
3.5030196480739595
14.221236808987348
17.226514623477986
23.627718255909276
4.751112642411268
25.008574858451723
33.08921135973084
1.4165845941890143
12.930089632944133
27.292778163574955
14.655636517818847
22.434550876284664
3.665969258974303
18.185653400183835
17.944152039219613
17.754404462740407
1.3542698767078554
11.559781851489271
18.259864782673056
7.034621778331226
13.821482571637901
7.124346742105669
14.245005273800846
6.548941270907193
22.26893699448489
8.07841469959744
16.61267430518536
4.638251568896556
3.5406419195576744
30.571211725599348
4.0614446328202956
29.588390758478845
18.137672596159756
12.839590115105851
16.622772261077774
25.26439758433448
10.96759185231215
9.25589118801066
10.919411714482532
19.133064216470817
11.011292384475153
31.57655941318067
11.668233768093149
13.5369223889301
4.070624650202177
23.25485212455746
20.221343080611135
15.70316467105653
13.247619803532782
6.532586862990501
8.411678314516745
12.854695667588308
14.355642887991465
27.055659400840316
15.922918087335866
10.785152314770992
19.620748107775054
14.287437330668334
15.207982755413507
7.7144532752726604
11.622086198513543
13.143477402205852
24.799949786775894
16.239144067639042
8.761498567253623
15.124819805296964
20.457399537700496
26.561874055654055
8.504552975662985
14.04393574421549
15.838047390988018
9.489228191698231
11.457348161547943
7.721971510573985
13.19888901347137
7.332266649199516
5.466989569856479
11.041736741082588
17.47602299409842
24.89743476522172
19.500881102804055
8.600556568491218
13.653527647049657
23.158013443823485
25.43917847428084
29.650767597601558
18.50950715556561
26.723028215911903
34.318608598727586
14.86927661164531
25.75327415203119
39.35208998942874
13.97476495087338
31.100108287284744
38.6130687176714
30.316514110331884
6.792263538938045
4.811444323472791
24.389530517626394
17.49592654863062
15.550583781099206
10.680592898048584
20.331706020419308
15.461136915724396
24.783153812297005
10.892564931035116
13.324823831824038
29.246102208362228
16.60573426663417
14.045026962035557
1.7025020484854065
31.05142995614348
20.655283672802003
15.53314921602029
4.376665138767483
9.168270108309851
26.77688852411452
18.271524558551345
9.471680706034174
12.50035963338089
3.921669022486956
24.475808757850945
13.293464177230762
35.760765236439376
8.95434991394283
5.179263233166818
4.436065436209273
4.440908754488538
23.190111259948804
25.521912010972063
16.10292709479969
9.182154554394808
3.7129575406060296
20.818594974212626
19.753745161961024
19.541105800635222
19.046008308284062
22.938959472558235
12.07324925721509
31.012635313922083
12.794468209030828
11.999553846629674
22.53348513463237
18.26371383561007
2.9172956477527086
8.136946639231569
20.780500703040914
18.50969521664629
15.17791563839155
37.44084747872412
13.334303779562093
18.063742858644638
13.240916336947969
36.81478307723841
16.989998847032965
9.830029697736876
20.39976103248953
2.6815249535792622
11.275548569387519
13.673133009246712
2.4005653694604847
4.1497295844819835
18.979895740669903
4.418884782586303
3.8548086884008708
16.784475412030698
1.7396287912922883
16.216393588749437
6.655877934499495
13.551612607924785
7.046073314531986
13.601693034503565
6.603925704759997
29.033636505554046
7.887913441882603
17.289798652369534
14.259046645935253
11.904138236139433
15.517821717683834
10.505661506670881
20.339625317082827
4.897003875319121
12.953093536277546
12.182090841350504
6.017682594398804
9.680618892279334
10.426387841898682
4.955348646131062
11.884942400288487
22.537565638041364
13.84965471001712
35.932804853091056
13.258984208032233
12.159054470255446
15.883937773265194
18.335722631756287
9.689402421020965
33.817147495349744
2.8984476192600117
17.34628524724844
1.7702483016529433
0.9559299562384342
6.092257850654509
28.279936846225198
3.2042961881664125
4.8928947582543705
15.087308893496772
13.173689224391246
3.2790319749061796
5.943750444785124
2.640278203336602
3.094761733193376
4.532513659251016
4.797782829467655
13.568808204861794
19.793676267007264
15.674206534907619
17.077870052526368
9.950968733614184
8.486197304788874
32.05653977843835
14.543856692812366
14.19106794301642
8.011184260197497
5.940875084653862
10.899600728104662
31.79950610229496
14.04178781067045
14.530862257561314
14.204682782777747
25.40086077078828
12.178719710390904
11.350913235124462
17.88698739821189
15.755919868380238
23.894057159325715
20.97918438471045
17.313079954333286
11.54158277073262
20.754487520729054
18.21059594373791
18.174221534271087
8.925005986061382
14.453523260220992
19.271258805562567
1.7772678502875283
16.941561550233924
10.424679696378195
17.463732580626615
7.514515681168141
23.248830141487524
13.560958515407032
5.338698671603424
10.409217250624392
1.5289865223733958
9.725333002733404
5.018089259460502
10.049566450792549
14.880839037635914
2.6937350093345653
13.136743383582697
8.575120185000028
5.830846564317121
21.277937553377885
11.899618497113812
11.285255892487468
10.635729064887425
10.551083665052799
7.9286024300471425
32.883919086102736
28.356275787930365
7.031620584417658
15.278331927577037
27.29143773698281
20.493825508028067
5.872598483524845
15.531869049544227
13.959300111394041
22.070322967615127
9.847719279415182
15.02853309364552
4.354360314648597
7.825334219210031
22.831400883153318
9.08385577283156
7.8182166566570075
5.1663099675537305
23.70832282473203
8.141503025552588
23.39583613189363
15.90833858129103
3.8186933117726856
8.465277813411253
8.10831237689014
7.550983504960407
10.192026962229345
13.356700247630085
18.08448805853893
11.76838761559306
3.8669080541257066
20.00946726980572
4.079149974708719
20.588231824298
14.880595314894991
16.550199630567132
14.512908804124336
19.374715064340037
0.33153827547155706
10.779264267179393
10.76761225717286
6.809479524639569
2.3976078754537395
4.167074057325211
2.470055549558293
8.787453297035242
0.21801546049129983
14.376879059211408
4.038109875633513
4.454064978241953
6.927682923445786
6.649799320647996
12.299848406752398
9.04505428694123
12.82036960975235
5.904170139147108
10.012094387792585
15.418052672117497
14.498658153519429
11.634091311020851
2.834501073060415
6.764518982576021
8.390473018825567
3.5942629595227014
14.186170919853529
13.57826997919737
15.968445930953463
7.869143927375636
14.756022082459156
8.711731310551636
10.10548437991182
8.38797912471733
3.199734946110479
13.280998042120002
24.351165638547947
6.64031248720932
4.864022007473484
13.155151858673223
20.006984491947737
2.9447220045354774
10.77497153758004
20.30817867690428
14.229038352144599
12.029417977615495
7.1204795093305755
5.042539749223658
1.9165880383704443
1.5897134632812033
17.342273393714155
8.36426618305916
6.899087876825842
20.448557487871962
13.109187196381368
7.168988038042163
11.142672581745964
6.6267833646663306
9.180680467404976
6.55522964378806
13.448782790482174
7.6268028201214415
5.574589704509611
4.023543073321134
13.635785185109606
6.783926495455568
1.9975967544392954
13.365639606700434
7.675398015557755
17.58402054890753
6.004479937467281
3.157294302466699
14.569768177108399
1.599529826872308
10.649955452616785
9.172290079787283
6.481985497755356
7.2106099706472255
10.283819274795217
1.97402144248447
10.207907259798136
11.831141826491551
12.231397713396525
1.142360616481549
2.6368136447911867
10.466948225561174
4.469421815988145
4.174943905328626
6.978991879169575
6.156206527690498
4.649875933404452
7.875899683726441
4.967611546147661
9.94272445954266
11.216567670897119
4.127998808371798
3.9272699797406143
4.228495025474218
2.050545044787666
5.175337181732339
13.221616913734113
9.954686098003162
8.290154747455418
8.231928150232093
19.267308105116253
2.8386036071570486
3.413990922056941
8.726030005904539
2.9372864119768156
5.401514577812218
5.443890541170739
2.66471008077786
4.848934919932909
8.208321847014647
15.837405975624772
6.711881278767485
6.518279625519177
9.66549076006115
3.6183049784640477
7.747463087150428
3.768184953966356
13.068900442952103
2.811909849485594
2.9279205894371447
10.56248342446367
10.713901170089681
14.781341842601316
3.1082228591976944
9.529023217746293
9.673514108957756
3.9626067447966067
11.345417567472754
6.241295320159644
10.238020817508719
6.745715361964962
7.693645134779704
4.399869808295811
6.481237958847196
1.3082937001858639
8.517577830022933
5.494803697926071
6.153752326159803
1.6407224821071507
4.093065715560927
3.4875287547561022
3.7299492625420743
2.123378050371326
5.728419608448007
2.905237156052165
3.962843783053721
3.389221423413614
1.0449457131180973
3.334086766956725
12.223757401264116
8.049291824664023
7.683670515992141
4.341408984458425
5.236396791789693
4.4923220348574775
5.987393151372204
8.494207698735995
2.0981411215861026
4.6684408892381315
3.6760106666816
5.638324516955386
6.236047666947664
4.676364408388755
5.489943182307693
5.813543472444557
10.984940902456374
5.352967064220066
3.7716542937623987
11.725187854478966
7.839585675915247
6.902569174443942
6.304273729282493
10.53244885495051
3.882643740361006
11.592609042042227
6.2299467539178135
0.6136246085010998
5.811010139090099
9.44687389701023
10.851867493573659
5.650044462716255
10.859744596357897
7.289086631093195
5.2980113116080565
3.244838169376348
2.570460867031903
9.292839567358332
4.918830192047421
6.481923521677043
8.038599553451395
4.978499663734124
5.112737775538407
8.121549644109102
5.092930435339112
7.524774305348051
11.492947652490118
7.270812998882543
3.9357018769585226
4.9504802413795765
5.619880818196253
5.757908439088902
14.689375647517164
6.081189609728028
2.682305315723437
3.1883416744930173
2.429380309282201
7.2425163143647024
11.436584310272803
12.77360317333505
4.379635748036075
12.60445304432125
14.008482009345464
1.9124601361948677
3.9484258720954033
4.168188682119648
8.224412403460377
4.745138579533182
4.173860713094925
3.0932777658360986
1.5719643077776908
9.617114036798162
6.2845204445046114
1.7022249733921375
6.9183632400030675
7.413542225330531
4.198534174989177
5.151848086352094
2.339633439181847
5.986552359084741
4.869171295477736
4.2235193148495975
3.2341395263421058
5.400897351982703
3.674628012702531
1.707752302486963
12.697679119325889
3.873670940062579
8.315942782717103
6.390732779421192
5.286066048427878
4.163846806415623
3.0304270578150643
8.185683292897313
14.9419440730649
6.898056292949849
12.678627667498905
2.9267395244966945
15.489417474950857
4.9284499459102635
4.787296763125593
8.65500222880422
3.1194281833686945
3.8760256553694696
0.8496370975828854
11.570640410308888
0.6253500015337045
9.520712603846091
4.335091729472415
9.583572337717536
7.709750784344123
6.682879907382624
3.6458299702428927
6.868586737073489
1.6931808693551897
7.185946342723813
2.2083825571784046
7.82123477402816
12.004600275241046
10.226079028883648
2.6505864219267927
2.551957229605819
6.705438206773628
6.487746406243923
4.196016594105965
13.023570855562248
4.5167969856081776
2.3080511518660884
4.378882104516787
6.508348351100674
8.711881348083665
6.621991813052089
3.0103287662349576
10.881047965772337
9.843615814971532
2.5341416444512794
10.591931611029326
5.276712046173097
6.569133324254773
9.308241175451924
15.164461191363888
9.38259193828393
9.094803950738934
2.1460026785369517
5.336334432438376
2.800377014612462
5.233411204494347
8.883174597918622
5.399642109148597
7.00614456937867
8.119776443879921
3.627722678883406
4.561406840334048
4.291344629254319
7.723458826723197
2.039148791876697
4.103429481154336
9.950464284528596
1.5280660415289264
3.9848983233599227
6.2533689293605805
9.061630756109192
8.170168361351408
4.21837252676851
10.123150340719071
10.771137937276075
2.727246058940639
5.527433179447773
12.430393400738161
6.823196306003288
16.735631076134673
2.6497921247143887
9.268725046158583
3.0131505518481085
3.0551368714583917
6.03954629554659
4.316481843620838
3.856583692911717
5.538620461519641
7.799675877254691
8.394331601176038
3.558438670616194
7.938539468769501
15.777146625520817
7.711525447548647
4.757600767986039
5.740077980604382
4.71548115197752
3.506588528116582
10.896876930201836
7.342354493655996
6.706415454523247
6.295026595014144
3.755569682999431
13.065651055009019
8.324014302245425
