122.37429999999999
39.50269879290801
29.027685293295225
15.103746916054893
52.039906888906714
73.03192978755597
39.28471076148915
215.44647342046383
464.0153239486359
177.66167354556188
191.438669275519
110.35993267836076
260.2379038166357
304.17148992031827
440.9605441797714
344.70458115099996
508.5346918789358
341.80781002997014
30.280802679675293
77.40477986898462
167.99615734827785
188.00048647653242
311.2338986774332
42.97161351871064
142.016389777589
120.12099056341565
58.75683175331717
21.83232489246762
265.03094187668756
233.1817704218479
127.88078756890458
253.0968590984482
104.29869470714809
126.70917057079045
33.26039447794159
127.81145258875047
223.73997788910995
51.255024054167215
206.25647998333523
30.71685638742541
249.6655919128817
73.80252534429675
19.072562864679114
106.8531715883252
355.9640226630832
175.26466895713438
74.69644291763144
93.36739422795868
407.02982920215953
406.02929154570444
426.08914041751734
129.54043474525173
310.01448519740313
160.60401858681783
40.25601512487682
302.5014672807305
379.83593280238057
338.937563789096
184.005964898125
251.8822970196751
124.56959926169192
53.27643540064077
247.2878067778811
88.40968136022077
197.71239150786232
540.1919237200261
149.3901044923103
201.87403888236125
96.83293378881686
141.64541101664733
241.86536855773437
64.7402546606761
93.6123738508656
127.21776992082049
215.30888933618618
47.80676530211208
80.16492193820342
232.8975181564976
337.4913692185672
79.43177902106326
67.90377186691968
91.19445970697078
167.99158116103416
239.38174004814644
192.61182203690356
50.847808281900505
79.83325720379904
65.90115371938192
208.55983803083606
52.419663556548976
116.42524669977274
74.99206619456704
85.29281136191157
114.00571381947665
23.743294505636804
81.3213469276709
172.29551246952897
119.73406956282255
89.10425207747501
60.976559908899056
188.6877931236277
107.21831188500342
25.720211479498918
111.33684077997978
30.30595847763194
37.85232166379106
52.04934011732548
139.74203093732004
93.10945941085419
67.34136540578726
30.821586753871493
38.63381735086547
59.3189960696385
160.11850895273233
163.5153935426769
100.81667309693104
39.27818474041422
60.11602132405084
32.69667384324022
65.23216760432113
84.61996956594238
84.48529170037966
39.981244955429126
105.52904114048707
62.261756225783756
68.8745378875302
49.99407430880757
137.56921763904788
60.994309821813346
155.60635057052008
60.82807607541498
31.900810976676297
35.1926607019505
80.54430418047149
75.7442512807708
55.910046675480864
120.07746996597328
71.85770468466039
105.25581268313421
32.17511011678117
29.51885695102403
18.45416772079743
34.36022276891186
81.08866939040215
61.77545812981213
83.78913204516313
47.34366656070059
48.106182715175024
36.839561826252485
38.87459475651546
68.18304090136365
27.922724664305804
42.18347052068533
50.49264944074256
40.261304761509926
51.79458900798551
37.9628276912101
54.78642199094232
46.72278088339422
68.96560005637295
82.17529316617355
45.342664952423554
48.22042538578695
53.11692074359704
15.542290279025831
33.52983472783076
67.73094369131901
47.44494615748394
19.473996417395355
24.059162533491605
32.778973912436044
22.799951521822077
50.113260929286895
27.440102172647027
8.94463304284369
17.836703681259152
56.76970330529166
40.03910560563674
29.627273266231615
30.592157266636992
65.83123712901144
65.4239479413712
42.2287354473808
43.68188270354564
15.19570239324921
23.213710082513668
50.53717845509475
46.55131063378005
36.614742062177456
13.099181683433853
21.345098656092024
41.26149372284365
22.319470200661165
17.575363052846573
50.42318410310704
7.838658866871514
18.859878016214875
30.904284262159074
37.7196634454754
10.9003373837058
73.19553549185959
21.03876719437149
23.967654463851428
6.464362759360896
35.256503057054836
46.066171164964935
58.59952370618156
73.83400495931379
12.976558959786022
23.001666877832893
36.869589826147546
17.35436486026448
22.85629724162992
23.7663454896633
43.43103883739326
44.02234281109333
38.4225148299789
19.91613078612861
54.68042283772331
65.6242832113844
4.475102509846784
12.573812837744416
11.494171727212326
38.962803809804086
31.734466999248124
24.08845836885449
17.98194107413522
47.55928998321333
39.416739801378064
39.69818876242373
24.500450035493753
20.320551274547423
23.889999559568896
11.144351351287987
27.71177352925876
12.061479290918687
10.610349887362974
3.9020028333735524
13.357790738794922
9.576025496948956
28.810268636026105
8.968723370689375
15.017417496581036
41.77072647914111
21.890476739073677
21.016456276723165
31.720916308073196
32.81282322224981
12.914767253916875
28.874168403718347
50.72954142511324
14.438856931644127
7.083359906282124
34.25488513330157
14.48710149963707
17.390177174888233
38.30494928263112
29.550555911875122
22.628777453992633
16.119111059279128
33.136815936868864
9.12619725019119
6.559363852880064
36.148258538214805
38.95581373683594
21.548167914624813
20.272756266523132
24.166128503303064
29.207161544008983
17.127598439913427
41.53629101493947
50.673737436059405
48.760091419131896
33.3665747628203
24.96678796210676
24.671218763079512
22.5131893038452
35.66606826392186
39.07020908084617
38.34174913245471
4.860366149470548
21.75373059182302
25.41402404429388
37.36305015425837
16.728975090414885
19.54346636122217
34.0344517838848
27.310576411673228
11.186395664836347
17.81636648524818
22.110579209370194
16.7354289518552
7.058322294726862
7.91619070084802
23.099295982058642
17.191650928529402
11.314008625692098
35.826109248391965
13.644764165172882
13.81804884096091
16.258836601714
22.305808527499618
17.204079777545417
16.752181376788243
20.817629514349907
31.832364016038092
41.06362769232796
4.783073891494349
34.642913371822665
3.2640480219766417
5.568327180746064
4.954693356950793
7.937778243785368
47.520511339824175
3.881247587967673
19.725788496092797
34.518056768477514
25.106834289791163
14.140150732391326
20.339061333607585
27.19259690990767
23.08110937359621
29.287310308357064
37.701242930165805
22.126772889213782
9.551314278495559
23.533457935221268
5.512996104295842
24.08249255969178
32.19588153378607
13.60621662680227
29.93541755994721
26.386226152800532
22.443253464820454
42.07179973826962
36.130230021982335
8.485781660933595
38.61065837448737
16.776253372662026
24.88751283374935
10.45368911502242
8.858050985127528
13.942252718686674
23.05634819859793
5.215738088876592
9.176425317643218
18.730546313973502
9.683478927009423
10.05434934053253
11.480437129044478
38.52757595014985
13.642801615898927
13.034386846983507
18.992875373079965
7.899686429066752
10.40847135550601
29.284190799339207
15.169320273445699
15.366671684030258
30.657170952682264
17.936865035655288
12.69894435804209
21.121457543742466
8.81687943746665
2.6375039613967326
7.182826846176301
18.965948218077724
9.586850540394966
24.893043658345377
17.14132072154843
12.667682201279455
27.839612522061934
10.05727997341932
11.423160719619021
16.533618030985494
7.250497908491523
17.611763829076544
19.582556207600994
9.674525593902022
5.26003152079026
3.4738745499858927
25.266849613951294
11.687018965960425
11.765405495536807
5.853415691909977
11.453756001738848
2.6932931376070894
10.830223304662423
25.35826141164402
22.710754577902375
6.7073695691302495
24.026250373098097
8.07928537045754
13.38466484107596
5.432818742606994
16.70784674234471
17.589381638513146
22.82117181473186
7.343140566124295
8.753267454439518
34.33919531784497
22.51685098191453
14.233504920673443
12.191402147840119
11.104759940047941
5.727439548871501
9.50032854262926
22.184087805325046
28.763350357409287
22.350212463117686
5.488465399185025
19.592319962681103
15.097474419830828
20.43527828915687
9.933162344595413
30.907406136109515
17.916045155450846
13.640257172200732
21.989276970897905
14.849816233100402
12.662052303609478
29.592711928992042
2.3734070016248516
11.405066595168767
6.54962365727471
15.471753813068771
9.034645447548419
7.552086746132098
2.507974563565803
25.33915324186057
13.031677629919178
11.14315859842886
7.121383116407938
23.719127777565674
11.577516969980193
6.89896267896303
9.275536015509283
13.173510749975412
6.425165763017097
16.71627441677647
15.700599365303178
13.631439829256228
15.285365443871127
15.585585702451162
25.255576998587177
16.96082339423676
18.43874642649823
15.97369016363746
16.499170009474792
21.676012718334707
4.547066277916341
7.150223305447038
8.918685591424065
9.824668151676619
11.083563719442605
19.339458753609875
27.596948565186064
8.056538996485095
12.096144808391987
16.87528446037207
8.67311220652643
11.734020870082807
20.50797226747402
14.425939125415866
12.09212613639126
8.40049428042887
20.967776585092764
17.212121371557263
5.203035965642761
3.653417742745537
6.394199567971148
6.338668391279744
18.86216649444928
21.184225497652584
15.039215642943846
17.98163948045069
15.477247563459967
22.85966066851111
11.126055038888383
10.530339050217592
23.44491893332535
5.115069871888599
22.347030979067156
4.819659438097813
13.694947563225638
17.688993902629345
11.801885678149379
12.518577283014539
25.732099329364335
17.357890803048246
22.23309323012477
7.245672640272523
9.4447918858399
10.802982634860536
1.9006105006809837
14.3387727518207
15.10013458287526
5.018106039318615
16.933995179255433
24.168961765146253
24.301332214338913
10.791486127936759
7.726451266929594
14.278085228842375
0.6779830838114597
11.115227442747848
14.28279482743533
15.745213202742686
7.120042906467548
6.713527333245686
3.158210031470476
4.228722987424936
11.877871299066598
8.093395743251254
7.336202726974947
6.362068392760633
6.457403909691423
13.617397717802257
11.433845161895375
3.2195869271203494
1.5575474173797421
11.401086391942776
5.3418499822767025
10.669418928154563
3.909415467439388
19.45366890962706
17.832251796334084
14.96298225009832
15.921291690575975
11.438118134164357
16.10345416360091
5.206753842550434
14.190806805081984
8.765716201893115
13.337031878600268
7.7383188432651595
11.519960731190748
13.82666708073422
12.108327101578515
2.5681746153510456
15.389140909062201
10.673432149882192
8.09706839824992
6.4284757028508075
8.724791032248914
12.497901632155326
2.6984137311865215
1.8884064794505468
4.6801576750434
20.95989331439601
8.661508318251622
4.664885740811109
8.392870539059249
5.832698539735352
10.364113248026461
9.980912426785455
12.388310418511121
9.288649580038093
1.870229535751792
21.123065386511275
12.90361991768888
10.493320548894747
11.369855469735812
10.308309888867505
24.7210026558275
4.811213470933859
11.415541454589407
15.42826884147476
7.209383316585937
11.959125872733765
4.957798254103599
2.0258370846763616
13.837101667039505
20.668799173000075
8.992912348145932
16.18249844790297
4.506692139027981
5.988250028435436
5.326379107046897
15.155637803020365
14.542662106407374
5.054817960580465
16.765514266389076
10.597826498180124
9.337131043197893
24.864175851485367
9.80535051606701
5.420453312086549
12.137053915356358
7.36607454105111
2.233370245430344
18.028862694676018
6.56090975317864
12.49385349674405
8.997715657034645
5.658272583752368
19.251689228727813
10.663124464771188
17.30251775769955
12.952182489529335
5.828133430808098
9.333725427105863
10.932273400613546
14.391710392929417
21.515906256776915
5.852128837545366
11.312556374257275
8.137928594803682
9.444898363874312
5.690349408882439
2.292251830176304
10.1609337225343
27.527695849559496
6.142481212449958
8.125704577276382
4.854857793542735
11.140484386778606
3.0747406473602195
9.635837998163215
4.0794620312598715
8.512804721248875
19.71226306655661
21.73396210340806
19.571489466674837
18.16475613042491
5.606782732333785
10.094865467486715
23.637686804570755
10.785624396826725
19.440909009383038
10.799049027817402
7.79599811871627
4.7693201596056145
11.196783279466613
17.63735219369668
11.557948758918048
8.421888777459374
9.08982933104148
8.236037527202082
6.214084801255975
4.167325422588969
4.31102628113844
2.7651724797995674
8.324456389472186
9.137292628748979
5.2900872763781015
5.155120830857476
5.504050821637226
8.497491062378172
14.73760199752425
36.64596732405033
10.369520200250728
19.91939240779994
12.543237567911484
9.323641654387158
5.737560155582663
13.644774572965188
8.466219850892363
8.853176533926831
11.118182507638307
5.127462429525624
6.227582936175115
10.513774979939818
15.467657167572282
20.105339638704493
20.30753876708251
2.0739831151697885
8.92625742156732
13.937867862229417
8.51485224093904
9.595466161870325
0.4954941001141015
5.157010328445817
6.58734408395396
13.80819018649711
12.125803588746678
10.739049718673149
4.681791213131387
6.47948946259304
2.7918798914357152
18.678388937571448
12.704584411419178
9.139211632632579
7.042237784565168
2.5380008115232724
19.533924700665644
10.820709954903231
6.6234264396708475
14.914112665449801
4.9986284365185405
9.412393988920117
13.048172284700698
15.311520847374357
5.546472924083583
12.150411703367952
0.7648379511809759
8.068108112061392
2.9287727772081156
8.050336102051109
11.36023729278222
6.769224788910469
6.620955277757101
7.2593306435779255
13.577713478789478
1.8960444862874646
6.865732807139016
5.436319717742893
7.5991272814624935
18.053019101204733
9.896973987207383
5.30575055104164
3.6908133589334144
7.0105477416599316
16.69929801109238
6.113745393906341
6.269693781329488
13.593329133215178
4.292269011260131
11.76771041053364
7.948650144616473
3.6658153708343035
4.116518242317878
9.037833987874848
2.921814486535985
7.805100643939483
8.661403159940038
5.203109169133943
14.046373965941987
7.829523375559046
10.137981166857223
7.60515153301648
9.078681264482428
11.135342215434003
8.543383995792944
0.7271260757619666
2.461202501132885
5.536277357321792
4.4706430925295475
9.90547056682045
7.6714673850959985
10.097545839701178
5.712210969066815
10.365822964467691
1.6201288658222888
13.539872169767351
4.07731275072954
10.750560345717584
9.686294802191622
13.14463432628319
9.239146149008404
20.40517842167322
1.5402914032515114
16.385156184203
4.418015477843798
3.1270359860752124
8.94866624937731
4.783937557879768
3.676745215740935
13.146723099258569
14.356403540103187
9.341078397765918
7.392001148710252
2.943540689095432
11.644075936693998
8.123766984490365
4.1220189391615225
5.782600756739594
5.885368974929321
8.994793162690836
6.5390602818951
11.215017796957133
4.350307913986502
6.046004884015701
9.84657873764856
10.608810979718982
11.44254422417695
3.7747598405904386
6.884317833160979
4.285262324070046
3.668828193492791
3.934127885980207
7.073238175954185
4.2727803678465435
4.473397940861654
4.973181042178771
6.365629949240836
15.285511470298038
6.697093016425227
6.149056916082935
3.368795168898506
5.869083446114761
6.66693861615567
9.35227667589765
2.7294022043086206
1.6541588246682077
2.7800918348991424
10.751909703018052
7.616085079565581
2.561190821748199
7.875121846410281
18.034866824777637
18.29799417639363
8.468801058468733
5.533745422848158
1.5320982738403564
14.354054122329762
3.4757725032667843
6.051015285209107
2.1469032218663147
9.09437725250903
5.872691872065671
0.08246685738607223
3.302243854377215
6.702168647682625
15.178097660777674
5.52592642485863
7.866991939466016
2.2508126387979424
3.458749314362819
10.147139914024551
9.89084938481602
2.2184407054659294
4.657251512295924
1.6693002219073432
8.28680655970115
8.862076447781764
17.403153194742536
13.894454855101985
7.418468550414886
7.547321552356947
6.221864191369727
9.72875230785279
14.625099077564634
6.957222041953238
7.485750028690798
3.5418147085119958
3.933882846071793
2.731264526657185
6.153172397505095
6.455573759925324
5.520007856594877
4.345353912685925
2.9877930343222006
4.600562446100082
11.117554315277948
5.820642577740234
7.120446756036846
5.833672282701651
7.593041615037417
11.546067451504873
0.4426057934661208
5.393179821244493
4.7547847336970035
5.989127858189937
5.062357042689836
1.8203197986637167
12.043847772844812
2.83257380205709
9.243715179204779
9.460138498815871
2.629985334831616
2.9179878229159657
2.953862167273399
7.142959776122839
6.718473240964227
6.131341542097254
2.5477277634787066
8.021409956267918
6.163312386308588
9.397808555900392
6.240159269653105
8.68821900657394
11.603166922170068
5.769604483662789
3.5581875870056767
7.732442777163531
0.6127499202146306
2.7037964491796744
9.198362946272825
1.7705107164465501
3.991445078141151
6.43562427057249
0.9194513903200887
10.358059085813862
4.3283380397265265
6.2187064776632175
6.495869959018963
7.445438454122434
4.15599632148022
4.425787022619278
10.100922254119713
2.9088691495051635
8.849448961007422
6.823888535002792
0.6314047632781755
0.6524736208649202
3.083980160671735
9.477848255874317
9.375771472671827
7.709227552732664
12.533025793555723
2.2419821430749898
10.47653928312839
4.7731592178311635
12.09535998774539
4.9138540584646595
4.23142819659976
5.558815832809284
7.795873470324301
9.286512393701386
2.608998125837788
9.386899766501704
11.800162693958422
5.113297765872071
2.163039929025172
1.2439508514930806
3.77508515271703
1.299133349950342
4.831022055196753
1.2577097952082745
5.80441905780826
3.671301975899975
3.617539069293852
6.791304622867414
4.312755307661663
9.636112924489778
2.6166463999025327
6.649227667162122
3.8089128123216445
4.447406320865404
2.2974671183116095
2.5523912666190243
5.580523753103791
7.344578401363073
1.4502878796124063
1.5669882470855536
2.8568707722082496
8.045433489151833
6.560270681714609
4.292029596503612
4.144996308289496
2.7635183502601803
7.205580302462038
5.239506100916382
8.578024846643237
2.1458535595548938
3.6265164437896082
4.449825917895996
2.7924327734927643
2.07113537342451
7.000385665025926
5.281421667575796
6.185358716616068
3.969172818071549
5.753833954920725
5.727274209603358
4.227582479932988
4.5316323779592285
5.228733961512314
7.456815473229889
3.8122851936948634
2.855135667081263
3.5701202146710074
6.484796152175308
6.686558662879467
7.364790609523862
9.93523584314298
2.0588815306248467
4.314910027509549
2.347667707643496
8.274106494803577
2.5222898264714804
5.10485803654215
4.358993370904817
12.83414881519774
5.42864195837985
1.0569323015237253
8.861702677410063
10.373611063048525
4.557253644367704
8.812974250367288
6.477423458024184
3.8224623099030355
4.988514918010922
3.537105977809181
9.721193907483965
9.178125099818594
0.7724427107286982
5.778385214902115
5.665980724938063
3.5760101575137666
5.251476530658663
4.579250881202983
4.202271142296301
6.928405456588263
2.4337956654111985
2.7601496159251804
6.310688180603642
2.9479034587393107
3.062442369796884
232.6626
26.342507165944333
18.96638619392918
57.8509221464756
55.648863153530684
57.32543717231449
53.137266246249276
146.07139820937812
51.625549998462816
657.2594539232574
96.01991042601986
133.65661692713257
73.98842616376372
108.49446508255043
58.79147233853213
78.27178065315877
149.75893520883713
178.97735862279947
516.4143967539384
119.86388459574309
182.61518614734854
167.46368531888345
151.0820786333599
9.786977948827213
189.35689948845928
185.58788996191498
130.30752099536903
217.73706805439332
114.705300430644
41.51169936776727
156.51515066444227
130.10617761393917
160.35109353650537
63.445235923056345
91.42410431251928
347.9982282187384
196.9826253230751
189.9196441892187
10.885566833896892
135.94774658534584
159.78793813428695
261.9437717863218
208.9447899347804
452.8412013799803
124.11069750849117
77.22569735722954
143.98474865104
105.97165631960334
62.943017264924904
258.84525982236295
263.8143284924697
145.19443408725851
192.64346016369205
371.3120928534342
80.2861758637367
286.1521355877642
146.52754921817362
233.8310060055598
102.53485494712247
306.9940113506769
108.31044716000329
148.91205902787726
58.66933721047222
97.4606570807424
219.29054278663537
293.280807227531
44.41789579016261
51.63758431412398
102.97635870832077
336.41974445785024
54.20446165410136
157.91628626459988
17.56942638302413
85.76669729476825
44.11583855349827
112.18346200580253
32.91829374782607
230.62639801480444
163.36390910980998
96.46446237478568
80.13030773596648
52.96984644643382
73.72880743359734
115.68676134971838
97.8947796505023
77.35360965311371
133.8786557018556
238.44002577294214
151.28421263039277
19.519119560802686
48.140550283638795
147.77209980515028
151.9306692874349
54.4504592259526
101.4835749530372
226.6137161712019
223.844006868165
31.388410937307135
42.45487481468825
25.356617257657284
267.0735065364847
46.45099924786939
184.81794956229297
66.25608133479258
80.07651365440353
125.62950205574671
27.315915143854184
36.450729186292364
126.20074900427863
77.58028171901381
56.7500782541972
190.868701142477
48.97956667162332
105.79003348472332
17.062540162604304
10.649194595866543
81.85703521128883
84.93719804441469
31.640081818739173
135.65479611106963
13.251495339521595
47.66508656201371
107.25733706525192
72.00992462180223
74.73882547694986
42.28872749484648
14.434120316362081
106.87200413332094
56.04362826450971
31.720824604648726
56.1836062058619
80.54122424950953
79.791577697683
38.05728912360124
22.012733488521622
55.24209740766821
29.319477830227385
11.521605964977589
65.00467116045823
91.29304616040712
101.15311644058573
119.3060664269554
51.84931055894918
41.929846459155044
16.251025367670646
37.72277288530283
19.023322772842395
101.15709397038259
17.128494430069075
57.351470127724355
20.64566103169982
46.98404925830814
56.68599874334416
56.90778233429993
56.66508033709875
27.511553049143206
28.818654234452325
80.16578865655023
14.234646467879829
41.23465870949587
38.76265283063316
34.667459586659916
48.342637350657164
4.6554043750818375
14.872582297830823
35.42429800090218
64.73602343054266
18.09820525557252
68.80140040725982
22.160896046529313
49.09799647652665
29.432677301696867
39.78581848062913
13.971532012430636
36.446864073400576
12.489866546576636
12.153495923449654
77.42377526607105
33.19272260306063
9.497027255342744
57.165472856217725
21.212313326208758
28.260691170967323
61.26379629772441
47.685275558411675
93.36454161900984
46.62666611569307
31.723346448653892
44.55612307512198
6.163372606099977
38.863588971913416
43.45736652230693
34.08475169951362
58.238783441710616
32.078950898255194
83.54684049210032
19.50518814030708
27.133502442626785
48.819565216873
10.854248342147878
101.5725163711567
24.667864555470043
1.84670828847097
23.352782315402017
14.944989174208224
30.83010372315772
5.716237761585608
34.40838851632262
26.484448605496883
41.6279434620502
28.956992749529693
30.592738078961272
27.547723001716037
5.7271293741829865
19.119141518705213
46.6554496453922
20.739090786200453
25.48314901837709
19.77377167437793
24.300217634529673
48.525087142499274
52.44010633050179
10.03222411355229
8.159547049008669
18.810628688691757
26.632345070617184
66.40848631101932
42.20201874996599
28.771629229981126
25.396116322026533
57.35462377342656
20.903486589642117
44.03424264553696
5.505979481592061
21.212029817753283
20.93577200873614
28.05122015947739
30.57112204546501
18.5591678739423
17.50083165057021
25.462182204160705
6.562604286728139
34.17853310213622
61.998814614430145
40.94492703719005
17.853341358967736
42.239322292689295
32.00328068628514
18.290668665466917
43.65478319620357
9.534339222627588
4.628380683358613
27.80485986514932
3.655523853960645
20.60048330751529
39.38955078992436
34.982200043563886
27.68713228243577
8.714164193103297
23.436717309354048
14.365087681271332
26.481793961037507
13.841774943983488
19.47630236198621
1.6712360370118167
24.736100939282988
18.05527007222063
28.096959311022232
28.288546599037748
50.77856080858898
8.42682530235464
27.99582254916245
19.603928712260473
3.584276047726787
29.968839092511885
19.64788948701981
34.274373851422475
19.64396494495338
12.32398904253948
19.607115612609313
25.3153375055381
47.76618207854339
15.869666071891453
14.697273134857777
10.905389799432482
10.678158952407845
4.9335683380321145
19.625447184231977
5.378750801753652
15.392692248586474
4.90344239522479
47.64502543771262
25.343686018289382
9.53665491844308
8.066059500749025
19.522991060338967
22.316452917693624
13.079101276430702
34.28386079834187
23.689697749902734
25.177994220744868
3.8023444599600764
21.772759646949975
7.20865792361843
7.364116996853932
22.502950020559588
27.28587202977528
38.4101578449707
31.04628027945063
44.55581587275051
29.873145548690907
28.32343564999064
9.223474657138595
11.839196031475595
32.76786879987343
8.064982445569063
23.060816587705503
6.152989745100169
31.7992300932964
16.814876373205816
25.961077820218968
10.638309706566789
2.2667415518236
9.117850506116254
21.108576441358334
17.604403206707136
1.8451965533046981
21.514968962802513
17.188649398380566
30.003163574216554
32.26428736563727
33.5223600861916
19.60462979887469
21.595857707586404
10.906355415813364
9.718009058294713
30.634451251639593
10.548606475158312
35.449147590808245
12.97343529197395
23.499659549876913
19.03615273421649
12.669908435777149
19.53796202558103
8.760782617975575
14.911410637537161
15.896302518562045
16.985672241867107
10.420465952716864
23.301591060494793
33.393064395175536
3.7551127720421236
14.14515326457457
23.16015864455465
12.758742320969862
19.698291468255494
3.5637937020246744
23.527485395423554
11.952875738215486
17.921748124086832
5.806789518876633
17.279003159350765
18.4310797061675
10.769039834998077
9.499578654352499
8.546333378504844
12.628332665750424
5.101174309492768
25.105822768641055
9.493706416680656
14.370152784878165
3.6238327600288898
3.8119805229420045
31.7749877178944
2.465955465070966
25.94497760952495
18.262529917543155
8.754241677617296
9.161186954526382
21.277690868139246
16.32229015508149
1.114949232027176
6.010169903296077
12.75236309434675
15.62822792851737
23.047385006558226
8.800604314867877
3.7778884364134666
9.635117086673292
16.20070783263314
27.53668319779958
9.595243958782227
18.325821962503593
10.21493123321388
9.757827499112349
12.912433578210551
14.753122103931176
27.700427471324677
13.57033199305312
9.765585075891359
19.693900014561248
14.97904260076101
11.959068524498493
10.369204012741156
8.566089299771898
14.616875762575775
22.811852173880997
16.784316098492738
9.60582074546041
14.617972575851946
22.32309033473043
23.27160427877844
14.304168977996724
8.700678835225924
18.42734596241891
16.081910808265544
16.158803515867245
13.611635435123903
15.678524956411923
2.493922367754013
10.54056068942735
7.037890898901239
19.670729234732416
20.558667013094105
14.635683542746326
3.2787821871194462
9.717521145433528
27.214590632846896
24.198666812999228
36.732232258920945
23.450744641337856
18.41300739643469
43.27373589794834
22.987550606359477
26.68233884108247
41.20430594317405
20.867395390847904
27.686456052331916
36.61697770641761
34.14655539085703
11.376461451217889
7.8969406477621895
23.76973127046642
24.516312650664997
22.36071574531444
10.907264201807882
11.138931906164403
0.8850876976381202
12.194697739615005
11.617093326922493
25.767160191408628
28.5933391190854
11.932148846740093
13.087262368989492
6.021584452862743
33.068625798712986
13.81431499325608
7.1503123586074055
14.185787992086755
7.022512108412084
16.05879540766884
5.645722412881005
21.37463094216153
10.654027961650783
9.258102457680787
16.70930724440472
13.578898725958648
31.775087806787678
6.161966878168635
2.993115962416263
4.560968439026174
9.279463732418886
21.31979078919625
19.115547588321437
9.374455494297122
15.764281053441703
8.246051532415624
25.40724737544946
16.513323975753043
14.727799528385036
22.147295926608763
19.92966171334943
18.221389552207214
18.628751920394706
1.3661244557477124
22.516432531569553
7.834160439506562
12.354422988197529
16.7878406480643
10.955349533364343
10.768383433159444
9.780257950240042
20.413324758405523
32.858652142703114
14.61342705724132
14.43088774859721
18.511917362907216
29.484182659658074
11.954346848239362
8.164825651118937
14.216480377133415
10.132614919703245
7.567372626268125
5.770196215115225
8.782254383652829
3.757970294357428
18.845392920099204
7.030458272547274
3.597961048719779
11.424866246385362
9.212633500565321
17.78818070330787
14.033416820704002
6.797626539439367
14.268120480459677
7.134190006785071
10.701680664498667
22.55752112892974
11.785423619796267
9.924452070807005
6.315281793712694
1.5306911319535021
1.4851605655616136
24.754785115850726
7.895505333437411
8.707551318314515
2.985548687754718
4.619455830627481
8.185592209039136
12.276643028049842
9.724472598537691
6.385978565636864
7.812796357720679
27.227185721009395
5.579180786341414
27.292540271339956
6.446042934827233
6.928047434319365
21.460333213692532
14.55223158489591
9.849272400058462
30.64782985842689
7.996767912488544
16.545011179621973
7.679895969922786
8.139731903460254
10.935672759036636
20.837570331321146
5.499719561965055
2.276097813799749
14.325887736762116
13.575445025062589
1.4299906411728163
9.750998205489825
4.491166235888123
9.778703305385626
5.2895589471336635
4.907418993819888
15.742348135638768
12.259273469433344
21.33549599052166
14.40877006779693
11.124298795477522
9.25044138973385
29.485064288696062
16.74725430205316
17.439051479546613
6.2614039525833665
8.25980222152125
6.979115199687066
30.69022642880292
17.44113521418438
14.754870409427342
13.56881986445308
23.924114766635576
7.9816031269003425
12.913417485275296
12.321832210991676
12.48815943685173
22.510122977112697
13.467089671186312
23.93821345159874
10.171493299241584
18.688356344591547
17.709295466181654
20.36067658509022
9.204181034748567
9.762108702565419
24.56943336903127
5.746867428204336
12.809072475607815
11.682598175709249
16.035117269647124
6.4670196788786365
23.154441154135377
14.57534342102796
3.6576148532000645
14.878058419099812
4.701861958707932
13.359493745868846
10.40565302820027
9.813431874940768
12.646140168198066
3.154065851229984
10.265794784831627
12.8247734917261
9.617926935382854
13.050022307008572
9.344592487044006
22.06977435934343
9.81224842212848
4.684476435056434
14.190772669430427
23.543348582925702
19.371712341801743
10.919493506599954
19.442166143375584
22.93628062207624
20.418320851006577
4.552977098351296
8.994975106118945
7.564056053878794
14.706608430033606
16.897796877615725
15.15551679549496
12.48382370843823
10.813973945918438
18.657230563270513
4.218514834801724
7.927890658503411
4.079037405248623
22.191969230874648
7.1419207082881
22.364850610508515
18.878558232968008
1.2763294032746852
4.55521377394222
12.300480778996583
12.006637479818764
6.511565598995205
17.74396362926096
19.05233169533859
6.949306873323553
2.0169499635799637
16.551488896516066
6.737067358859696
16.789402927685142
8.870595108983546
10.180275547238207
21.763181779003734
26.933352955456037
7.320733000382978
5.01279294652118
8.718529221756317
7.24994753525912
2.975262715589844
5.039492308444784
2.33080799707944
10.33637932631861
3.3276991054023535
12.297773151122255
8.394458506375164
1.4501567195094984
1.5903651800120526
5.1059259999298785
8.991821750304148
5.722966260004116
7.417002149995387
9.974447113924235
15.32127927993296
11.745467458721887
14.819728916135967
8.894666848806386
4.97678397369164
4.521985487920364
9.420755710444457
5.3056393015384495
16.29774195004082
10.849489642085738
13.153210194617419
9.452064813936172
17.867728316927103
6.288172811087626
10.313429612185825
15.101713774992346
7.57840915240735
11.052905571288266
18.242343533110894
9.210635121388593
6.035214073407068
10.20907450050714
15.315402185841117
6.495358864564359
8.176788879614124
20.641069472062064
14.24376518562582
12.781673306961544
5.943501362436061
3.944740801084257
3.150546533473891
0.8180091354913526
16.443431603670543
7.897391410387586
6.1128881841483445
18.021516368359038
13.24098456695357
8.560735652318957
14.676163086142513
10.516653068616533
4.225114127404322
1.5379182253546968
10.402739918626379
10.232704705203561
4.0980429651416905
1.3650119737379451
13.664772420465743
8.46243971461832
2.2604980687648184
14.475602575264338
6.247318458502223
19.23884670347402
4.958695965566825
7.306423840592205
11.153317869301494
4.782961435855781
14.049999557577927
4.287077050924164
6.568415107483153
7.766977188971571
7.938120665637984
3.5067580489048336
12.095152327748876
12.950558716842057
11.040053921206637
2.554984772334641
0.7352796106219747
11.516882766514515
6.461786120025576
5.881254126264143
6.302089559689376
5.280502391349794
5.541210343257784
5.711074433353091
2.2753140103135507
6.700094544816907
10.787814381920619
1.90644531973652
2.4850640163775863
9.609879195057049
4.092757767615935
5.595872444488062
13.618257617353551
5.392003308572294
3.6459683695307223
6.615342543180508
13.690750308969966
8.83581023773831
3.4538008748433886
4.181806995045687
5.401764463568073
3.8354659323131894
5.131851094062503
1.0410339401801167
5.46874243901585
4.115629792176201
18.22645942388729
4.335027163701328
2.728937292698302
8.78847832812121
1.1778609250871734
9.856894905064747
2.961799945486699
12.372344870720353
6.39915696022068
3.163316966139067
5.482839726335761
6.456239062562478
7.733771997421712
4.759427835700469
8.905086103621926
3.336974115297609
8.524489258876992
6.7251952819932
3.658063130421775
12.789991648823397
5.355333043802094
5.672889631154255
1.8605875733058512
2.632257267431386
5.832767706758896
10.035058761245583
2.5403704978021633
7.5408897430516655
6.49897318297319
4.577266222564243
7.011291976765074
5.127271136195311
0.6709546065137832
4.347397217049458
0.7472400932806953
5.9284591969490705
6.5211697002404305
3.731700641131389
1.5708144321179016
10.252141442275912
6.799855514013985
9.331318352316742
4.332269201097911
4.469354598920322
4.088084049682736
5.439956331214444
8.906817970691032
1.7959946542973915
4.215559127351997
3.9994509008713064
5.775337910361185
5.671877461015122
4.251556794881328
5.205952419290184
8.41221975501485
6.981434182975217
4.901815190666227
1.821244708766523
5.71633344304486
2.0524756797785235
1.2840076471220883
3.8166980992206927
5.325591806399478
1.3959114702541644
10.795504196485647
3.654870903557987
2.095092262790173
6.96861582514061
8.184248921827724
11.466022310128906
3.8824282881662864
13.339476317972123
9.20249249076
6.923053874579569
0.9299457203313437
4.659314900227984
8.862248673042169
5.818823093066382
8.210699316230189
6.861922367056433
5.359912822765987
5.992911265288244
7.055010570060679
4.646765068330895
7.973539177141602
10.923857673085582
7.902504529652096
4.936469458394331
6.470092762303936
3.7477520060317997
3.66626031538009
15.785058418489651
6.7954961088564785
2.3312196668569225
2.8455543267862913
3.694497784312786
7.020754247580707
11.790006796028553
12.57038818775085
4.901654526206209
13.449163961061913
12.964084648228763
0.6431124376487671
4.786045119244349
4.424554943492156
7.338957586553441
6.246929804342352
5.428664287682843
3.980065700270507
3.654040892481482
7.863368859104243
3.8896847325396435
2.3534923027191583
6.284692266609435
5.291555270929729
4.108088567137804
7.682036398040595
4.145637423886586
5.868945791483883
7.80872935554728
0.30210668556539133
1.074498582788798
4.400059930321148
2.0466652220493877
4.0250481887838445
11.136293449536248
3.3607835530113643
5.771126815151753
5.845589967763771
6.461721090205154
3.1218711471851273
3.727782305140607
9.363149938140248
13.86712865720964
9.541213441794937
13.597014734833023
4.856623764545696
16.881153942264227
4.0994076411078915
4.502248530962279
8.705229947399717
3.040683826517258
4.248300155514531
0.8852427707923921
13.14866855301836
1.8343495638034677
6.695539586157725
7.156442058286589
7.502173596278468
5.066222799247162
7.249530617420503
5.092131301610888
5.7941942177597205
2.3550882499627166
6.478497456762904
1.9772893491727455
7.4719138138248375
11.054400553994853
11.032816372104122
1.2051287779427453
3.6849201083483982
4.75345747163171
5.741458184619912
3.4030695234071513
12.747856973517928
3.65554437229115
2.566928651887226
3.9843159424948285
6.539377907321152
8.99047317547517
6.537044878288429
4.39175122223721
12.502022558868518
10.244331917914419
5.147016150242959
7.0859122216107675
1.3748546985177759
7.761294136755834
5.5654539453274605
11.181419999155937
12.993185585932984
9.491619385393026
4.272752747240549
7.12124812066532
3.938327163249161
4.853189744838763
8.99775897132807
5.397853347044119
5.9323311319787875
9.434970271979155
3.6043824146123047
5.4008772771079006
2.8381573905435844
7.331280493189289
2.079243470216163
5.000658790719178
9.166969758109982
1.3397968242819687
3.0320397904014302
7.475750396023026
8.566381042758344
7.677911647965455
3.091877599802419
8.071275415673123
8.241989285971727
6.182172849622336
3.3560045619677537
16.038552681655315
2.5413151697044123
14.967708601309798
2.414382926304833
13.228373625139342
0.6074081481228123
5.430617262163704
5.4520838850465925
2.8608258589958058
5.995018941948915
2.050293093888324
4.029846394745205
8.753138802864422
3.4025552206446537
11.125609499173935
16.718612753691602
4.988826085549439
3.376772429623155
3.399744090004582
3.4828491007673854
4.746266420160321
10.824180374637645
6.405437831158606
6.57739997440072
2.289893967550187
2.9148457450787086
8.204532584415702
7.20725317218581
