290.0854
31.028030159390934
67.87285159960763
67.62296986386849
113.77380595227316
161.85604519974618
428.6567061843166
712.0179206777442
412.3726233217681
252.29273399669364
223.08582154600796
394.4183767324523
486.4589554372204
606.2155182355818
375.4311178513206
598.2701582039232
389.28394248952253
269.4635023362929
221.95940765449788
271.42566813078565
276.56092221910575
61.137344945985504
280.69700750817634
200.4544065271727
115.33890440065865
118.81298967293496
179.89060258639157
28.76004284235173
65.49658010538104
157.69703159796708
145.9602322269375
136.28810516966283
299.5900835921697
138.294735982513
199.52402269501644
104.87050429845665
123.28356669463561
156.79248086113375
191.0223871292431
240.26584490873196
31.672128618346562
183.7738680738655
88.96931095820612
140.56230113851504
40.44823821272883
215.49714476068905
303.08220655358866
246.69162720361226
143.42970334827226
417.25468710057675
447.15728813429035
213.4510410807451
48.63745590475671
141.59775951102304
298.45392837038065
143.9870737405551
107.04756521746671
171.04754526642392
203.24988205179469
113.2937366177094
320.09290471390784
141.13752595488637
130.56306078487628
227.41589386553113
70.71865601715382
87.84340796378535
163.5204074219407
95.98211635061523
391.487326081538
102.53289648695208
68.97443173536384
148.91137118931303
58.76732667639129
20.771409330666817
102.58748109315988
111.7018208402869
167.4305507748452
128.10638266691313
74.03797680109516
71.77988655089068
102.71001392299804
106.07230013764405
36.28775126658996
257.5884083952922
84.45624723697368
102.66333325302837
150.47049958956066
245.0068973449849
152.22266582628194
178.74189374838008
89.75297598379446
108.07876252266016
47.346062583684834
71.06352272239029
24.724080486841125
103.23594173148605
57.086996140107736
111.83646361132799
86.18698636793732
115.82303522294185
200.70981004187712
105.19518703030442
71.47886788500182
65.73178361164382
123.88123531329066
203.94857182415677
53.34812462274192
98.170808494317
115.01379919931202
101.77400997839798
106.90570243862238
104.90110846574439
67.17259795951709
42.81270797016471
61.89590365585172
101.19284794095074
184.81811483877047
71.72796874716641
103.27337694996913
70.68284891932083
12.853930205505678
152.49091543189826
71.11890456081052
111.97697469019104
87.68700039160301
31.818806775279647
112.07833317250828
79.62839773378755
63.46558411554255
100.20134559117777
79.81398457435039
102.42445295200551
47.80105046478227
18.25792237810727
50.87747371029688
62.28987539889553
44.733019355497966
56.093956289638406
60.759935084655986
30.296877041676762
54.93792853252439
30.169974772570356
22.67947901135283
75.77616397087331
13.719633341345974
96.62892787088842
52.933451193983636
39.84708522824974
13.412159160795591
24.087662848039635
87.6220409581455
63.24812708055177
65.97634830591419
51.06994770275094
87.99668853531143
51.56753068514861
34.5332502745041
81.87377606834079
25.87666486298077
39.64578334202457
42.803644094290206
85.87734331189523
7.285536722968206
37.86892254672674
49.87755274890104
47.07671640098891
58.58636569800981
76.06225449594626
43.01629552196403
46.32286989172086
87.03203707149481
42.698266483862525
50.50618644916465
19.87466457768444
54.936437644713884
64.72599786788143
42.430395535730234
49.073340983836744
11.761528560686967
42.78442312980409
28.26946224178201
21.532337742877402
42.59749212270659
49.77394092168176
48.174339885575215
20.890830576364763
29.4751373137738
20.67492124747554
51.38791036558268
41.083136779654815
44.67123139069326
29.428990645853283
22.061183820813774
68.13522558089838
77.53159289929422
89.21442707517713
49.20320813154308
21.169241150576692
33.486859305009084
39.03549933208467
64.06962565333016
39.34642667758389
70.67490426229213
73.51611939598615
23.822617066487908
27.430461698241597
65.38551515777793
21.937888405069575
36.89817653630476
20.21407390252073
46.95363633455967
48.57586364973443
30.89924608098803
28.71681863913177
22.918469303572653
52.80640127680944
15.905924269752205
20.577515544738958
27.19381280284187
45.06005876627429
50.2668601459331
22.91056368595848
32.25703897208887
18.92865072120798
15.174149626360173
7.485265340764424
28.744761128386646
13.365951189301656
48.95457748405784
24.111362595819077
44.11725813679252
47.2787850441081
49.6287624946141
33.510121416255515
57.450115959330674
64.98525198712126
83.70067206292978
69.26175513608524
8.571760178810086
30.338299619970535
20.963942909729276
22.867651377387958
27.92223552285265
30.45463598274344
52.85037553169479
34.71459016032336
27.782342563812584
69.66513751444212
69.79412957110137
21.191200660830923
11.47095767330334
9.113916637183356
30.79799448120317
41.21107574240645
13.622943462751321
41.41190158143629
31.897892206375477
32.37043956243584
17.797343386129143
16.0020610178237
34.26851768254497
38.21597956125116
29.974211907638892
23.280292846835767
23.840578996930873
6.224557533944376
41.91523006746309
23.107727536898356
50.11929107773299
3.352219809692491
43.63172906217379
12.672005876225342
67.85000340264897
60.358639957457946
28.189436475465147
6.341522439003436
22.87641344946561
32.29946540381319
27.157226338951272
8.003506169202291
14.485683908335057
30.290213580818428
51.88589092200545
39.83056617692373
42.95810121412401
26.96452754047079
11.641737496070311
25.01650021714415
11.07527400213539
58.608811469650036
27.858559117284813
30.665190397840842
13.43697243890401
17.643651016534793
75.64139218284316
17.712348146332694
39.450881676326325
42.83097786628519
22.62647881507038
10.395810802999685
51.47009223701339
29.87010106327897
22.310104969706735
24.191155847367327
57.11377667246366
29.38129066206081
30.485946201566556
35.205444062363085
13.061857379620593
17.73495682094851
31.95156926870917
57.45966714105362
46.13178362074602
54.58676822797398
44.23735252187254
49.18804287979458
47.96782849342494
40.192593951379266
15.245797135352152
17.342421632346074
7.3002612980129795
14.907330111070431
54.72261672048622
32.178643558353365
31.889585890016562
55.96127460155485
40.59280108736269
16.931015553921753
34.50793421231938
30.699776242182512
25.68471787122676
32.81353599003033
48.80968664680291
13.04320128024895
50.87028322385272
30.78532202993269
25.81297005366845
23.078119904494795
29.62124842981343
35.765228462051326
21.856384749955815
19.616829528740016
26.456557465505565
48.667740951011794
36.54641037750862
18.469634293657727
34.039479026459084
42.234135074595315
25.19959405283592
44.14147077698709
19.49568878947021
37.207848136856356
13.213702575709082
23.727443037547115
57.97541912675926
45.0833253493126
30.53962473410698
43.71317091572083
43.616056225696795
4.195670211034619
22.105001435000265
85.1684155194937
67.178478738781
31.053057375138383
28.444227241550834
21.394494169489946
26.467641101653022
51.373268820283386
17.334037997369386
28.295880793108278
13.49235576693976
58.66714436549849
76.48356770079029
46.432250851314635
40.03597189477373
54.89238781405846
66.55230777641671
30.70744145411017
20.949050717298462
91.95158069078906
58.44013094460428
17.347650781112886
36.96922875692453
2.571164515499377
36.60571592121263
53.025564462874755
48.99376731920843
49.699460128816725
56.35375402574333
16.579823254389485
12.772691988151575
49.43537375077435
77.55908516786025
38.36604697081397
23.46802576990733
34.43689262073786
44.833706265922544
59.0083640492477
60.561573326817715
16.835115461912384
13.575543341294273
79.80576952030638
66.5353320781177
30.685993759399327
24.814193647714088
55.59664041288281
18.842974495617305
70.71862105614548
32.504680274887306
43.73804977430645
24.336947878808303
29.90156262456278
11.697582980956332
31.442434356061053
30.225207618846444
47.128354188542644
45.943080132690014
53.83849715308844
53.12402074122983
18.3414008535756
42.425326967037854
62.79649432555835
37.81876452809776
28.3214744647537
48.98583653831336
7.5736614564470335
88.1753200471448
22.412076210681512
7.7648428459269025
18.78867295278478
22.736219251825784
14.2383618457182
58.98864267155176
12.347531879280298
79.51864681242955
20.762600133275324
48.93477538474575
34.9344205944205
48.12719097232826
33.321904445984934
30.15432074934169
24.952187790686448
7.512141951087881
22.270190262897028
18.28746920955049
41.8596043185652
40.38948061977564
12.649477321911267
46.24384730104632
50.22303066124781
39.60014586499178
10.186773638939043
10.085788698321005
14.873062938545347
27.245785942667425
46.374322376266896
34.78160781009889
33.82912609886743
40.89223537005013
19.37013047253838
23.564137213157657
41.80388550768175
10.456797201774666
20.41905542987685
24.674294133401624
28.45904782391406
27.062531510530942
30.707998877657996
7.951877331252633
36.72450566175452
12.234286753589972
32.11490353150426
33.55951006588292
14.615631482645645
37.99972854567403
21.999422639418995
48.75669689530998
8.137097245290342
53.74941066251043
45.12221331421149
25.378496762990064
43.35227509047931
5.7694124728913385
34.25356499777369
25.42582778697339
26.66750604314623
11.458283106099344
29.730147210112964
8.71158531682792
30.254326781259607
21.094629082975583
30.538923935566213
8.16291016947436
30.935501819054007
30.96158928297899
12.050010331660324
43.467202626335144
24.953075491815508
20.684083373176854
27.848073041088792
16.387029903681228
28.586114859368895
35.32838490377254
31.237645306299626
18.45879383922285
30.814083482661758
45.98488435231723
21.676582184661793
38.03165979692132
11.260059032804003
20.093785524990402
30.28668185339854
36.64704905207645
14.239992865906034
7.613236547481591
28.35265216871389
7.532720574395875
23.77884631542518
7.289199150128886
28.52260549640786
41.932625299043906
33.02278426870058
13.69920368007379
11.283063962157453
52.81711340927836
9.165565023718447
52.8863619615754
17.82197685647865
18.675009009992085
54.49164115701202
3.654032932148527
9.489658359939044
42.64019526266793
23.817416151459177
16.09499413875039
25.121599726602888
14.785444456364642
18.437586436110863
36.14599502708891
25.853708706025344
35.10440576026571
18.968281643157813
15.527539753782788
20.56686981003966
13.296165205996175
41.57094299743005
37.65642094884147
18.943012934783823
25.63048100151799
45.229043235929566
22.325800920800642
24.88488456517718
21.840427256892827
18.462254902131825
15.387534244555564
15.065480664626731
19.515367901675923
16.794441264050857
17.647637888873998
40.312534881556005
4.984793989304402
8.840972242933264
18.90579268350915
12.893262281836023
22.69061725647696
20.07291236500388
30.876118611000194
26.577915001579907
22.235813669231234
24.586928351310775
9.216204979124232
10.193197150417157
8.648232377904064
6.641561975441589
33.78530418375874
23.748893814205914
10.965422075815189
10.329890954341472
26.338275713177246
42.560536853090916
23.48116347024195
28.379476885453638
3.5362080584878544
29.947775519199535
16.768637973294357
18.334111530897662
12.495851833700101
23.17528884064957
25.846744088565373
18.03164337882849
32.71920137234705
19.233039284903423
33.50115747502601
12.173432916907412
24.044760961749493
23.601656813369008
8.350492397957437
11.18275088255633
26.259023620935363
23.10593949179184
25.74807712010497
32.797028761576726
2.157587817357977
8.471783804232219
25.64696187452551
3.637683114723465
28.061372806253956
11.890517601632048
6.827419217024198
39.08434420875346
24.210123397490737
11.181416942259002
38.44199319365622
23.999814175085273
4.781104535077798
21.748312866352553
50.7020323148224
13.491344730350773
11.276303736856455
9.08911278695695
16.365720520428557
19.26514534505185
9.810558865909647
35.17544313865409
0.9012399055400836
20.834238625542113
7.965805389168599
37.81716827407849
24.641994835687075
41.51639668801258
10.778373870355566
16.76748648801659
6.51281742095131
2.2816482455610005
3.032723773319941
30.598587181719644
17.79700454272311
37.46633216700579
13.511789122746896
7.669766486760763
23.73091495846737
29.7131913059141
25.246118743284907
20.055277550136527
10.088566585370469
43.50885245621887
22.93646805039144
24.33688617024481
11.567270330804044
20.48615460105509
10.501071845912179
4.908740275475967
18.65647571270616
3.1889408767438807
9.915624266910758
22.58789968254577
14.725480385750162
15.197494679300775
18.359977558541107
7.115072466350734
17.77286453191332
9.163495109557674
20.64746362466381
3.473482107154769
4.103723664594086
6.215682987620466
9.498734318690207
19.636299801486427
8.374945074282252
30.126487754473548
26.673145439018747
6.372979919721802
12.668003665616984
8.189466904940764
17.182595141083596
23.892013989208348
13.684684105706848
12.508301056330374
19.176053019513294
25.266649008853072
18.90208895477094
12.779305281854603
9.120451654167137
12.673194498342212
15.762239763372198
18.413031899876103
15.776611413666485
21.723573303701947
11.244106471041718
6.388348461298016
19.0623393555311
24.50336027285992
28.918760540272107
16.748525038505445
11.897371696692733
28.512657411188307
17.81265247589722
8.418162201078326
4.493057441962438
16.927678974246074
8.17969824753684
7.557776420676184
18.861340760471005
21.283264607521698
1.8751347828756786
14.630176335113514
12.610542576512046
16.934973954483425
29.764954848187724
17.365847616226883
20.425457148891034
5.942778306742696
11.831454726360208
11.160160499934971
0.6389125449783389
9.06410816813708
19.785718225727102
9.754700144172059
16.698892546160764
10.015294497949593
24.158017235603676
7.16978488854969
2.09787167418162
16.32603153588993
8.48193515607081
21.776919403168986
20.25229456024508
4.888300748321313
8.367190061906436
24.042212520002956
14.177053431832475
19.582100882675743
14.970822660644341
9.012077906670243
21.342161135255285
5.067500491422117
12.363913755590083
7.965182365036887
24.824283443040255
12.656138079976108
4.765633652843196
16.71968434080996
10.189566459059415
7.593795460638162
7.399404805758562
13.375340184073414
10.364542617689741
4.189488184377117
6.198175552575821
6.21263279478322
21.67116730244983
10.25841192990543
10.619010797270994
19.411783226668334
5.785102636295007
23.40583583665969
8.792847833011752
6.819183097363218
6.470469540903614
4.374914571404771
8.573511788814379
22.958105016568442
5.230007829697912
15.50562172058782
7.14579250523257
6.082321262100133
18.970340779651966
13.562509033542556
13.071711708890382
18.46196941806891
20.559017456682135
2.769696842864228
7.714528456090693
6.8214919675281145
10.64332205570715
5.726355927645128
6.991777941053998
15.280068564211545
13.717973029418811
20.078743634660814
2.651406653598221
6.352155381402223
1.2515890245974601
7.700227760821167
1.8965058109196047
2.0053532853209357
5.952748014380919
5.362449115734343
11.12985767803704
1.9007294637453784
18.68405395692525
5.338136996106029
4.328017030116973
6.58967315327408
21.31578546046007
6.141839189618485
10.397400312720372
14.246740765871278
13.041956787628912
5.3443569686308505
12.743752868657262
7.318948268679054
7.295091753847366
14.048255269214122
7.378285423983893
3.249882878002726
7.2350995064436425
14.424009734869497
12.972871624556031
10.463709722748465
19.55969229056678
6.651345749553972
6.366932944744887
5.4485505879761424
9.108855361308732
7.058726209585081
12.260748371169852
21.679514150960905
12.641402196953978
18.568329333250308
24.795654726182175
14.226741243228608
8.58271316409459
14.799101911346792
10.08532370207886
15.274790475125887
5.646941694520246
9.538089768939162
9.06836383867915
12.692919359476772
12.361394087187431
11.282567486748519
12.060399840131806
1.8164530077498489
11.203233270928965
5.560506558375309
9.912726714950377
7.002163238105719
5.0226899721109195
11.535686380422039
12.522465949463632
6.077255942963732
3.28779064217332
7.0471847371499665
9.659006933661143
15.55313740387836
3.1548377859647734
9.7116290974834
16.442191487087914
9.32516726408272
11.420513084224151
3.5366814084276026
5.793207205338271
5.604529659531514
11.613756357756015
7.288056383372697
2.9930981202295177
11.952163908999475
9.06895252411729
8.410600439032336
8.186558605002611
5.468715959145529
11.426690874653481
2.82173923623922
6.84243959765891
7.296027151619969
7.333182007100843
7.866093756612385
12.822963289435542
8.05523936690082
13.092993379821309
7.948834991232218
9.5032021676135
9.446728118408004
9.605980916003514
12.171451947583687
6.599732339021011
5.907976502424697
5.568465247489441
12.733397271893297
13.952174909936986
1.9969588773838625
3.329451355965381
6.9117467192375655
5.208711062610835
7.0216763437792284
12.107672084355203
12.354256043000168
11.603188763285498
17.9844375032057
2.67045327961513
3.7672098129259814
6.931406449350698
15.989260391998839
11.553668007630545
7.429748195922223
15.353656872286669
13.715894666542646
12.559077890376928
8.76800576244501
12.754666401210446
14.960109561553532
7.871911265774039
5.441459050044597
7.378233609183063
6.281833275149911
4.73296138631292
2.302879094610056
5.378623166791017
7.43198508599573
20.388966537155476
6.509955029111257
16.238344850538258
0.917203472673397
5.960107537455407
8.360478736133553
1.1035132537259815
6.557299396967504
4.362605261418811
8.521799413639563
7.461256991916514
8.064150960738075
6.621378382376189
6.581656797223868
9.436831969874918
4.709298381624679
4.54384899835639
10.857895592244523
6.861284028535468
9.581392258262754
11.087965896997414
21.166188827047147
6.145398446389187
0.9345224136571627
8.92430828779781
10.292685338757565
7.513840455910915
1.6674931870846992
6.839772584739574
7.928651040135221
9.588450994128545
4.448914745177359
5.295624163068441
19.22194493811937
4.875828771930107
6.1272110442399
1.1337837377733313
4.957414243740421
5.890094687801109
12.502587066706406
18.20459482393582
14.255764650831772
3.360096925404599
6.554203583471759
2.7665867057288165
11.946251012361857
4.137715770339251
14.643165504804387
7.36046604066955
9.033334406301027
12.405316146326987
13.58220683814106
14.701731860810758
7.509016836920572
8.135361451017994
4.901096333891122
7.019214360435423
4.923103179473031
3.002043505496318
6.331603685359878
9.429373284987825
2.2583966168647396
1.9142772931651841
15.050585181504989
4.744470870497518
4.108430574558353
7.6581146183586695
8.455081784309607
14.952682164272588
11.400760989834867
4.598516863468389
7.643902624971522
2.3397222863441756
8.00156615318024
6.3229252556393565
2.8272582059097804
4.755981496960749
10.325097484336794
11.432117089417925
8.188795426842336
9.083136780014621
9.454135337059126
8.551776626296077
5.264854606307702
6.254278789397457
7.670382933630177
10.988306004569237
11.832279891989204
2.106338047569101
12.570541976038568
247.32240000000002
45.351082547383925
73.49608049159379
96.80744904523809
23.59057702948247
61.56659171238714
69.61633206655625
187.52742594264492
436.7816843496999
1255.8714907751394
35.327128755726704
219.5816811918411
266.35014075074236
154.88884096539323
270.8676730313606
128.6027034482685
243.08210818672163
429.84625951350677
502.90102454058575
360.5304453904537
99.70883130311587
50.13714621950037
53.4068697916361
39.432962036999896
239.01582491134027
120.0315728648155
115.68521619751111
228.41227284379454
142.49825946139958
66.48135085519228
30.051228401692192
314.063906159904
153.25258634287857
183.03560089295868
138.36772167400233
153.2702313370625
313.00086501025754
271.9688005538767
142.4829865458979
182.10836063383832
214.43914202084872
344.23418679697744
217.29886731403053
59.58692284406636
57.48805593108924
86.04898977848987
166.95068313395032
135.48740958514415
248.47058318997736
88.37200070081062
462.64570140314015
248.75886024383485
292.5327068069952
164.55684789279078
221.59908387187053
68.11994122868258
365.46824192882013
146.2071189326078
108.3663030230228
188.9521213689129
61.07452981105432
97.43549163429408
91.24932066031658
52.875613293665246
232.8616320526512
85.0351161494037
194.62271990631868
32.034241188444206
160.7122386447206
145.3998532215913
157.33690405996956
95.29833346020698
160.44689145239082
108.38821371699251
116.28244883427779
13.333827711758282
8.883762592370076
107.3322519370329
96.36101001111028
281.29434165149337
128.94976763421622
152.50820455383865
97.59889862810951
232.4638818072105
121.69653040549385
146.56209081222687
187.816083312326
126.32637537356882
59.39032606490988
192.40209376506246
60.20040725506089
68.1169914844064
92.06812213212255
173.64316535441682
66.80330247997618
257.0296685473275
47.61637922280151
59.25133969593058
276.8992347386458
248.8511682981013
272.5787637286401
106.02253582262057
35.86725575221548
89.54585708397366
36.2337829809683
11.956690706310447
111.6542868353054
101.7409320161257
170.77605473528467
107.74726070134518
7.66251025672576
26.50960880625641
101.55552194380596
73.24795871363602
196.64721819789492
58.20801998451272
98.16190772878046
127.4299324708168
109.00147419968997
127.02517845850929
79.72595914867759
86.53238190742768
41.04923066351777
54.223828113195
70.76613255118237
5.269634248631858
100.55452091618369
100.50347099369954
69.80107210300895
85.86851132866018
72.05978550823242
93.15152795152542
57.72504467843813
151.94195953118998
73.73461092925905
77.33031487590281
56.20310670476909
93.73168871362951
35.623388806908814
36.13698092546355
63.31656355492462
41.06948849017808
65.2092110827206
28.492023844495225
31.791836080944503
30.386818954969222
81.73919779902153
26.429397966743256
70.30223147526885
61.82345865073317
41.68464949201715
38.12434481447596
47.11724664956685
82.82043554457347
36.868628159101625
49.49929865207797
32.13519970010348
22.35139911703803
43.19100903539386
5.947791872951917
95.4862755412216
38.94716897014943
49.12132149515406
33.17219567419063
96.66159751715331
92.72077002586076
36.99760133246849
27.60255905470474
43.61238102577673
31.413604332473067
26.02860111567408
30.15589892311985
32.30582772725695
12.392913542221295
15.268305035724202
67.37331558036841
13.621756849572973
67.85829194788077
17.76515631753746
50.98883238114096
30.105919752492515
39.00616955548534
13.614325499274862
16.62599366615658
27.231419274168644
22.48210983322795
47.07312222681505
51.597214684003156
35.58064984518142
42.491553904291045
31.834258163925767
52.1959344521046
54.78188532095798
87.52988468007277
32.21671140902184
10.073522900682354
64.04670068830764
43.7587807471477
41.55111061396039
22.38739566466513
76.8130508505336
16.91618223427428
34.65608293641468
53.698735830519446
65.82336183206954
31.462688529886172
7.745917669045507
5.655737887474968
45.198154343832556
23.561138146639543
63.48264806353954
13.650672592982787
42.061351043841235
15.388651885314214
26.32564005859096
49.44209880175212
45.876093785418355
26.77555629784579
24.13976306558468
30.342910598515434
19.648339036467387
10.227745186079913
22.420562578401192
37.57797909447998
29.959972080377977
48.10599831997459
16.287896023168972
19.644119313237837
16.423687979110547
35.3473522656689
13.450226405212085
56.819264524895615
16.05640354021203
24.426818827897435
58.86844763941682
28.02821078131625
24.11277426621653
21.465600473986314
33.70013288007726
25.280081017474814
7.242475587069031
31.116935792821753
46.15020824594586
18.571532213361685
23.93815314831839
62.07640577498232
18.889923605460258
27.065829989014613
12.390903040218767
30.148234046938576
21.164338697861005
19.08655309804265
21.336163872834977
25.974750658606627
37.97862201019023
11.061834007586931
26.861277059301827
34.244009484340744
16.263103797469167
40.84601344963211
15.402312758822019
4.400775833879215
14.955382136451162
12.59470832793464
40.48721768500936
35.37382219100332
12.387139694679309
21.443043221163283
5.805095281489499
25.317397195636495
11.303637675339132
6.354523225531449
7.20245157629756
30.154185601950015
22.741106243253803
12.818377335993041
30.530292117745518
15.527750736701638
17.111203286162816
12.138280317216228
9.069954626872413
13.60392099078224
55.178778841777365
10.336771736840554
37.936841123072085
21.490971467790498
20.234045537687223
18.324375389468578
36.529089687315626
25.12969131739825
21.990718405367502
26.46772518887797
22.637271051179237
14.17764915326307
35.04314493004189
8.290274151912921
16.807633868931273
25.768101704714326
10.686980510312946
38.09624181358816
8.355119416679297
32.01817827934162
31.937893519784545
37.4713893913022
17.669293034077967
52.26222954628301
5.445192748493058
34.18420143848159
9.394452880672551
11.503627460592364
11.080304438486914
21.770937162434972
12.96219968791541
7.936376706195259
12.794037292789751
15.832084459305618
33.40441569432991
47.848039470572765
18.099493232805834
13.74833743227338
5.415588852674245
21.97150807914158
34.228587099917135
17.132501552125074
7.648101801636978
35.002703007745204
26.1868951490454
37.54545498096598
12.844681012132401
14.427416035729575
42.27878398807815
16.206588796961928
47.996564556006206
16.13551410156712
48.425255358237834
3.9010188576612386
13.93219652334777
10.028390208397882
26.536479901008907
5.915760600728091
35.61477748466551
28.981896819071615
20.75000562350026
10.568440936656668
26.171411171742623
25.677544484213072
4.700958503865714
19.434091679542263
23.09664114963122
13.286627293173012
55.25095894868342
4.764752743622394
11.817953208692382
26.187450515599785
23.555358774391674
28.087188929853053
23.545382312273418
30.7677592298782
6.111563127473807
25.7658037755833
19.596438920989307
5.985841647499467
15.22669031671264
16.93726525106967
4.755129890276232
7.939739564423645
11.815658403406445
8.787572426823493
18.82556114350635
5.57519684619431
7.5402903961221615
22.128090148796048
11.735370143349778
39.67568268479564
17.62374758792384
23.66894784454411
19.895034898829046
11.302948337154929
11.028299979997456
9.397661688291038
6.842743151260254
27.623134398219953
21.083637165078432
3.542694823383102
8.71977057713348
38.89635430568705
27.909405470614622
22.250566243537335
13.313285080624631
27.40810201621768
14.452042190264102
6.363609158562771
17.865873611856664
20.13939192361228
19.920015031584168
20.499990684291955
18.438888826018175
31.3339027209735
23.725858497364037
30.249255279606597
16.77761143726469
32.42998405465889
20.318913929857032
11.933020839888739
19.93554004294639
15.142000825993422
13.058599828050022
7.475527283728956
7.874161934840343
4.637671904985174
7.290591070315561
29.134196818133923
25.412869651563856
14.14997419848126
19.78827480751694
18.032857468129176
9.775685934574318
18.117547142750816
5.803779501828189
14.413537623831612
19.9097384949985
26.000510008017624
9.104857398441439
36.84363923130841
15.67634990257824
8.117094421055391
22.140147694426435
19.374241380782873
31.00054866378205
14.261467120680953
13.956357611231152
9.78416000891449
11.40069423072564
9.330008454470986
16.643280702276773
10.894381822975596
17.089453349017695
18.756504806215244
4.2288095999555155
51.32587748285755
8.561438752379763
19.84620024932665
33.46138675420519
21.969762643600106
16.925925565841474
19.046141515456405
9.709920758986117
27.272277343277295
14.779622251600948
17.151881655531913
27.792972596342814
38.87577247373002
18.13215069917851
6.196657604437049
25.357441917389476
25.460225623487304
21.9728801952524
7.070207893526262
8.224742316064388
18.79846263545975
11.041775753029977
7.524764103124394
24.15520610008598
21.996429740202313
17.29073759912515
11.141507270504746
10.413753476124091
21.920812476546065
8.272437496781054
27.002296708940335
24.482959536627924
12.127780370291335
19.081217630981886
16.512081163693217
14.299500792343759
18.422319519452234
2.2745987029740875
20.088216171556923
37.35597250076012
16.8038307437362
27.138907566502546
17.6255392946483
23.46284110367957
8.815209054423084
9.763257915529275
10.623660474083403
14.88164098921038
10.381223667721466
23.566560469642475
5.26162439713652
11.08890623673695
9.331784395804142
12.92012782661412
3.5093974616789487
16.40916363313184
6.429046198571282
11.403190020259848
17.524398715384617
27.780719375838828
26.30833164143093
12.089859489089724
15.215036719723587
39.17957882511373
8.696804510742396
6.199894324789346
19.233856878389496
12.005670120510505
23.331739945742516
3.8251462466205526
6.638409303076215
13.639631289375073
10.357679329360217
20.15818543837164
4.14896142927604
16.73069588014834
27.264541727120637
9.473356577679157
10.158343250282371
18.27518055745983
15.365139484643166
9.688937238675619
8.548669971923568
9.545627539434772
11.456040517302398
0.864771643824778
7.0733781305697345
15.56821144606012
6.084050870790956
10.00022785164289
12.019204919494014
16.70243434276662
9.235362400824014
4.7029040878994035
6.007009986077925
3.7142641929486673
16.532787487137437
8.14977810092474
19.392698068158662
18.315014976278537
15.943640441577573
23.034188717735514
18.175955145644668
2.007734702086998
11.703821465582195
3.1697323632376198
15.827372840150845
9.115993321339241
5.1276406559354175
7.11278227403179
11.622226933737176
40.63313684526184
14.984419248502103
5.538918499087167
12.789263513638481
14.580549840835237
11.296939378782627
3.381075911437854
19.18527158907172
13.314425594921286
21.52756713491082
15.429476196816468
17.99361908966582
9.846037220477593
8.730058305639934
23.081849544444097
6.183812817131418
10.264927938123153
10.526145105192688
6.915367599713775
3.789260559059817
2.75483961658634
20.86453152270417
8.937187755425692
11.852521525556737
13.069851211396074
6.944271825313993
25.68286894264425
11.949700560658117
19.7530854429024
3.573087784674861
19.140104753506062
8.413307297094606
11.551228845492393
11.18821787325107
2.2362343488705476
19.044919992570172
19.588610651138147
6.3679712867557985
11.863736443222942
12.415535072638303
8.023111604298334
14.973657593601619
2.7073671697918016
16.81504976548711
19.79140794249346
11.492873781893008
8.346699853256995
20.021960023672328
21.878724694770064
6.18155294651525
16.702996827107143
25.187609935963653
11.769087849097895
6.722822640628899
10.348001738998633
7.469072557993695
18.771436351041686
13.788720367616476
16.905122522077907
14.91805768183711
15.195692761827962
19.251819292379743
30.427298872761316
14.697444083215048
18.320029076760285
16.04842868152765
9.218066474244905
14.624379523871188
18.574506490014894
3.888346070162792
20.924672156601844
8.656287603223836
11.26150437195915
4.720855497502101
11.432567419483492
9.399253780590303
17.670969025927448
5.314354741970752
14.480161937703699
6.829384110040962
3.67354216777561
9.081534517611567
18.164465560600018
11.138902894217036
12.803937525765269
21.884338695398558
13.129642750018801
22.449327773262382
9.99504658700295
14.43297388353963
15.434900046932146
29.144218897058618
19.767811573102364
6.427615854943746
10.750742145755776
9.108737735892573
21.795062598048425
8.853423844307374
7.706594441069138
20.581579268502413
35.82582636125238
16.54999348866033
31.405692182445083
6.886296867094521
13.111010390208074
12.453230344819168
3.5988637659334097
10.394971712234147
13.353967170023248
9.558569133242939
19.655863749324876
8.511875289272576
6.800466386502858
4.131200189735413
3.332103800976782
4.920853383090907
6.339648305834584
11.5491090960714
18.94359599923226
8.208222284931496
16.426284477158703
4.451834941265261
6.107355387958945
8.578755885045487
3.423127693459496
11.557785175920822
9.632960754999685
14.542161882091262
10.838492511028345
0.7647525265490607
6.890104059024945
7.738201900091263
11.542887741514264
7.673125347761308
5.237654523671568
4.35948264447115
3.719269747949618
11.895511632341512
4.824998186637049
7.912307340171836
13.50137771980337
9.232169273761478
16.66507351112558
14.748670614977287
10.253033755657865
19.68209798133511
3.4586644317756603
14.39797892621255
14.751482569314083
5.854658122921954
11.304157985632148
21.896273418070457
3.938290325260387
4.484840514004657
10.971669262982116
6.048505687030795
8.546355279577272
3.1887191578507883
3.7589081445149675
5.633535890122364
9.615559367090096
9.028717537789957
10.606958610689507
3.4485136748701253
11.258564569080255
13.104827210113895
2.0020374605464037
3.466705002096728
12.785924722861624
17.581880974998995
2.49344824918353
5.427869828470811
8.770101673217575
6.71320685294742
7.95139101287565
5.149984071943033
2.345862901302686
8.069264357300348
10.195449427998232
7.54261300328017
6.95424944646609
9.420169434581359
9.102128968877805
7.597115135296067
12.663831544382017
10.071129705515718
18.642128016108437
14.654446499890758
10.869318877210945
7.614534047792815
13.77315196832965
14.474247278871136
5.360266783918191
4.733405108857615
9.583189825455673
7.686227600585576
11.74057693812617
9.300905374959823
4.428707541135324
11.350010302352274
18.952292102745705
7.007057992621505
6.557748334175578
10.542910852108498
14.501505267495515
2.690596559880395
0.8474895057620404
12.583359675456288
10.566492926438775
0.6654489152668747
6.279986348998043
0.833510637880226
10.76344503731327
3.705407955365673
8.923859862167664
9.752346592342441
15.650324035034142
2.6649758573762736
6.342007237416081
8.882323405407565
8.505203004072147
13.669336507778011
4.374399990457748
18.410803533013834
3.8793064943942523
7.379555919039143
8.858944559468917
8.98041639398843
8.911356294195077
4.671565115989176
11.357843543367354
7.131650884442568
4.938333587488897
14.453271074827182
9.89129987214342
13.22340206379311
5.280504195803968
5.50899328697327
1.7347647139862181
16.235491594080575
4.645318798144305
7.286855492372943
5.908368433212816
7.799304952637447
8.618753237540965
10.481148459996207
9.219548930010488
5.272413415856101
7.166227806845774
5.9761001979471144
11.457973421316082
8.330511814142064
5.5636455545004635
13.752038457497878
5.587899812329751
0.9911874317118644
3.575492707826252
14.35445665847505
6.915548224960565
9.626200855146504
4.554766687246269
4.150667449718655
10.515725283501208
11.171652530802731
7.564013130317792
2.799800497151466
3.0574382682655576
2.97480187947857
9.514284196429493
7.470981321897121
4.637145096605226
9.087299841828562
13.49080028418052
4.349781834135577
7.265885275163391
7.736005933329428
13.499644081276507
2.011771336761714
3.337380200082118
7.758622151003467
9.483322027704967
9.619539933001526
1.1866729119124848
7.366786886353557
14.982236873006595
5.057502129614899
5.59008377693888
1.4899609737465218
5.44149766829857
2.2791052536269834
10.444997915197174
1.9034556607343607
6.198535425494853
10.305370234947866
15.485193120126533
6.736695482922233
3.3099299887015294
6.07178336894889
6.989753831282897
11.330953301883989
5.889484851399645
0.05633581938653339
4.279332371674173
4.106211618409015
3.7182660787844455
7.214064845921166
4.236463427260191
2.4078972753554897
5.073270172619987
9.413119284203145
6.560444002372379
9.940190233471847
4.03453842071943
5.877045736485966
12.864157621471662
4.934140935414231
11.51075103777243
4.372197789466418
0.6986574133545727
3.820275356971946
4.96805957599212
8.42115739240849
5.810733183932843
11.239290252099199
6.8543805189299425
8.564437383850283
5.311500841363359
5.77653416874762
7.14644816866733
8.390421284694149
9.130588037413895
4.497048498313658
10.793778226157775
0.3730659450075265
4.727187109972761
14.21646003677741
2.1368642592889984
11.447968778243004
4.865519743100263
10.620257067323712
8.410671547550907
6.13396190306667
7.111458815328761
8.09612728707201
11.333858477829338
0.8825248014998911
5.392845854305222
6.89652716514717
3.272660053137148
6.841637656453426
16.224288250306746
8.894804383963152
4.352431180044907
2.447096454510004
2.056024877595842
9.223283830188478
4.497393976830831
15.231778472261345
15.144040778991773
10.656564709663197
9.343159726006519
5.164673706577544
3.8163885187707605
7.4598826107951695
4.6580415864111515
0.8182022968632481
9.896293754530465
9.856157923671308
3.7885250499238605
9.140982157576651
5.813490672076051
8.604042907207432
12.028377068128213
12.383766842115193
7.771558948466347
8.42093734445557
7.954321001701437
4.000742442548604
7.379623915421647
7.065938747617015
11.37627573067902
5.417241847615849
2.6038227150830675
4.85688107826723
8.727374950891814
9.39378091358668
9.14126314768487
3.405983600344385
15.355971718244852
5.2060066262804
5.6678713360495525
6.7778518780517505
5.409646513933626
0.7958469291912652
6.546091270453023
5.198211370800238
9.4961449614636
7.232112032107014
21.65599228685406
7.269029667695279
19.354129765668574
3.583882557847078
14.887513509883313
13.785501776751358
0.35897008550102766
9.634342377308661
4.262776015639516
5.556062331529819
5.21418275890202
5.358901195380964
0.852967309575943
5.590553779438963
2.0917632433617914
2.7157276201679825
5.351945689307347
10.234549847204136
8.925711171949569
12.916482909494922
2.941306575318692
4.004662098558587
11.93820739405136
6.965940586478828
2.4998901227220873
13.057162101864483
8.883780119376835
19.305869096788925
10.635500051766975
4.703670583983711
11.067679379030233
3.121922040274141
2.6266361584833198
4.194307146995952
10.146938470011282
2.6124896243391205
4.410107838966881
1.8607009129662704
6.285778015832638
4.65305231052065
5.894035603949252
7.049173165406588
4.870642392761627
13.437091431036611
11.711288063641002
6.938298914889584
8.915959678649005
9.541306667101944
6.679121609763514
8.868348071043128
1.2392161601859795
19.803749436925912
