382.77779999999996
64.01418339617939
63.37723676542426
101.58966174534531
71.50656662756023
22.505207341240467
137.56730091760318
104.72159339627876
464.49051851222805
1086.9308649508623
209.04988634885135
131.3863751036232
81.25290638326626
236.78199462648936
73.68149192177017
89.55169021448344
229.91544955702915
452.6967867031058
724.7696211969998
304.3163497798466
80.59309313001641
231.40162372950638
69.38505560901021
41.26200842217766
176.45592729384308
132.31628966617967
125.4247055740993
37.423060029244205
295.0531542135998
164.82481101239063
118.95853132032693
66.71517457139608
305.7781526042731
151.5071778576202
172.44185937810914
422.1557854519757
275.2769096622936
158.31375360591525
112.24677424019873
230.10852161967276
390.1141084681641
78.41491987767105
273.87120139545704
197.99380852625546
124.77102858826188
169.6782674301283
108.26527476271168
59.499503400720926
169.91438394083087
148.07577055599188
133.18674317030772
186.07591035900595
164.30275221023354
306.4125465605315
315.39597730497644
144.30412614471206
263.27164347148425
148.65881740700524
248.13202237860781
92.3870337937798
152.58235893162436
193.9402619188106
173.82067579739447
193.41666627822698
134.22636951780808
137.8670479357659
283.01067617115865
124.69250808168884
459.98973245725733
206.2294076375378
285.392021687698
359.3357891772319
283.5878429888707
154.36293671321735
131.95655831169765
190.23922544031583
102.57912187656699
161.69777115052355
427.41806583180306
124.492130593742
103.95681749386503
80.15841896937484
118.09514211530468
6.297976009979706
158.37904354171016
60.22121244622562
125.36904793993725
242.47423901212815
122.96399095486827
73.59649401149841
57.25300123268301
28.441651725580826
125.80199841784005
132.96209917828645
205.27525457823737
57.742116606356326
206.92916137609083
242.29312142083134
73.3124632268779
140.90821663093138
260.72338500616974
90.34730873383857
89.90525960192065
151.65067612990651
158.62640408677808
33.942327454746355
200.76829839611423
82.88483912117276
108.8710488303107
75.71293853723142
101.47417347282423
73.58411979357717
165.9675875795041
82.77616999798856
114.09870981134081
45.18434978871808
116.34248158641508
90.75449932050807
79.64611639579903
108.71449427001802
229.3791589292866
63.64917231821626
63.94723635540725
67.2057023573486
25.174278367814654
29.80132259983977
30.163731434905284
77.5311485196912
112.01172335047863
163.09470170825074
77.72166686587981
151.24955474721293
37.058964110722016
3.4394205389719126
55.82609961144752
35.391114758692275
32.046164031716664
31.156771590057478
26.892365928871513
76.06721967131539
111.61329916623042
59.05885859187356
86.51851164460885
37.84333058127308
43.868419499915085
94.19528819860764
61.76909115587352
29.855220130689773
75.69316079715729
65.11984606385182
32.36686686702596
140.00894565268214
111.7766856771862
81.72850024245328
19.48845937102215
46.91095220217621
47.458116815319876
76.87003177455416
72.57947249640762
47.25936353071197
53.22251851833883
45.58870092654945
3.6355789087241717
14.533777703247141
59.94747943277908
28.131989353875902
15.939342765446293
87.24498418922062
3.906637299961398
84.21895475631942
67.20530821218226
32.006573163717924
52.86072878152361
19.076645207922468
57.42323465075965
36.63390214233067
14.197968505993213
28.946049700081396
77.5994101608201
32.1479250255497
74.55673643416198
55.46253888459963
12.97669431831521
23.427031534259953
13.084958538605266
30.60655024681947
34.25211782240538
13.491136902137498
6.621476784280908
30.504042794312127
7.794933744176217
18.251831091103057
12.64728723307063
17.885292372154613
44.66156505575307
40.68781798853902
28.441344265546945
36.04502074671085
23.56292368561143
20.261683929495206
103.2591510733752
53.46759044946234
18.68907584116179
23.613132981696765
33.570304835396726
19.505742444012416
38.9135869731981
20.02622926593016
30.719335415261593
25.908852223058343
32.861295743351086
15.29829487780397
23.304731302539103
35.70135626297826
12.369394683805172
14.092237559186346
25.541642321656372
53.62611545582118
27.126924220241605
13.469887220207006
34.51734384214601
15.962545933820056
23.370689160552878
48.058301778724754
37.70096625822007
45.95838468249319
38.63336422867792
19.40732147133264
32.58629571707557
38.553092865104645
22.785443968761072
33.817108393084624
15.781278347029472
42.51146645262285
21.662444761836426
16.26969471380027
6.770920844713761
28.15544792514238
43.204023026644954
41.89580861418811
5.21307669062741
15.609117065902051
17.483385376218457
19.106781692004688
5.933576907530511
35.480539803717505
11.453061731513442
42.40089335279967
21.979928334799716
41.54754902614773
29.783347970288297
43.85651182815935
15.71830270499721
15.183120469652598
15.905921838177774
12.818848760116635
15.700734821724268
33.45107126825126
20.772794266673788
17.801046077247456
42.27860449570558
23.181446793559758
11.795037956912164
24.588817025916118
41.40832304671712
12.852673918962234
52.07479220837897
32.31738970132486
38.81788916255983
5.79320543109819
15.369920126456856
10.29660099377485
46.505987984770805
61.52395231346381
39.75864640130176
22.364043729170568
24.509161368458777
38.43831453998793
21.03746113106968
16.81635804937127
35.04762490095573
37.441997699805135
34.20473922920506
19.420271414873422
16.32514485621095
37.72024212560971
36.18317412464683
39.20871587997666
33.21231996636192
28.622728905098896
17.352939443868976
18.563561069478833
23.34162910944489
17.479655784631912
26.657227977309603
17.13876927471011
30.742459159139987
17.543906677218214
17.655037790897477
28.37309620240978
25.76052346440569
41.352316603309035
17.689714732979944
4.451631474728319
12.613581806019699
23.933293693776232
27.18252232010887
14.171442128741365
21.85750331014981
11.718335467203513
4.716393186933535
37.987245934658546
34.65631829445147
27.062712991288485
16.57156557655172
36.93357699024892
29.010183849351833
19.73980963221637
20.463727443092548
17.033450410438054
24.35284158546246
4.731126098099143
40.24611743145187
27.90502301086466
33.951069776944784
24.989977846575062
10.12270742554683
15.563087952413628
34.610698362761724
9.19459575738273
16.554336834763532
11.295066935370974
12.809287985067042
6.242892335315312
34.952787780830754
16.962665418220112
6.222413054594067
15.972934659086022
36.99500940913726
10.347241695828307
31.02193919227805
13.734421392232315
28.769010198670756
6.077156140169336
24.495615222476957
12.836412903223055
8.907590966467886
26.115076247675717
28.03314716631111
32.0795635801695
36.45289572192503
27.902776777349075
7.681537688801693
27.599669876746503
33.363948839969986
27.926590563204705
32.959287664080385
7.610663727836423
11.513668387261944
2.4821571169408934
18.987729343389972
14.80683839261613
4.59742289320283
9.429808324685938
13.84086211230241
10.840584816573214
14.525955959266819
28.868381376011623
16.95147699404159
40.284648072764895
35.97023585665601
17.620342780231436
22.94144102762382
4.925224889561874
12.436260027973223
6.967314071446028
4.723392333992532
9.507558340918944
16.043043065263255
15.352382754480425
12.221778301459528
24.451099597825237
16.45878031566425
33.03754482065901
12.74334291344814
6.272970900605019
9.764512939147401
13.320407608485208
20.447347238920138
18.261060021323054
10.91737676821223
27.423107315570526
6.990520077839594
20.160122326063828
13.748901988512781
6.2018489472031
23.276817635349392
21.976202279533332
7.63489519935313
15.123995432763797
42.013342408709434
23.73418684649187
11.866580210660414
16.062801852813923
19.551908846849653
20.933355189600984
6.420715453664499
26.102629832744604
28.654771301951172
17.33481368379102
13.7440222317264
19.541865903005302
28.605035775022802
6.712401524610184
10.16164777514383
34.02545028310891
10.54655449027836
9.492427336588877
7.4482657082941595
11.437954905283526
7.753160960742242
11.921152297191453
23.054014972737
29.575471779593233
11.231406595238491
14.194224206741026
18.058134069529284
22.53014259323701
12.34175010727126
8.364254609544837
18.195657686077766
4.0466570224917655
11.182128102922125
20.22983326035521
26.743336662358683
28.845397031428963
9.769582546632321
3.88950809516843
11.417515554546743
21.949978427235287
6.711742507850918
12.335442750327084
17.835008920665008
11.867770932954992
13.296400019575206
6.463364337952341
25.45534985511485
26.324498029162182
7.941059760983079
29.987198603501266
21.68803545500308
19.291542407459275
18.81456684884608
7.199696737598815
14.150056010111733
16.48018396622253
29.882745763271803
11.308374860374208
11.35073581851315
6.778049329700345
12.44197829130552
18.869485398116886
8.117314204246348
21.387376991834596
17.376684016407804
14.30312694418986
8.836039686753944
19.084590764095285
16.975540647560436
21.954551152345125
15.148794367673075
20.344417385536907
21.11285049823995
28.532982731441216
17.171878665220202
14.49308912166682
14.820826437387002
20.113958179324147
3.6118349194716086
23.919446108062587
6.172790288863447
13.955497592803681
15.15541200815075
17.664118209418874
13.948091715571232
16.522320526077337
4.087537215211167
5.17638607366469
4.110833616220038
12.512523841903324
18.13800697043061
12.562254074138334
15.001543288276187
23.90847692684935
2.2745950580026175
9.044131823605284
9.791954964838572
6.702120188274184
21.567395804105722
11.456537150184623
13.106455255217723
6.1919695036773605
16.751804205904374
17.345853731246194
5.092783534488825
20.58592761986015
5.520604236810448
9.76021497529575
8.211291513867513
10.237168466272486
18.699036525207042
4.928331190914362
7.315932432259072
5.6012212383173585
16.90693423108988
15.510448233516971
3.653114402597129
16.777735367445516
19.194920017727053
11.594308688005265
11.217402887682193
10.858905223883683
16.305761290171173
6.390973227025026
19.051725318001004
7.085907334638718
9.296407746421812
12.846572186596925
25.909848642887653
23.77346176696648
8.9083606658555
8.932985629162323
15.750255581122396
12.573089995241094
16.076501364290927
11.95020102847023
13.284470955084016
16.786976527848044
14.905829412467279
10.313564456224936
13.813901089293125
6.981089143029036
11.136275046683926
11.452785915436653
8.443971123470336
19.26813228129484
6.2953309736426535
14.974012417040921
13.502301964684433
3.1209193431709568
25.864509121615487
8.910479014918357
6.022970372804764
13.010282489535786
15.31394868381308
5.160008207501825
12.380509616994923
12.793054051594526
15.362538254975645
5.548431583142299
16.083865760717856
11.67724998783061
2.7970174051011036
5.1546999898233485
25.328175940863304
11.894460946088723
7.207491007705907
14.245573899419679
2.832384327491021
10.643929613855638
16.502336426293375
17.05227081634973
1.365811850979959
9.505077327093813
17.27911040121724
6.540256762820431
7.767862032608693
8.279425559613886
1.633524261433723
5.131612983678515
6.075546446928505
18.565746896688065
11.684012698476726
11.225312276384074
10.885245152874646
12.153994921725017
23.948703994954354
7.2979533880797645
2.7603640596943464
0.9647612501059193
17.668121011813504
10.86625914949304
12.883400023860444
22.213224882992456
22.897278023855282
11.735433351371128
11.542271295047641
17.10003002985325
7.724577032436318
5.307548515447334
15.22126979712573
9.599005965735204
12.813648401113781
13.09697348913719
15.07454093586423
7.855416353004792
10.18276946922935
14.787289002403652
14.193816343524466
15.18562647299378
4.811300300879402
7.125473026997776
24.62945454539772
5.594020555241021
12.310563706051553
8.251259439491621
7.259960273014667
11.14339244404305
9.052930756131449
7.565367250095862
14.998212873785958
19.896473938028116
19.761768325948147
4.1932141986849505
23.631551315989807
8.783495522093485
13.03886769889847
18.25303804180512
3.8997988812285977
10.744617073520445
2.044223836534107
16.749283688987106
10.74190664702539
16.585306606448604
11.8555556929723
6.439574989555505
5.229428606207554
16.616654028329826
17.431660592711307
16.26081132276769
16.123349726744646
12.797330586890414
9.15129039940108
3.7339658531014845
8.406636171286731
1.2469820055005976
14.909632886404598
5.06729971388177
8.00549367971228
16.608421912671364
26.714093526983348
8.49009332166626
10.288542491502358
6.492900802790892
9.564451226043767
5.116339408699985
6.577685149593828
19.101670133131236
13.992742216345539
8.763225872123469
5.808201212864538
14.19772339429698
0.9956190877580133
15.991971576944374
5.714680701913051
17.831292720574965
4.581946336043812
8.767918014102362
7.476121851468778
4.728595331613866
3.063162566855154
6.366419008746788
1.7541851506736297
18.37118014388912
17.089037666510485
4.111341980724784
20.735442475651475
5.165343692382841
9.962101141931088
4.065468779871846
4.418914538157319
5.262175708759595
7.275281114296148
16.908646032274238
10.96141192786608
4.6406366357110125
14.748129517522923
6.70895478994563
7.295118614793322
6.292469090724242
9.616722608763085
1.2892520950929571
12.472479499114947
4.316498101008195
6.7782680786835385
3.557773599726475
6.823139356529588
4.653816221186902
0.7237638738929527
5.784437751946161
6.360387197391879
7.782496983287393
21.141724934632183
11.52290708297017
8.590193252393776
7.198737553413141
9.90281455583206
13.404709272384393
6.37268476966846
4.713285300998693
10.014273639340418
10.807187721605715
15.134943121227575
12.198038067089794
10.5983094583581
1.7695767129246842
4.42772691401496
7.901506699141126
11.81157191054088
3.721084715694265
11.236459820587257
7.183184147961708
8.119041768018029
8.21569921101353
7.049934462729029
4.280101687387109
4.005011565645618
11.05382094536265
21.103576210804064
16.493314576443904
7.213446733689871
10.636811846706317
9.476606907372753
6.279576876004204
0.5962639431498225
5.7909373897713285
2.1168536426768223
11.19686050736815
13.557262447555145
7.066234211876856
7.924187935005679
7.82612284001938
9.472725693922321
1.7469148599797766
5.65876206516554
1.8169356309523896
5.060107743678501
11.764160404471555
7.403069729263116
6.483205407584821
6.209418427638502
7.667647233915629
9.53095710529417
9.578007889021679
4.180295643986819
5.752655641949252
4.844949444647517
13.344385300417027
2.659339781642466
3.653019011635052
6.477667005668773
8.198730761204398
1.599694928296304
7.229343214966392
6.763876201305114
8.151550115393974
8.30211274896641
3.9265805807002385
3.192750857704365
11.847636267051378
5.1055788987474635
3.880020580252431
4.439645433938349
7.968889984889399
10.466219774171147
16.313674022592064
12.587101418091708
3.182217929410686
10.331724225692575
5.063382971176251
5.833004888045891
6.7898885310097
1.1090586241334173
9.701766408495669
7.3857296446103495
3.475370980740596
4.046844194066401
4.157893649706361
7.681375123262936
17.24008182284167
6.121528763634898
6.28957591927723
14.865283226752029
8.24461385133967
13.543740379685602
5.332137449058068
14.486609993218181
3.5366617419878246
6.082103982187443
7.201247507392071
13.348893303097748
11.936644332108589
2.569269079976219
6.278645808110245
5.067758720760661
14.186818665971053
6.889137572985071
13.022338141389945
3.0878742503217325
3.834368931942304
6.623831286662229
1.2169284208279978
7.858582914103194
3.905520502665359
9.65778242689259
11.335823194931795
2.791934292095921
5.203814613855523
5.487417244658008
8.19600605545336
4.500089492584975
5.89780885641486
2.3913899917245027
6.3590607850873155
7.211004180587992
6.023252351728024
9.579931862548339
3.7622505573105904
8.53138712444087
4.954208377621657
8.227555297310044
15.41322282484823
4.514170807780209
2.4101995495804096
7.400715347564424
2.7015264659899274
3.7289499055080317
7.693309526078101
8.661634521921007
6.21725009824419
5.315427492700788
9.017282376482015
6.4031185287006664
4.991417934738506
2.2442465167414283
9.153403893675309
9.647668782957117
3.491272027463959
8.651331585715678
3.925524191910671
6.925066979809915
3.4278797174234032
10.678627945620498
8.289296168040524
2.9173646603162107
18.508940676036037
4.047860052976377
6.605362791316117
5.604046645270552
2.25441157193493
7.42746923224656
7.325957637028535
11.48349490882771
5.4679161833017265
5.3681254320451774
4.648407748461258
8.33266469530983
7.659939024204063
11.06652717404731
5.24966440723905
1.7934182389826683
0.47329090693607756
10.96096980301308
6.26769440507895
2.758004442241689
11.769582244681462
5.0598588705916825
5.577537828164214
10.702381151485167
7.83654914533811
5.061586713120657
10.927369228770687
2.49052357069621
5.199801935987446
3.1803301317024375
6.420507331533653
4.511626856904832
8.11429051889103
7.362998415888417
7.103604320835182
9.186021171495495
3.495551037940884
7.258080996180019
5.728925975347153
0.17985955021387015
8.279361154625873
7.987303058756222
7.774182278366618
8.05739071431397
5.61842511143002
7.51660375511044
2.209553322605217
17.022868730242063
7.038740850766243
2.9811385314490226
4.926830244434059
4.582606650260885
6.271811873320059
14.973629369926837
12.01505842493782
4.981223254754885
13.2199346151371
7.237177765416723
3.259145301531944
1.8145837976815953
2.1986166923864006
5.905969107659434
8.743441819907476
7.299891829778044
4.122497647503505
4.230129697240034
3.263414491172651
2.6591859811088314
3.348451635986906
0.3816731469487961
1.7745536238891173
3.7918574644316916
3.8063679696364883
7.96423303338926
4.696347399665002
1.3819878097329774
2.0176836022388294
8.293300247098706
8.493960748404024
0.8497918213249502
7.971060915490283
5.171048129950405
5.5440745854903355
7.401833504525855
1.1497425296699177
7.079575359339164
2.587624480650641
7.143620316777081
6.451106126029502
5.857459100118759
8.85042488937332
4.284365680276378
4.531538670614727
1.8413624421652282
11.745753725658119
10.060890031889674
7.554592947142646
14.038580665250887
10.181701416090611
5.391575231317001
6.218533406566103
4.284659339229869
7.553093556651261
2.0721403819511597
2.7880205884905718
3.0689314280589883
4.7380634842712865
8.217520252866544
3.107648866655127
6.4792941189151225
5.687618453542941
9.51451457893128
8.314720491666327
1.0760384309455056
6.726116986837789
10.005598196449737
2.1437435376143346
5.2605375099566665
8.571152236456241
11.247679929346148
5.055888672826485
5.6071314963590275
8.911540207824611
3.146266645367534
9.73289384934835
8.856051806600936
7.2684786125834755
7.360608422870568
5.050123360870223
5.70692505562054
2.2199228999478255
1.4836877987199475
5.510104200285227
7.688323385789977
11.461915820610843
5.298096373938917
11.783276727346276
9.940117990045355
9.822728773047546
3.0611700000334605
1.449970069950392
6.836637296615772
6.186462327951741
11.00787345604373
15.023172986926795
272.3701
17.118866420086647
40.106986900158844
52.57955116058739
63.68994989732156
22.095236984697067
29.140164086431604
145.75610510800584
471.96128158539
1253.6558852505145
115.00202654854395
211.9357718758583
279.3767388447469
96.13660412384374
247.30898730328863
81.03286203402017
285.8412103783034
508.63311710803464
437.4069354468826
322.459790230102
9.03516653490893
64.42751738225128
46.83644233956355
119.34935586487212
178.5471089209818
83.2176294050611
82.94837781622104
181.5338193048681
118.66208930032634
85.68696476987786
53.27615963897446
273.47911535615424
221.071067853175
129.48270696401588
52.44429340643576
253.75617132311802
302.421889537591
244.33761186083012
48.3388339911854
86.47748647800027
310.1149292010272
311.498277472897
303.64396048562475
21.89615902051249
115.84890828998522
144.31030371131263
195.74207975681077
125.43226772928892
298.2748358916495
176.62168570996604
517.722498850592
144.701726593106
259.88002509164687
272.24989548387873
112.7884069448254
50.42784363520586
436.78714058694226
240.79607751207928
86.79884358874148
147.80144097889885
86.42312929383506
56.84830651711258
57.650695629939065
115.89724671657387
136.85072029666796
184.8507104983655
101.43660290461483
173.72937790385376
160.9190067147666
185.65717798006386
62.92104287533181
49.66029860605722
266.65189505443993
60.749657955331585
102.10695891253215
72.41620142303425
68.25152306759361
79.41755805135097
38.78261883380819
234.90525950122807
126.77888508409997
219.3217343217305
196.14624685389026
132.0151104617582
19.057667817948104
262.28632460337775
184.17569893150136
42.003782535018246
81.27784931043549
84.12571622298312
131.4966889845429
50.67180623231193
196.60972232769834
273.4184554455351
56.41216517272577
169.19713361183855
102.32904825140818
67.84260383782338
307.36434718113605
213.86759877171076
331.4369025033582
93.93356811656234
81.5635951088326
145.86561699698726
28.089029055092034
42.77528637066976
79.25164566015141
64.25168186244782
167.17691978025059
84.1336687137504
4.752820002225492
24.815994549347412
115.88139142452395
103.26485104062651
165.43351653809358
91.09263139471807
84.60518416093336
63.23774783148271
51.19048455084136
179.45986414383822
134.1575180856383
44.96261095822474
48.60416693063604
56.342454356747
43.41291325601625
32.04751901506839
85.13659591764613
142.00792400757146
87.19560678664016
145.2655770834775
129.22897351826822
75.54776672849081
47.74120851293719
111.43860438790138
85.31834404586877
33.697364067660786
83.32298283577104
117.82063418375748
20.44825038626735
50.69155232974931
45.423058965301095
16.110957817750165
38.78377632504429
61.85467292299167
36.70294023790073
48.802213083175666
58.5429425040916
36.789147694963184
75.2551198431753
48.67196084646393
52.23314372698007
30.883442700210683
48.612994922386186
94.88800335382624
36.886665849882846
60.701259883416014
29.914606343232492
10.949235256688368
57.478022151075606
20.665611378440154
110.05271280819231
36.360688753383684
67.72721092303686
49.41556340111473
112.24441134348552
74.96387150707378
41.677812476020506
30.942275228253628
38.097459276959626
30.312650495167414
18.675867649721084
39.14512330500529
23.7872701564184
21.255083293369616
14.687479683798905
47.635652202713665
20.825036935469843
63.68862346689742
19.10018202620326
38.51457334425698
42.462177349779914
48.71235370941091
7.188636809777479
17.805589828113373
33.379380550402985
19.768381138145067
43.57977655380597
50.92950208899241
35.45638927613222
44.17510223353922
35.09408027331729
51.27443431219775
58.057383833054345
87.47115103370722
36.42073109682891
8.238921870968458
65.62079355984456
44.384391371737465
41.56256747902781
23.162013878188905
77.00695214217693
21.378478857378383
35.37607885005521
49.18627283708515
68.98825475834032
33.3709678074041
7.8118458116892375
6.026015627530845
44.06028986348473
22.484483718972402
62.637627644277174
12.78894913876519
39.26706226395162
16.356261038671764
26.27930546689689
51.43956348054701
58.799741975570804
25.825464746753006
15.797230023566074
16.116334472317405
22.204971460444998
12.648324475509874
42.6811696417837
20.05559403799805
14.817509173941811
43.49702732456084
25.06472272557015
12.62509651011173
12.731772675149653
36.906382453600976
5.277442444103643
45.53503548221382
27.39244684407551
38.29730231827245
46.37858163096497
16.223313522316623
14.882410516523121
12.968394720377656
39.73785781685302
37.05996587967773
18.783483135248577
15.390595685576061
27.633427410549206
12.735718752589074
14.934231973289666
76.03696902689087
31.721458055506638
22.50392651713326
5.715985465480605
29.89998433508757
11.908726965947546
26.498563113631356
10.762400064419257
8.150231092131724
14.342001951289527
19.589047365093112
49.90460598190889
13.462514880659286
20.670312084355007
54.66255159444323
4.557043401874413
17.62263340567125
20.64092666132064
7.758678493581013
35.265027582033376
34.880217985634154
12.102763172297694
13.9696976094439
14.800474643933507
20.33500242432077
1.5579212250914385
11.527640770532198
11.834088289505292
24.067720583383558
21.415138900323665
19.391969097102894
41.19527880879209
17.56810400706231
32.53770419423971
28.487002460344783
11.71957956415263
24.25875519012843
42.23644887976214
11.23369302942262
44.3243889542246
23.41662878210406
19.01646012781159
19.224479511992136
39.05182571650428
17.197883841611155
31.73134387269562
37.0683895811143
16.605698645422482
20.25761196037703
36.13118223775947
9.553066865406539
18.607828512043046
26.964208086924177
16.782482046878883
45.78919772348392
17.30412815153206
40.543169306058765
24.1208488483889
15.257448506706337
22.59213978161269
29.327188800301805
17.826181214732596
16.63215230281779
20.951649121703426
22.363369281217626
3.824529231850906
16.88448216221842
21.446100308623787
13.553394100461023
12.910678158178627
19.28642765626524
33.03505487616597
33.92129444215561
8.447041924135519
6.8454390664675975
11.02112735817674
8.65309875988087
31.96502000897968
24.99484424058381
5.987430990823189
41.187825736555965
13.651025773839205
26.35544233604701
22.484110745455997
18.336859360626377
44.48603133363709
26.23062830295436
52.008263855185525
8.82949142741911
52.38024098117607
10.572371028789536
17.187944305696337
13.771301143982175
21.237891389308647
0.8088687099728473
39.319916482064684
23.722281758592967
19.07218452135859
16.145094526876445
21.673346850053473
17.340408479566932
4.599130858993972
10.628822395507832
29.942983463971743
19.608102758317767
63.268347502165035
4.927543735202805
19.709784079751074
17.783195621143456
23.940859611939835
24.514300809881743
32.37501139306703
20.222267013657845
7.267142514890481
29.124315696740503
21.171197141593638
18.050875577922007
24.44844190849281
12.285479287048515
11.978440991311997
8.673571809565418
12.598034648566006
2.496405206043145
18.43098563459174
4.741837409694818
15.075645814491077
11.841380451923213
13.441028672744789
24.37482849632432
11.230566241827136
19.010453180286138
14.23015456766676
21.61314222804488
23.51675077939479
19.532627273868698
15.455156976820776
29.277989806256617
18.176902440233814
2.2172168378277433
6.824282265667109
40.078884799242786
27.16569447681078
19.27829814012399
17.5574565181796
30.46204464442993
12.508139179484994
6.237847451899348
15.465052968628372
25.184116676906818
10.144137653178431
19.002354326276155
7.27032186378109
30.645999256426435
35.233464529302054
17.82984435419839
26.275554024937332
19.65121797923628
19.53814097166389
23.335702605957223
10.968910298748678
22.79744676462582
7.231128524581036
9.587353838209046
9.42411862588141
2.1604506838696826
3.6880201877714174
26.057871688479587
28.234770071511253
19.74334995691963
29.303535635571023
9.244620434924155
14.72030977446619
16.87751749118114
9.655219754187328
13.820560804012178
21.516283963019667
29.887866153903545
6.531778311227647
29.393641859503237
15.028357258548816
0.8821539948548772
21.39175535755313
27.818071749734507
25.93751854480785
13.836486104236208
16.917333046115388
12.62249005441711
13.576238473897233
6.6075517582879675
19.600442603261452
7.536615201079064
15.322257559729515
18.102342675115256
4.154132640699104
49.063440470417056
11.606257364141545
24.003296043513974
23.128004467424997
33.44020624619899
21.476471639073445
31.204058092291312
15.752378425566059
17.790035168849045
26.262826133957336
20.182095314020568
23.326865892177892
34.74107174139923
22.382577809963554
6.329914711332915
27.630087553175102
23.863881943491577
19.513820182461366
10.056761671084658
10.045998206963866
14.766399854569046
15.85638806071529
12.50289762078261
20.264518012484274
30.525610851102385
19.704206257810426
22.2637062723291
15.045334859604703
13.44606071143311
7.0858119083450095
22.447698967102827
18.193094107081873
4.9902573397235415
23.290146168173294
16.703768839538206
15.056625979815044
16.809864045245682
6.254034655224366
14.93976146501609
37.289930025349555
21.082178854152403
34.59693997209828
8.616924478843048
16.507382133515964
18.462052911534236
15.369296289244716
8.361532932968526
7.894261579569045
6.42508830972668
16.647585645948634
2.677995067006368
6.531346236347642
11.297756647867716
16.777836817250382
7.581482734480278
23.028109462725254
10.807108575568158
12.503739981783626
25.408132162085884
22.220957444911043
26.405435723535447
9.64804982930818
9.539951291187233
29.977969066767145
11.574677946795774
3.6995818051103013
15.721364517478543
9.07664669460807
20.682346931970635
11.300411184384716
11.132687057560933
11.44285182169324
5.907423991959284
28.95881318886254
8.887784880651603
14.20652442799872
21.93974391250329
4.834734742992723
16.691328777005737
12.801914808505773
19.88561871419132
12.16210300068128
10.13823814590849
7.814778092555415
18.224520358275996
7.805793617817733
4.671669477351876
10.131586563309257
8.750019784800683
15.291920664940415
17.642966023088842
13.929328541770928
11.444693224720629
2.7231112922222325
5.7821593806916285
2.467838759632411
17.936955372882565
6.022528439918845
18.085423786776406
14.767840243598197
17.6228404650667
19.81470919545045
15.564703575027856
1.0299401405566135
11.384313483619724
4.6874436380563225
17.85612577088328
9.915498039159766
2.1431712886543823
10.467169904954515
14.927775813119688
40.78361302446005
16.50200150356472
12.500920018007642
9.488926040995892
18.388358701255235
19.952179965762003
12.503306875178449
15.996800838655574
5.089589991995117
14.459467547069464
16.460045514404438
16.588764331035144
10.005104840967853
13.145294435002176
20.06742050358683
6.454341501713328
14.169370944532197
8.664717796689777
10.722596800071502
4.32603576836123
0.9467825319148985
21.094238001255647
7.417157004660101
12.834018883360006
13.833771718121865
7.133695050351188
22.466031869533204
9.42258643406907
17.573999693644307
10.163324147106426
15.00708539523597
18.409959387142433
1.5609600076812356
5.285325503937671
11.007762397999004
17.973376113845678
18.72300309001651
2.6132360702439437
14.207302019573472
10.072840993942087
6.049357831557184
19.62169838238247
7.624231369040848
22.08685574969429
13.546625873841483
9.690977208705661
13.918735758141242
20.843935898864043
21.82972391903921
4.752622441778649
14.0529487255777
29.541935203119415
14.290881901100617
13.259111267735351
12.410722743967188
13.656615444980302
12.368139783378934
9.838040407743197
13.76318543667188
14.514976722228528
14.166137893067846
20.868719862987124
25.73437186738845
12.110394449453613
11.27831065704776
11.345837888471143
9.19140546302306
16.813630247415873
11.291084972483533
11.166907904980981
20.932633851922557
9.878051160531694
6.40258765025035
10.639430326796763
16.509934664239708
12.624470451508508
22.392585921074627
12.45176839787175
9.0664007160682
12.705133455157574
2.6174026775392614
11.642843096408706
19.525978085823173
11.167747505598436
14.477759642244443
19.065537316858183
15.710280962741816
24.19314455147012
14.610994683832745
19.11324690987052
11.276012822483295
28.775242628772183
18.05873790099752
5.565199651209918
10.193138933591671
8.506787895428486
22.67962964232835
9.217486060772847
9.62915621017222
22.222019288921164
33.363942558768315
18.723828579211904
31.123114479295957
10.505873928430576
11.706204245930326
16.99643690786121
6.9913398733093
7.431071070742187
15.251362402876815
11.445929743903365
18.1019315092709
9.0019455449139
7.087647697941062
5.272482180039116
2.38171507656741
5.831201682895394
5.016112206918311
10.981287657554272
16.94907099997111
11.188475786345306
10.906244752850842
10.767283582627362
11.885744359144095
6.686943169411293
4.732703795517803
9.1260468352595
3.3012734050221413
10.57636729277612
7.378661768694527
3.5982921224847506
5.035677439543854
9.761926571991369
13.748871112548475
9.042324069053127
4.907426995575219
6.484987247855571
5.7432764849567794
10.659269514774646
4.862433576512017
7.042428656800133
11.19163106622754
11.629437676715987
12.601093135315532
17.856481267200728
18.484763341713446
13.743751186705131
6.549150755231516
15.12481708242752
10.8416268095763
3.245245132616892
14.925977100633778
19.517989250919896
4.462534498733016
5.0324030800668185
9.42814804014746
9.094398171678112
11.730799847894849
6.60131435782188
4.374441275714026
9.240691483153205
7.2065061978219696
7.1875026757418965
10.504764193928628
4.043983959898119
12.754149695004717
10.925519488436041
2.397463585590127
6.837743735601192
11.735623569432708
16.08216202821423
1.972725817161929
7.003478984982989
6.893212999270165
6.3501663904743255
9.908549996026169
3.5904882521453123
4.825378175621271
4.358212464135729
7.137424759978212
10.438164696112823
9.04253781709512
6.17930082488588
6.5915257788730335
5.856548016367762
14.544975853568328
8.911149775714172
18.3744753872188
11.59193715883859
7.835513691282467
9.10266685433278
18.242838591790267
19.12652567320923
1.9744288097720508
4.932132143956247
9.786581719842657
13.203747339897362
10.289921529529918
3.695216956786513
7.427714167123359
8.258861237432463
14.980126000316721
11.531308157559653
2.9713054478139793
5.970194830476311
9.8667901004837
1.5771344902554978
4.458750312176995
15.595919982099128
12.852785973696346
2.3911719894371903
7.261424988112445
1.4502704001701043
8.685123915565375
6.091638427638618
6.619651819316042
11.680060589367043
17.951196664299573
1.8600813261820621
5.27841649057407
7.329175117503378
6.88142482356112
13.669071154164898
2.5608672674502113
19.121571574482353
1.3478449580631235
8.716000210858303
7.053848287945465
5.880068794239473
6.351225893278178
5.963674492931404
9.340004276661272
8.104728975749747
5.613961831432654
13.393760123045226
9.18918869001099
13.66726947842227
2.7855336419789114
3.17103066379483
5.64922755988164
17.662487459247632
8.711108913704331
5.360371773904212
8.10227674195665
8.688840332069542
4.94648092565893
6.856544044371834
10.181035047368674
5.143537321806082
10.343943778573104
8.138186667179607
10.209214299461543
6.369100090257951
4.00337097966506
13.64696322638594
5.184005792278285
0.8067246402505027
3.167476210676398
13.571472567257626
7.486595343846151
10.483891747359186
4.252081783909611
3.218030315509707
9.358070681314638
11.170467650161108
9.446615251890808
1.2818743180396992
3.732005951881888
4.674286437814439
11.221695386174886
9.724447473453763
2.8315701494374697
10.25039886701493
13.399726219107412
3.891139404052445
7.29566092515093
7.948923424203279
13.975812439757334
2.066232097052735
2.973594912718555
9.002089296990606
8.423115482491811
7.869981041640073
0.9621969339203077
9.086270745297638
14.189907207623532
2.6398698808774492
6.983118770336916
2.563135477722673
8.680324494826213
4.781705787888676
13.985933724002399
5.017495571193274
6.736120879033828
9.133551298507586
10.676345676780143
6.053027093136089
5.185474872911192
6.4221938081033665
3.822469905509706
7.89223096601892
8.949341566328167
2.6994609296494754
2.776287027143888
6.1182261817002335
5.345790430798854
7.217501658651435
2.5634326536418395
2.132660596664663
6.070595190046835
8.01194171352156
7.729225900080006
8.580790277639759
5.604587324356206
7.568007253741472
11.051862445049926
2.964481345794284
13.482653671163956
4.750730767912703
2.6176542242265253
5.893019316782619
3.8525674034031545
8.561622295784714
6.295541640420366
11.038181025384018
5.644268907449894
9.189757485643982
4.401564061983483
4.7435535403483104
7.507516948381504
7.1915335301963825
7.601702514720831
2.195197702788862
7.787326211308051
2.752953800152268
2.4390410464708068
13.958992757936294
2.063155307581277
10.22191211225513
5.285884767307274
12.35032297436035
6.571818780417396
4.055317002423971
7.289958477790052
9.352412726673318
14.247038619345568
3.5506459007189837
9.236753196545324
3.6307555934811644
3.6426615200086707
9.35680635284183
14.491597028577276
2.953497574960823
7.058087916986717
10.62664837893928
7.661541787651285
1.8159222072743295
5.325386013536669
9.813267954096883
10.28168397781737
6.869887992496866
10.598517301007181
6.080500374819323
4.342589063090231
6.436491827587158
3.481823312901928
1.7374181732779934
9.754868807572812
9.113425469719825
3.4828338599140345
11.792002882326099
3.12508556315743
7.580465992881022
9.942721609026162
8.173128544895087
4.8038331090264625
5.138380494791748
8.24470712380424
3.718040271647751
9.387295003172703
7.819206887870747
11.725875452941768
5.229922245995106
2.098260634350884
2.2133423569709185
7.149828395456881
8.067320284203518
8.493386719327718
5.753181272994597
17.972094280569177
6.244301526226028
7.231897746435937
8.722677333245299
2.8749204596537328
3.2890400749700195
10.598543277994919
3.8844402242501133
5.948972312022122
9.321694412943682
16.76305133009513
3.462365715728097
20.56241045043582
4.682892443943301
9.61398796390733
9.55743866832633
4.580166965090773
10.84469533384845
4.2876884821998225
1.7688347783943184
8.049333450910446
5.782328677627315
1.5909846216689971
3.636969592084172
1.6911876801697021
4.444497596758614
5.703406767563647
8.182340676269595
9.42243602140662
15.954301733256184
2.1307799540770143
4.959216888384527
9.304226051215055
6.482851102841868
3.4278527511805454
14.046421288901465
7.337841271805534
17.71618383174666
9.855586759419419
3.7071329807745776
9.573636123596634
0.6369845171872229
2.7732486954506377
5.007123783713689
13.972918012373988
6.503856493963227
0.5102762190770489
5.560554867814721
6.164992112795779
6.832103347124978
6.5772028493239425
7.8510664950090385
7.273041346515336
12.61782504191028
9.48756553196578
7.509048450199708
12.123083138888225
2.0029856701570248
11.898210927515041
5.37074325663213
10.963703574968825
18.647019791253356
