232.55160000000004
27.314373700264785
16.396197345953603
74.5605048545003
126.2160362401035
250.39320250253365
533.1704322074496
331.36649978665315
277.5212848983421
192.62436372727026
310.3659400426815
336.5737333524398
497.76229393395187
563.8862847108188
395.3996573127831
95.86516342643004
52.95361172844259
139.88973103832842
264.517725997028
133.02003102412024
292.4481998184719
192.0677217825636
264.52638577708217
111.6148095240424
48.05672599755095
101.26797676568711
120.3042569626882
85.71202587516474
151.47100279773386
102.41179677124208
136.45436466306563
182.77829039721337
261.88675842140566
223.37955446750354
43.69749687986087
43.24478805641936
73.77309817564092
117.67854694898166
35.481656741458394
270.48671006471005
107.23490499896366
260.157773897419
115.87407057646703
293.41795960377596
55.12905934818879
132.7533409459438
374.8862333473908
53.51123629086405
152.36972420469678
254.00494774553118
395.61295982012206
216.77591045526137
150.2092410394196
56.683893998027045
240.89786691935035
361.5431559275334
177.56436869705854
174.61916198188075
156.5257059848369
89.76371248554972
228.84977230926134
150.63110661539258
87.09883642787344
175.35314169343295
130.85092743863257
251.92465030084594
333.1721405772601
127.91573411757926
150.77300666452007
77.50274190002678
117.02034857653727
35.56217398730883
168.86638298745964
104.91517918563571
132.75039020976638
100.80225646215209
43.43938777823942
99.02898323765321
185.85912485704137
131.6676055160805
34.57438052701929
204.77414239018273
165.35897889441114
42.773954839915774
46.07237276821668
160.74307984230185
212.63478302008284
158.73110822231496
17.126035804271165
56.08692246163248
125.68867098652754
155.58826214985996
106.7886790137953
124.38899345803065
87.31781481762258
142.26066206551621
179.76798097892413
118.07353594096907
71.05933880555413
33.78948800765682
194.61253907135242
74.10402885726415
40.86678793062069
85.27916840988462
106.59159273359032
172.37732691383493
86.30785798934532
93.01641203084633
72.85407818766322
84.22494902082592
76.03052816380915
93.25052016206995
76.04967157602631
100.73838348223653
132.57602949118797
86.50162601422586
99.777049522464
57.355335510321375
36.72717186833446
88.1609146426617
14.675876818360425
134.89053100903993
30.11881776199015
46.53835577804116
23.442378203577697
30.004986855645562
44.81214344661421
96.73963061722712
88.69251314749692
56.60992990033352
106.0115665564507
32.292085477716974
89.07239391710385
69.23755593973061
28.796821699559448
13.473604875439971
88.08940977471799
44.091373528516165
10.527054780889806
30.498191924290737
70.35257529674854
14.896834104290097
56.31846393988286
6.143035141237762
45.337269639473085
32.888722393591216
33.62566163642985
36.85851712555134
42.99045849843569
29.192695404644354
103.58975820867461
53.50862622716977
50.533997866527145
18.710683655631314
71.48766415277954
42.30403659290504
43.74917788137968
49.91731177196632
49.493656297189965
44.104375494947035
42.463222794725134
24.01477738986502
12.244876879486897
64.28566467692009
5.19067111208912
33.09323785892067
43.88381125288112
34.145728991084184
45.68650755574951
15.269078963164556
33.59216369494781
48.04307133413602
32.468237610686366
32.37951448646403
22.191938464170406
21.368544701114814
47.00042464732214
21.025831261605898
89.51293912184612
14.472083536571837
9.550379978706175
15.985699927421392
36.54024542633952
85.400409522631
33.65936014896851
12.732880512075981
61.455637415181975
25.083859327081516
43.277200468528584
36.551466226358485
37.516418382091565
37.76358470556509
14.756454158682564
20.458659259526485
3.8905890322656163
20.913394638067025
33.2753093743314
31.278265342255104
3.809931935588223
30.543613078896886
77.84328383403299
30.161234523850748
61.67511523117255
16.162213924148745
46.65042284175843
15.314635864388832
25.385658264125862
31.43042448380132
29.115437494732266
23.804797633951154
36.81359121541854
28.83139175464551
44.41888721054863
7.169175995515743
22.837936681286454
31.963160075517074
43.125803659043136
11.800782925863446
22.665821230343884
9.385960086602932
30.849032450582282
47.19287121236529
10.789730555493461
47.32802344790589
28.990329080862335
10.09395051732055
27.178702052338064
15.852104611050947
35.97590130768728
40.810538312999576
23.483715718673203
12.234826836577952
59.50995286784071
20.620410667717966
12.729266550222185
17.071901348571853
17.20475101208715
30.934279557804004
34.50887652332306
34.840244529917854
29.411519707740737
34.195963989356066
29.69475145988411
15.185897617480743
26.357789693501136
3.4208635760058566
10.231483821037385
24.40331669861418
37.641576702507344
27.642834534301247
35.44456489317252
23.290100486997073
26.84906575537375
26.679522618560064
14.138825061003187
28.028459327095078
15.175729556509964
22.864419593201177
9.736656013390606
12.322418767204276
19.32064259507627
9.477155187200024
29.18731648979986
16.321087703389562
30.11450258756098
21.640090702634748
16.318538193002365
27.405237463601136
16.74671190798526
10.684508130811116
31.062254498065975
25.232822378775914
15.793069645095798
25.29398914476054
13.480991424462285
18.892330504030763
26.565658286039035
24.0442481675237
29.733718046038284
11.49855128148561
8.613614382611502
17.51768171879145
13.815867706263683
29.67231736771483
3.381830664414823
17.985087742122033
28.56671702533345
37.796359263851514
3.059516643217554
4.86712781666425
6.459466252961621
34.186485606748256
12.990963261874276
14.524769463830914
27.79138388994076
12.899367415192504
14.364467570745516
24.452237783189585
22.30621988373184
26.08008579532363
27.170434377268908
22.107641497234724
15.849186144744433
15.130409483718767
11.949709774083898
24.954778830213694
14.198101499092065
26.02367537230436
19.259357649510747
13.443955303223099
9.50006423960072
4.155336438252019
11.172156916600974
29.268798992316402
15.499221200387517
38.56155605647645
28.92106336941417
15.219117423538075
15.430638596641762
13.177186100377998
18.37427631501653
11.207744436508118
5.190504219537679
21.592860465000292
32.958067549563594
21.70774278667159
25.104282271605314
18.79494467928453
15.73698967228075
19.71578919134857
17.410101760785032
32.233590660480374
16.104634571304196
13.860748547338462
10.522063292149303
36.18775075801282
27.776100881539442
22.816315015736194
1.6753320692132279
16.73425899326094
21.192211155490057
26.62741315967794
21.309991480074213
14.351726590552953
5.885682290008836
19.49058584015916
5.932889352837786
21.708459054076087
27.809559966829955
18.651645040982107
40.48954570465803
16.734373927474977
14.792446366069473
21.28879734282251
3.7277891941128765
19.405403265056247
10.644550768999753
17.668782973737756
16.667260754120406
19.87084346616979
15.01511165819111
7.8225774657608875
14.076118303935523
2.4267980504877293
21.370316409867502
23.46496783818527
7.707119325645156
15.731727005572225
7.571836840461523
6.561453361750288
12.61766590517721
14.985983899419837
4.270985773310855
10.205142691240225
11.54180150590306
22.930623601423456
7.68524582496512
15.551157008618375
1.5678982584543797
24.36470031543116
18.537208293342314
12.155952980759235
13.538482412772895
6.910308997819643
19.015631639259116
25.88509499393306
18.607249340683413
19.08306902012144
12.31229072903793
10.931501001502783
24.347093363686277
22.16747086707365
5.38638232875408
13.474540473568226
7.49908283933927
9.505846375883023
5.626999648212829
11.263249617252713
16.235689983516973
17.59658469458195
33.48803796427074
18.38160078496153
15.28593402773954
9.876290048703787
16.990918859570858
2.7674256812942026
7.052526820334531
12.20562610244311
6.860419988186574
19.10405824970198
16.295957618204046
13.279367679821235
15.590796891432474
8.916820205777222
23.981800845962496
11.344412335935814
22.834494497714495
13.172412987318348
7.101579248102364
9.410759014927345
5.804254975661035
13.94628100249954
3.603843673626715
10.214129540276137
17.426800861639208
26.595927628476034
18.327103663647772
16.696979039653126
6.896957676768306
15.722157461163848
4.718546152448767
2.7192812637032766
9.474244974407792
9.002425159656891
4.510914182260106
18.40907791029286
11.829613931599388
17.759479318957787
2.4775883079708048
19.799411423317277
7.754345054512125
11.565084614659256
21.506284683005717
4.474391534973752
23.600349964335773
3.3774509276367497
15.775408578902475
6.200761900931026
17.296912909323567
16.245378974555653
18.883390210888393
13.01785496723907
19.817796458172918
16.774958192351082
15.112489263850248
22.106770614543382
5.728858677552953
3.4801015607574577
13.192639379889442
9.501108651698324
13.07028946168044
13.222001391146557
25.60558256790153
15.134057753947419
9.680848480526906
10.243795716221447
2.6274313457194114
13.890037102639248
9.751115879499592
12.156770134192053
14.447398500854893
10.092180933034678
19.46070645067998
7.571248776338384
16.971220772944946
12.693003800800637
17.481715174487487
5.534134291914013
7.596866228603909
4.469843113945063
2.29706285080255
12.37689126359698
11.59670454810679
7.8073464584174985
18.025213667328693
1.5260949271834963
8.08909372621066
25.851111668088567
12.594769892957263
15.954904834395595
4.97896070551208
7.945914286470777
9.109746178865588
18.242549578241604
19.834544761601457
10.478017993107555
20.23832694765658
11.648476144653118
4.045042924436969
20.445494956582145
7.388753433245084
8.187759500131403
11.634379715178707
12.074177356655444
12.735761977005998
14.667748721299459
8.20924088114924
4.403628790421873
5.486989691661931
11.037539887544627
8.438958371104448
5.497127773380608
2.77193973703789
5.694480538016702
12.233677624650094
12.40861211036888
7.089476269376362
7.569045125861495
9.977004109920657
12.662215062686995
2.8973112590686614
4.719138205362494
5.434604315386131
11.069546095767684
6.2911004648732645
19.332302288839706
8.383681157687139
10.162544233473016
11.327425663004016
11.64328721434355
8.095067861106935
22.405732085351186
3.134497129733244
9.749301135224007
2.7631518031063464
5.172445665752685
9.081107630111152
5.253704470311853
14.354180437854982
21.376791664014558
2.9979321482121657
6.1784311017498785
4.796230005929955
15.770955613517552
4.438719645272213
1.6232328892618835
11.616341308429025
7.161808900174808
8.826010932404497
6.890879201671458
25.762467959374963
8.420017064930464
6.329037490027473
7.277442570615721
8.338198013509796
4.454874226172005
4.790914300253388
11.439462830159307
11.332569345577925
9.419908167217763
8.3685240319622
20.674148596941457
9.379386666183747
6.961893771634698
12.623124513007127
17.271297256295522
6.762895844241311
8.061200945362954
6.595078360067688
11.540478859023512
3.3837158590554686
8.074721364860297
1.9237628424783608
6.407974110753536
3.3711749756614577
5.489048731591538
7.945435523756865
9.502159954748473
4.930266198781534
10.70791944687966
10.549375807743626
5.447368949953136
8.35616777049577
11.597459791436112
1.563367449907801
5.546701953299743
13.474720156076618
5.804604795846412
6.077936248126679
7.546622775001019
10.945937310267615
7.247613851650202
9.089229578663794
7.314541607053981
11.74180120281457
5.907645829171717
2.508706952253982
11.796787871157681
15.515703472955792
9.97735780006035
8.282576921585397
9.420343052530205
9.05758583600665
18.821374424877412
14.19512716625616
9.288977652668493
9.230863319755876
5.7464639321383295
19.572289175375765
5.626371897580455
9.830281437194985
6.226085738471221
7.860523401812626
13.36246199829085
3.214084247298881
3.51214297825775
21.17190900711838
3.6250563367378033
11.837016611494404
1.9396220903197698
6.7457696427418705
13.317124575398637
18.690565206976114
9.42521391707153
6.362884544009069
6.086187397862058
8.076469611318045
7.824035159289425
12.525890855532946
14.974742335389449
10.217068105996528
31.79876498247843
3.688088483305125
6.061876621257276
12.294057250283695
1.0357965684417707
5.392251507227843
8.087298845454152
4.759035647220158
2.474504660826025
5.895085608537766
8.229566315194075
4.8993145006444605
7.841179256288893
15.562485728481045
5.719816813886782
8.541687957548104
10.815704251391457
4.785152981125747
15.766347030796057
22.331450934888434
11.005160097924502
11.56122754740379
7.091085254033654
0.8122440729251196
4.28691886728633
6.891726396030565
1.3765920517518364
9.068563616884592
7.355496283850323
3.5019920613464866
1.441028435272826
9.223476208236756
13.451771280099623
7.238912261271286
4.798731750852314
5.623048899776114
11.632113913218907
15.511299817243117
4.665566622650006
10.456998079643913
5.7014739566764305
5.870921771338525
12.69987938493137
4.59114875507455
13.45581980954891
13.983400630875087
6.970911510685205
9.629037796020535
8.172102002219738
6.1267195373552505
7.317446555387782
12.766998424733247
7.362565114591988
6.956688173791815
0.34770073682874564
5.791236389749154
3.986409278376384
7.1569753762125154
18.441018509228265
4.608819725635749
7.890695677860093
7.9026808025747854
12.887693907433707
3.581427863178624
2.4532121583889657
5.003853558298732
11.028359082591667
4.675472743638504
11.416427156752004
0.9274652192498976
6.4522954239661
12.709615783937526
3.838617966519087
12.752857246272363
12.489915732817384
9.410464725656746
7.436532052477176
1.6887847503378175
4.154147841049651
5.980223191958946
2.5773722132799337
9.148771460778772
2.1442753911401216
5.546493697752681
6.526687637386642
6.9400758924035255
1.173501299570256
5.306695747464635
2.928244669532412
8.415482189238961
2.37001134720546
6.698645518975569
5.654286259817987
3.406933860469216
12.307147374309695
8.832616855701293
4.766165448049409
1.5311225731197375
6.213323378901281
7.166188383429822
3.80271819911011
7.932716421920919
7.917228587676291
6.212649961218266
6.596225128362392
5.563936854070016
4.010001540864218
2.9255216111670643
10.9246201936354
0.7516339262149834
8.425095151814224
5.183228467236451
2.915314457736808
2.5220953056434827
11.949277094355756
5.325225672524413
3.7240791625656793
4.488897880052959
17.147845800093535
3.5766431774820684
4.485209550708538
2.400759191862266
9.892380784579078
12.535346815922631
8.205076791900504
10.6796226801273
7.870175108124869
4.333997333292165
10.320007002488378
2.7418951625768115
6.688563529324678
4.90376669336172
0.5278439997204467
5.488245713049307
7.16869468597275
1.5160034110977776
2.2703049062921234
7.597109786868476
7.863839304322721
3.0639143879507342
8.639402890385446
6.998556858545911
10.4940702317617
4.570646574398401
1.8920313311659256
9.826837575214952
4.588855793041501
8.281171328085636
8.644035439283929
5.8809138079910515
5.475315218600662
7.838123088481332
2.2304330395628993
0.9148170198740585
7.868381408735622
4.030540676256906
7.6845181734853405
1.680407127078188
5.014945458364847
5.842435949208073
7.168462019703895
3.1688721394776396
3.655454808065635
3.5682559774911375
4.706199768118374
5.691693413386132
6.834924044632167
5.116797687612996
5.643614432538271
13.792419151577018
8.874796941518616
5.849354994782961
10.955448718032475
0.7421180252957147
7.278647218786908
8.281441950660607
8.498538929493336
2.753974076478247
12.030159097442992
3.1309326308561056
3.963355698865439
5.122757914451492
0.9707256947017668
6.969792576913434
4.443591641218501
6.359638949467476
0.6501009344115493
4.0789074951245885
2.71560246187253
1.6424317466630325
11.6590694458386
8.012410291209589
3.2424351940978426
3.4754777463161477
7.563620191314547
10.32541001478943
2.1018163638814666
2.8880070879664435
4.591687207035783
5.354533955035836
4.113553815127809
5.936656782290106
6.9777001475194504
2.292094577969469
3.2745044130171728
8.52339034644296
5.713821805353209
7.8769610816532305
1.2625217360402654
10.738491605446233
4.429116002130323
4.23774159106844
5.98100739171054
5.638469897774194
5.958949437975482
3.2017250017568792
4.8666281863612095
6.398633682487925
3.6680003296761194
0.6462520078607813
4.899041405533742
11.780754650729023
3.6359028768873096
8.370305756364893
4.63430800906308
6.070804489759528
3.148873696999349
5.807722054110848
4.792860763611549
7.67841901491893
1.5703672540465472
7.658923378622561
7.73330409431352
5.4967338757943445
8.074308204310661
8.123821684954464
4.998080482298861
6.459035498970909
4.441904365124939
0.298128952665025
7.285627609103262
8.093351218823921
4.963712448473315
6.599131697664411
5.068547539062467
2.5868543339252072
7.790668183362833
4.281404055958476
2.4283772705464175
4.471120356791575
1.233035062454245
2.786054420484915
6.362451102292885
3.4272914333638256
13.398575439967573
4.981142927439601
6.827637656813058
11.151982622162171
4.673563499125644
4.510152134471921
1.5564830565974792
1.3064829333019194
2.5734065235244037
3.573465571672185
10.088127496492584
2.75994584052874
5.480532001513066
7.250380402374021
9.795842153346163
9.455336881175098
8.599721013336763
8.410453863360866
9.031024200272672
3.7428760183924425
3.2988929682766948
0.7874968061311279
11.906559243972776
7.540641482061676
3.2943685225905983
3.9905969553570917
5.902796926524077
2.385839327500469
6.240353717746984
5.056776417154505
2.3450810780516314
2.0836174365918283
3.7150659069443317
2.8521257503933866
4.555692246228705
3.7891479291258108
6.213382010328566
3.5107681711308607
4.286536631787573
5.763583193405074
10.34004341234917
12.66069093691123
9.604785604427493
6.999809622546795
6.830306262191263
4.809124190105445
6.727384405226481
7.838559831057713
6.604825896707931
9.600718483604735
6.5897728170755325
2.656408039036833
4.169873805118087
5.514983937695054
6.6863904062986785
6.73571076343698
7.677812548820094
0.5504670432156942
4.1254409583880856
8.952175211148367
3.2565772920826537
2.803939327597262
6.310489706880741
8.852684879193644
15.067979229582146
14.316835550241798
7.870349360904305
6.493547638135537
5.4217876106112
3.282454761913156
3.475395211894762
7.629586234840106
3.521254414568561
5.512524820117678
8.728199409434595
2.7063623127791194
1.8452154774964242
7.252966912532951
2.671499999356674
6.940184962105815
7.770170161020933
6.011451188549433
8.533477805683962
3.5361074750586496
2.8091177426487346
4.140808592495845
3.2374945755191917
4.889595792066403
7.174077931122515
8.783344856273093
8.965642186536966
2.865782428590334
3.4744038753056903
3.047485063387486
8.292010143557091
2.395124970058594
1.0400629430929766
3.8107314860632218
5.144178936397287
3.1311915183441275
8.704234315565317
6.214748710988721
6.239502224561366
8.73492168026901
1.2702303403667523
12.517543843885118
5.770848328823819
3.726224108085497
6.143816381030464
4.659569301116709
9.113239541653629
8.961336563672782
7.33156450462629
10.862385770728315
9.025857934613347
282.5277
10.822078664798319
58.72186916810017
88.97889392520061
21.34434377021984
55.281056922152494
85.88749508876896
34.08871645932897
451.253325105439
1285.8652704884576
291.8714484781086
142.42731207078964
72.71595010750089
143.44586951223803
288.78010434304133
234.20066306645106
138.97347592023922
502.2355801072786
430.22304533123844
251.91187681875104
132.7254365568927
123.45035671660676
46.16528218395182
45.156036539497826
167.7314395411429
18.53829827175002
53.13676387805053
141.60458608321647
168.22854516703444
26.01855882936687
32.66239211796422
281.86758434302385
221.48437816167333
60.74294734503047
25.209426730950522
306.86135502375527
341.08938186784843
212.38242139302517
69.0988504713851
103.2256066108743
336.3445526883338
250.56537641388917
274.71832653409183
83.36584956329355
36.165405181341384
90.12768515252887
81.79934587396797
59.3077395162134
400.01304449651866
249.36629849061617
534.9001236372098
33.777070335794505
215.5763363956133
331.5054297258389
168.10074822197234
46.99164303085358
413.4405298802655
231.55097922210044
92.62068642411695
152.43646051288792
64.8937366422189
26.48397167490622
62.19180287644495
164.6519456233222
157.93280786771766
221.12078217902283
94.7231739064436
93.27932398154138
185.6656671101892
236.19793443770197
23.31617766408879
103.2474666739573
342.8408354076254
114.12457827493483
158.44805981121485
115.16662797370677
98.46767633888419
39.143595743562635
23.397116591754706
259.3669318786342
96.69931579921291
236.38736154399226
182.04744624041882
155.9557120674092
60.91324632953508
218.06160334955382
133.80781664040765
95.32090032249681
132.58514417460816
49.36123136439196
153.07809736513659
49.050465395078994
161.05223286473208
234.05893368519116
29.965562077260422
138.43832104256907
142.92557970095288
113.37049057761287
338.47368790070226
228.8764498998732
296.9650291537375
140.87673503573083
125.3966758878351
182.83268147340877
60.03877686773498
31.546523486845146
97.69173387116666
65.14191123414463
142.28293310339237
64.89230038052858
31.670075082329834
33.013539268999395
138.82592116206604
125.79918096449781
147.3755768361783
114.1044707436159
104.88044113513651
75.90259845140523
67.5175598423075
164.0151673750316
119.87271757647149
47.52617147026666
59.59146366816252
74.63027887563469
24.457991719159203
46.27653101657557
104.5785780719161
124.77810269859019
69.71659426043159
139.11064523684414
127.78973051412274
65.16877178099861
52.05157328363285
103.4627458386473
96.8813931407868
18.357554191859496
99.88784699844186
119.9456071031654
38.70855706710594
70.61872959172072
24.244367984119133
37.02186195670886
29.328668569171658
50.6653324065516
20.78082885795857
43.98932433856663
67.43093229849363
28.4380041258502
76.86597012335129
52.68107361838778
44.20111257040737
43.99117990545156
63.283232308100125
84.42777178696808
16.05040843061852
62.929116460316386
12.916755729935765
31.111307142809142
54.86283627194231
31.093732274651444
101.83697099031923
50.88768953404419
48.62105188838957
50.82267148679389
83.7975146571661
88.26845441314818
28.747096392639904
25.189183055828543
37.32884441460389
23.99411545498868
31.24467855359426
25.671794439940157
38.52587973616484
28.006981496237735
32.34273044640378
46.59158533775783
42.64804125825126
58.48087850862061
35.101112657771274
38.2352109094928
50.62598493535615
43.852633872844265
11.167414405620987
11.31728205355047
19.74159003987411
23.81857214846045
53.94994027583536
34.39831631279037
26.719936892808906
30.920008487804058
22.751387986982948
46.85268381517841
62.39102493480976
86.2647309051938
34.71217866395554
14.802598522717842
61.24472471577552
28.837534058866684
26.453548180581745
41.5780415127742
90.46484422490325
5.811721344140196
51.32125189792214
68.57571437005309
60.77340418514924
35.346473393444775
18.40798477578439
16.11501187745789
35.81402848033117
28.016621866399152
58.612653329966676
7.081833487152485
20.03809302802608
25.328179090950563
14.654629445376454
27.725195346950983
38.73535062400731
27.116066175036924
30.245111306898078
11.725281343864323
17.231703454028978
21.79283266458806
48.616352296087214
17.19071230218576
13.343579480452872
40.637288875656594
29.011928526774128
9.479498699555073
13.506991774012949
43.43136155698925
6.671598124244114
40.16121120013557
26.192746324364073
27.942782684058415
54.255644247313285
13.487585287381739
7.59956879738696
9.483664826910154
32.04528454978913
37.32640942385861
25.11095598053616
18.22394096176045
12.753832535481695
18.499223587992322
41.495608980608964
51.6974652332193
7.931319995966553
39.34929925364909
23.70387979614672
22.415594036780227
13.460448875773453
18.177363582885604
8.02165799256903
7.806079122043463
12.15660690573585
16.9092305692558
47.16832899116179
15.90197284814479
25.14099893276727
60.2268725659502
15.010415269585899
11.231926239298193
13.966972961250853
7.834526742117527
26.2090805399468
26.32371838799482
21.97999971253737
15.683982008321946
28.100950138164706
21.181856863834717
19.30488724570235
31.379596422742424
33.48352019022904
13.346748275992814
5.912029612580202
39.293243854339366
17.290212822433055
28.5016155195985
12.459323680971837
15.9768568016291
11.475901852704665
24.176004814452572
37.72706402246846
15.43714682458374
44.579306238334226
21.664429758580315
13.984811193140478
21.56286655062146
33.57816725427302
25.755002723525028
22.75597475558532
23.90659400644663
26.882289855006093
5.371179470790984
20.81970761985177
26.292541172937614
35.094793267371884
6.696728545651862
4.29325883640655
26.99854528628885
24.925349407983905
56.216763569715646
39.223345315339905
2.7311862636326554
28.138674051627756
25.306575838655306
14.237275859897416
21.714856116529308
22.485259572466312
31.157738475543088
14.150195981240467
31.13582076928223
6.45416597053381
3.609876333421486
2.4804142406015846
16.053111476206666
41.91586193400777
27.493983308108415
13.75190391927383
11.834392447445495
18.422630789022932
20.37888126296505
19.55202450249278
10.147198397777416
11.599964323658009
23.725100996306843
25.57081893120004
32.81663152015437
33.05387889156253
28.598892829311424
53.80932558173466
35.18969982293023
45.037205529305474
8.177386687051515
46.35427046909891
6.1208716533240315
13.404254703460625
10.933467118977415
20.606628133015132
1.674345081849358
40.14523809243761
23.670804465740922
19.797070960797686
17.476971186737714
22.264327997055076
14.687477272345006
6.162984095190002
15.993244659476222
23.75817929589225
13.684171005980184
65.90780747076118
10.698664391545998
27.579134740013252
15.223084264596203
18.084703962572224
17.97900093749968
32.43547093450517
25.97016812211691
4.572640210746911
26.71389606996765
20.06802893772503
12.261513067141196
17.75973940190003
8.006755617224625
8.307042662022399
4.4123328097440035
5.152589517181033
9.717383623869058
6.863931473045658
17.01508560657911
27.6244328056572
3.028471085335923
27.773752301091477
9.114716072436932
24.055990949586974
11.72124515548202
27.491003023148455
25.197238588489164
15.197099148755104
12.670650468061902
12.086365665207786
29.32075745368504
20.19760567554938
5.14248913978445
11.635950778796406
32.4179268812202
20.827953553126484
15.13310768819608
23.343444585118664
21.722642178037024
8.554164558483178
8.346947448436861
14.508122263427886
26.256383739439826
10.75927566762978
19.303728769634453
11.94576032740477
24.260201487819877
34.196678109363695
8.682601558787772
35.32472339979356
8.37060618046424
14.121340573628995
26.96407478133478
12.29126455295323
19.66027002653804
12.862237691531739
6.062360897349154
8.313388223092801
6.109902055289177
2.1090202440135406
20.61873792990177
22.14115459819313
19.72724336488668
24.298823510826505
13.70299535042075
12.286357311054392
18.549708056194927
4.7727019480513535
15.274181866862001
15.25839516478476
22.336147080199858
10.186836023083112
36.35832753209276
21.17893089080623
7.374312068890189
17.277100299236544
32.79538772069951
22.371949297415952
10.774202266403245
18.470717296482118
11.332956004318326
13.567978945079192
4.70470209767066
25.226358154658488
1.5404502866664975
13.581853471487861
11.077771696158141
12.840392211725774
54.0947435515011
16.482572018090533
31.100334541069167
21.132009947910664
32.86448748339284
14.402413301782037
24.851099563644844
12.031528664326846
21.66611015832127
25.16812517298261
21.91246331507966
21.19050388676692
32.429313938137305
24.612352061484675
4.324968006966608
30.247048025997675
20.280767252559837
17.684465463776935
13.198616904072868
13.560632536424993
12.918482867567059
20.134429983548852
11.072410734018511
17.036774796925005
25.150796397433513
17.752910722464552
17.181518742409175
9.26860351283319
19.079114850573646
8.514724800110201
19.069998981878324
17.053689797215625
7.327269902604679
18.02641676751333
20.254715874525623
8.64964264630004
8.824419449381255
14.045581088090477
14.978297565489454
30.59010428197577
15.4352440264054
28.35242211202375
10.85885335588608
12.169350663990814
21.609974711132363
17.120494179123575
9.206587421541716
6.337601598222258
7.751699504485389
12.242963856308817
7.47188823046105
13.184920874531045
4.877183269458943
8.160040534555895
2.4223580219573084
18.458659823413335
5.692411347178287
9.370754862444942
30.4598616514957
18.280786440056193
22.662954897791167
10.185329389488656
8.07607804745981
31.064835228483037
21.279591145961014
14.618778669181689
22.311276931380768
8.585627579273424
7.738837208720421
12.01256457142577
3.1633671500383516
10.796692841282987
11.573821094627245
22.864004227536117
3.6660298497078547
8.185729160398544
25.5536566348371
7.568685136774809
18.64514513651115
11.368823654927246
20.509735847696053
12.410428387409004
8.596287885945225
7.686588218139528
16.624365620410362
6.480539003542353
5.711983688894622
11.177523973662034
7.648665778122662
13.615252941292775
17.022297424111255
10.999886905338549
15.528602535139454
3.5086037857652177
2.7273248581886183
7.440715884495151
17.41206589677483
7.513998237433931
16.499609060869343
13.927973968853177
14.728107695416128
21.212600218145003
17.16832863482834
1.1247155363533203
11.67857515892634
6.4270230423673205
14.61451635637374
5.907495566724236
3.9897835313680265
17.40245529400051
19.493900285050465
39.596712814585686
14.037582540644374
18.46093397604979
5.050870117985698
16.367824767780412
16.109629577715488
13.788738922634368
8.165160891753182
2.6384496601347927
8.549040064970187
14.095669818052292
21.066402444514416
7.947144130721749
9.34009491693104
18.254515947723018
4.8297847829025224
17.810263236697814
8.116938662393618
13.684180140472783
7.089283996231799
3.499752913920518
17.90871722246161
11.385950413639065
8.083245917313668
19.1472908182924
9.587642387864276
16.5803771265388
5.404270016765688
9.322093793069115
7.425863670800575
12.451702395377552
11.105128244972276
6.063413654968698
1.9153965691181607
11.52452335798689
14.068628119034924
17.75179220601446
5.974643459555696
13.585511521627831
12.483454853762838
6.5467277415399625
19.15190498047029
6.948301035638141
21.2048706703694
15.338977839699034
8.20315252284675
12.78056497937462
17.646117336765524
18.63713064706157
5.36361945161115
16.261190375678726
27.150195068993444
11.176293590344224
11.845193741794459
16.219624349833918
13.486206671985748
10.909307305832687
3.7050077579502156
4.526844918988727
8.491883444925667
23.514833027407786
30.799988462874243
15.965770280347217
12.276542007604911
6.849872323657992
16.3601834057183
7.985678074516342
22.03108574424132
10.040724240462271
10.007189681622108
17.42125568227954
11.898920849812093
9.806640665938016
7.936431278190513
14.121844430780847
12.268230188705278
20.982195641263015
14.521871936470374
8.417500601741077
16.015690516336974
7.779555960116142
6.919071811320389
12.687443380941827
2.875769232695283
21.705633549766006
27.474247920853298
17.790317025546347
20.460110085975668
6.917939390067191
13.504704610666836
16.01118969067405
23.606473676920274
20.816226406362517
8.578800611087871
9.006562756883191
10.954829446795909
16.88368861151737
5.045893268108328
14.785238529801616
20.679610897704613
30.81769867196009
22.751235487901003
24.976035330047242
8.893566694875329
8.392292774414685
12.895480315651199
2.7304374155544573
11.309359291062437
11.953063372054782
13.506423994377371
15.75229964006557
11.562557909423486
9.803137553341552
6.613977277151027
1.397285117905896
7.654165536481393
4.390008022600029
9.844309473061076
12.509096731054072
8.850111053816018
13.658474729941055
6.399476424123607
9.589230200227801
2.4199306863661127
6.277886204369569
7.845087361075354
1.4484997522516836
5.642020830476109
11.463031231356162
4.597560344494197
6.806719251964029
6.421230678212546
9.406447316953708
5.852522699367873
5.200351491038111
6.941124383334525
5.656016251988116
8.722757471014297
4.613455733712898
7.8404848572005905
13.219488336357053
10.75574423684518
12.811472526931654
19.006099418554403
20.18159518227273
14.668668042991273
7.837084140602031
12.711952800532336
9.757219760786066
4.326473866398253
11.522158256473789
18.91297213602839
4.121040249836775
8.530623485718824
12.824602866040108
6.286271834731249
8.108610204119021
4.005851249990862
5.2193186605363175
8.600438905006836
5.799835341608351
6.011773645265746
9.773782329906565
1.8334627765483804
12.019542356902308
12.926268834238835
3.3390317475528035
7.203587247486118
11.030674873855151
16.40732900762599
4.627072972647664
5.878267462367307
5.1170779794244075
2.4197828524217244
5.7138216681838685
7.272383699455539
1.6982207181337836
8.894066912329444
6.685209756702998
13.748364570889766
13.398578831662254
2.3404875971795773
3.9680408063651424
5.698255760990535
11.879731305025647
6.603079316684151
16.528115279129914
7.814935823180549
3.123610008767265
5.177086851933102
16.047557127215526
13.926426762763436
6.677061428005165
7.766969606902197
14.041000897085173
13.788224252351714
13.852865759646903
1.8758684860360955
7.518253149561941
5.771942679987458
15.938656142769831
16.26315424842471
6.927438251607273
1.9223459868210557
12.988735096698727
5.870891052031564
3.090109871298316
10.218111304689632
8.829684818745106
3.1860465608917434
8.618438772488428
2.1952820443506975
8.458715918001635
6.386693738856067
8.829192361112272
9.428749359734784
14.879694504037369
4.61057688675868
1.4949823576754848
10.179210846418657
3.6306628280250246
12.358832567450541
4.912607418325654
14.463677613630276
6.928795227529012
2.8800315637089864
2.6568835832196345
6.356741474669799
4.0033739197747185
7.207550787722933
10.183821478641107
6.798024573805391
7.930119623962175
9.860210435477434
5.866915174126776
15.15514986273536
5.508245551979696
1.4588639689042715
7.562453156000618
17.45162664853181
7.7504240580891866
6.549324188739043
4.711293092775263
6.707600508462192
1.7780084479995255
1.9413250563775906
15.099107998157658
2.623401782066952
5.859521672768641
5.061329668255738
12.126234607090781
4.69242259860774
4.752656528095259
12.944039022261212
2.1198257610020397
4.5672885901757905
7.29600616746672
12.417667720999662
4.399680441263359
5.444657723817729
0.9217476036687847
4.571424569699353
6.038505180102318
9.413271968831406
10.211021687420645
5.351226680709399
1.5086961317837222
0.9649167759613784
6.685256669434423
4.2831917777118385
7.996146480075368
6.975941079679553
7.2203837190191935
3.494353571983918
12.253122484756867
9.69384641473777
9.235530330401872
6.260209930006732
1.347850617424671
9.475588040575012
5.159900635709756
5.042927029482042
4.222680659939262
10.237494013449579
11.115765399063356
4.983384006833631
4.177593471477769
4.465775836687155
4.587819646995641
2.9098769131800335
11.025607389259436
2.316759948926707
2.1518549865478542
4.683578890038664
7.793060689013097
8.47770187543625
7.403313797060906
6.043241660126558
2.134847742035356
8.11989328831163
9.053588865242103
3.0879405098584707
2.887888718389899
3.223459230687467
2.4579442131358036
3.7264810686353975
2.408525946283748
4.24957961666347
7.720748068958985
8.868472889988709
6.328025423779722
8.510760716821768
4.053469705652297
6.45166206189692
12.41529856999142
4.4221808649248855
11.843775943681223
3.699610441573181
2.6023132106222557
5.2668033447625975
6.70014355820318
7.9639631942407485
8.740423433265548
8.331080920860353
7.871506954910055
6.49905128330999
7.207543015741677
3.7684561782206423
10.180266646126823
4.810161053017995
5.761944615321323
2.796802111632106
5.730687600582826
5.059722772518619
1.1004448492522747
12.451805851981442
5.591207761961131
6.113961713595784
4.47009297039596
13.689378627672225
5.565897301639999
8.831600355479246
2.9014535230511083
10.504183313055993
8.965591750859154
2.9789878851811307
6.908382087174613
2.3684467215730467
6.196030393903152
12.838073056189991
12.981322007071066
3.4256742330689933
11.040042551553064
5.759469568356322
1.170721702923489
7.382745539820534
11.056785319908593
11.185505858874297
4.835845350152949
2.982244262600304
6.552634939931686
6.820152077017148
0.22999566281147454
4.594163919888244
0.7904962283214676
3.3450757333414476
8.537983815698082
10.245045296793803
2.381918825557518
8.848622123153026
7.159631438290598
2.486857515391256
5.051804185688651
2.242966286724342
3.5858671913028792
2.984562210795612
1.4697399203095385
8.098704060897319
4.802325272549104
7.459507026574406
8.916230375741979
3.4430233331846063
3.786558836150367
2.8756255936067143
10.74095320832848
3.7170642188156537
5.017033998489894
0.7881111286961169
11.21431131933525
6.032980096069271
2.2891606400841913
4.583062930265711
7.8137698994397
2.1996696868852896
5.5270402069600175
1.2970135224351662
2.482906621532912
7.47829501133121
12.098414375893679
5.136142903132381
20.750373755739545
7.473784004159271
9.18400174737356
10.420575454591171
4.940624843729343
12.51430631635238
6.225115645948727
5.508027620329696
3.6174887592885736
0.8735525148365643
5.943296553122143
1.5580941889230737
3.96170474775804
5.352475264445597
6.630946645702464
9.76963242472538
10.29608758677372
15.240066867931686
0.5500284428892439
2.8000994288455865
8.350189376076894
9.696188666428453
7.366498804553647
15.935115229015663
3.2067638745088507
13.0697719412415
11.000333104088675
2.479159994280019
5.101105064185529
3.7339081444209232
2.0496447022417597
1.5757565031754641
11.382360151026477
3.7423974807875395
2.239782221407202
3.4508298292121435
4.738411692251253
7.119222337909042
4.410653328888626
6.088341655049721
8.140638731240141
11.053273570572925
6.492352428525435
6.114331206964963
8.100656376654007
10.433640539962523
9.336976443598791
8.116647490176945
11.991215426584377
5.643460311162706
