410.52830000000006
59.245399305124955
74.50887047976661
166.85341283051457
116.67392145816945
110.34479210057017
171.42113983915138
251.5961897000706
242.54668099357463
1095.4520117073391
219.0554730260205
263.9988075741553
105.67178969058031
211.4638995130577
81.19549568635342
170.43231355181993
31.496102922855336
427.00704605054784
686.4853100830591
321.5923415979567
271.87926978241495
58.52236712583617
175.86245630951683
48.17871150629617
143.04027142446978
98.87446757501309
194.07993976626477
116.77956922720702
62.172868957359135
65.66724544253553
69.28786318741405
68.6774329526994
113.28618357907627
145.58098731643898
317.60123890446346
102.658827476681
122.58188768536463
112.05558286697755
227.0605212893957
62.994038896250224
369.08251093578735
117.76994153137396
210.3004214125149
53.082403721051215
260.5167164164469
82.28272833311325
167.91968003381956
171.4283120356297
136.1324657197653
208.35987122249924
212.1327868504022
84.304207635718
213.24134699333376
328.6423336617602
70.00178709781987
122.10648786931606
203.4203819215967
140.35009790196543
274.69984481132605
355.8493166008229
99.11675433817118
140.35018458853727
44.003785902038544
204.43724917951886
134.4676113865443
75.1537956893868
385.5737731818427
189.5520690687943
253.11386042276985
167.24627902853607
46.10496719613471
259.60673121776273
190.01346169232266
78.93759020809767
128.02055122393926
71.35659984882906
204.5023305937651
85.89841761721135
99.94778116022312
58.823435063135776
168.59252482768295
130.928269316993
74.37599802568386
104.55174012996527
167.66512136248997
84.7142209297344
42.59811123417794
229.94937939030234
170.72515310499608
139.27177672871758
44.20257267988021
135.49607589241373
117.69910220520157
44.633243693686374
15.343991814608103
161.8814143989287
50.47436296578711
69.16608517894545
190.67478615404355
41.52067691264832
325.49428713221903
141.9414512430239
19.098007039659517
127.6832551663521
96.54236295180912
105.13589564607402
122.55591317170783
52.508261337030454
123.74723669172522
114.10992023932806
95.6634537898208
136.77799499012295
45.90298735177754
124.72149788303348
63.58116055225341
156.26550022489906
59.19760440672665
70.22637409672137
119.79782579127912
116.41587078901112
32.52498410942551
124.06126551088643
48.72290842815272
24.630826452227176
58.90899525694668
51.504516882442694
16.217245585840903
120.98335125419186
44.040780374439905
88.35258806453209
19.70607708942268
35.04943864765906
101.76135380113607
78.01912201257093
92.0255094352585
67.95527508672912
29.027343450586418
59.69395738599407
22.12711338093574
67.36953836317187
87.99027919953981
102.29254458547835
138.3883613224608
86.20720738916738
46.67146481878721
64.03406979371626
31.829755015112738
39.662744093055885
48.83575474889354
24.097355061941652
22.04740007492449
40.08785942103459
13.901532966461124
27.774188088490707
42.66949856386802
44.419427580019395
26.04412386996312
70.04125004157808
68.89133419668295
21.557862410411925
58.17221291551757
32.100750850729426
83.53477449774705
30.887022126830473
45.65971914940849
72.64451749870177
32.37820689153895
46.66286917986168
70.13442346997451
12.532093235385453
32.35797150624593
33.90523554967171
20.88090124503024
47.38827253031532
36.28697890487364
37.38397909812014
15.793192044625284
36.76901514187145
32.24365582840622
54.28620791651691
14.722466464872905
11.541211365666426
54.959703178091516
43.55889438958085
46.81890214214452
13.172845174436164
8.31153853565681
23.184602841906685
15.186693481824975
30.13661175609333
31.902246999249552
31.62889386499837
27.392497290917813
37.394185467913736
54.249408022798626
18.933039782771235
41.37856639561308
14.662230736988878
20.120886809116833
21.12907061987419
114.94602292259007
43.5885273394797
45.911038407160575
17.503937766186795
8.563616324756293
51.09905934681907
10.10256816208909
13.778686588363795
8.727610720706048
43.6517871081308
51.633838814067644
27.38898575769036
61.310854362235446
53.50005762424745
27.937097034542663
24.274986972979416
32.895760533636086
48.23127699354651
40.53785263636954
23.45209040019384
13.97328471889193
11.49093209122873
39.961787772025566
30.2940780699583
21.871960273323516
47.7461617197627
29.73177410117416
12.30264913164867
21.324892811965743
24.617487990526755
19.11754424212137
16.803122939715983
15.25021401644853
23.535109946755334
22.100552630230602
26.646162860415533
11.93814089210829
24.517649964701107
24.187193983722814
24.379098035933048
5.919232837118538
24.907331930441906
28.93928569251859
26.25754810806166
22.929605518060978
13.020114679536103
8.98502005434547
25.532292372394444
12.05212661306765
15.611280452543348
13.095986556118909
19.655378888747332
16.589802701053593
33.332437399139316
29.699137823837646
32.99043406129377
15.8245756266466
20.96910595756983
16.10320592855621
21.66783247188583
31.130178831340327
20.113183599974956
13.357452509467857
14.303275585707809
30.092141009278855
6.181678705600652
0.89947802872797
16.57665987877303
22.137063792955335
21.169215392029656
20.70289364860132
13.669173383368761
8.76405119031588
16.979866739993838
14.812990329688198
8.495613755589265
34.75200965735804
37.06410777098565
17.551366029600242
10.858677962964276
15.931971345225612
22.45371441294409
13.154711152995933
4.882645664215632
33.34649172794115
17.23002931361736
14.914332600701954
49.25755264097095
8.313979565914591
20.25101086517877
19.500456875189943
42.223586793594066
3.931293247843898
12.618184249255846
23.262876246155155
34.640928395648636
22.147944572527933
22.829379859038404
23.87817536924605
12.172419591910783
8.996740406469787
19.496473328952565
21.512429229387315
5.638904919902022
11.005707220413383
13.435688743576481
31.002865427085553
21.491605254066613
24.639952928423007
8.630009336795785
31.176860254434185
30.99863182325793
20.379005785893497
13.92583094343043
27.312779171587966
13.900254538549293
15.259146945991196
7.256448047299487
7.258142029328279
17.66668194736578
10.855083697488263
17.82130485607787
10.73936487446622
9.090838275970656
33.18087532254435
20.46850712288996
11.459016312124831
21.5915075819708
35.9896248075232
17.716334770848157
18.932926446656634
17.1134734836776
28.856793683918617
17.741078783804884
36.648843976378316
42.03801943590203
32.43551072044488
18.51149341841119
8.494183809164364
35.49670933972868
29.870320260076383
11.818099852733866
4.955202791888984
35.19299469947855
11.772726341728145
10.900662376484302
16.26089298057406
21.95034405124992
14.90073289974537
39.92310298986348
39.03949424713554
28.12733167119268
14.934978199121101
20.114305576904485
26.689186465496917
19.20074113743321
17.4517623162207
6.861705167803614
25.088386920981176
15.267573453131535
18.40853890252293
8.417501554130343
29.884487164152183
7.36241471837799
14.222396115298714
30.157967204995902
11.484855397657201
11.075293063853108
6.015233795865428
8.973428078551327
4.2045394363537305
6.795239020924616
4.01470228555519
14.848752759526223
11.817297512906901
14.853052924808411
22.17973473911591
8.423565466717514
12.248786444398165
17.034869332432873
17.67934715060242
22.768982085574514
11.25289928558974
23.458130310862003
29.36461639155256
11.149679506859652
5.9909413036903745
18.84078084251714
8.095690173131732
13.07278352604974
20.85378922418033
3.8598091388333
21.604369835172346
18.765895649715137
7.6599261071724305
14.161267915808882
9.83522522333213
11.652966559688103
24.997378655264054
13.472451984010636
26.22326016121579
16.806990945802312
11.263739326204286
20.063265924888967
12.34597437115965
36.39323563004978
16.59526644324057
17.439308022068875
13.147059050637123
22.818958336400687
6.7566487684068655
12.930209257247276
16.008728657241807
11.625295782938277
24.98247014273979
11.4142579766868
30.46559593851648
24.764810085173124
4.123729092450555
19.442586461097115
11.56798930712992
6.470926106394204
25.223754552054224
6.750003171316711
21.08556526825473
24.749014112776116
2.997902242722542
15.490969702775097
12.387983239960132
14.415824337082393
6.153759410387035
12.868390463663355
5.132100575798935
7.062501961635561
9.98927793214863
18.54486293471504
11.113152411732854
5.885665515235221
29.107742474492
15.658186606346797
13.903519823900918
13.794279179598101
29.803761441898768
24.158986516585333
20.940703301605186
7.057414477044147
8.931797997451653
11.790977011795597
3.649653878681962
10.853573150148234
11.668000863353871
12.33775698125073
11.29945614876711
11.981632985958793
6.346148606501463
10.379934532660874
4.153225814601215
5.400281010000451
12.160008561192303
10.474375354362508
30.282994162422284
24.197861510390332
18.321082419568643
6.24096555418466
5.845398610696407
10.302608749398168
21.447543408548526
12.638785594339058
15.781074790560856
0.7388218663840167
29.210562014787655
7.366066494376233
18.833099007083053
10.266694796400449
11.965108161723684
21.593760700578038
11.658843134221417
17.467868387142207
3.399079205896941
8.73506705022735
7.865320300297248
7.4634718240091065
7.767878023016441
7.800606919787462
14.065084400104519
5.228358247404481
1.498241621508438
13.795778823219527
11.804873954363929
7.609051763190108
18.49402988380144
9.585997373577522
7.883376875730407
6.728685009303773
18.43376733220242
3.6622360102155023
4.987987958545275
5.103436416680303
3.42418230483888
12.64867150548152
23.19702180635133
6.22231870284258
9.169766687723643
13.555439257047528
9.040063973015735
13.714760440661601
12.361893779066445
15.276778014860113
11.901514889032532
16.146177943536973
9.77488374469904
5.557250884727719
15.48981265324602
2.404186706125084
2.995799632296919
4.448346850663932
7.080876089157617
3.2001221792072614
3.8975714464653133
0.8574483709254028
11.31115309685428
7.795120160874804
8.540771035353464
19.32897114103757
4.180579439036078
0.5839266565574603
13.611216285427199
8.487004176312514
12.711936482627346
7.129425600090941
21.963680542593618
8.633871536157349
7.02319499296773
7.449087584695888
11.921048107313057
12.313724355933992
16.30767414964101
11.927710269644155
9.17251362692525
15.21263797967266
16.347538885719217
7.806546973302055
15.008340987076513
4.841635391732043
9.009519642947499
32.585716271707135
13.166035915788388
10.337398448903585
3.230851270198281
17.56619299069027
36.49912316599669
16.2756760255273
10.700465528935323
11.430623230281567
12.682506729131944
6.23751267927291
9.585425349183854
14.151522000952687
19.708993969043586
1.7602376998633604
7.792143085342889
26.5024655930377
9.203259774367513
1.6027561867651026
9.404170479567396
5.890399911553137
9.298327738415761
12.52221985604305
8.004766627290438
9.951172873793801
3.2194052676010556
5.4302495919821165
7.701612565823902
13.65846883642193
7.394517412581775
7.955175702791212
11.9276350986685
7.6393271031415475
11.064308266179424
3.6868809020194884
14.889769863682197
9.567533291440505
5.97533699562266
3.862035539674634
4.408822500387748
9.857248153304242
4.471284869840104
11.178027793222853
18.491002106948713
11.466699499288332
14.167863621676469
15.863262903454013
25.909380618820226
9.501388221971123
21.596076628897748
11.862339556723787
13.183999467790471
10.498078286644189
22.736179111644642
22.73938823919185
7.30959857361333
5.841806621597157
8.288819830585874
4.849463773026062
4.18049371989218
13.331970243872536
3.6242977571829473
15.271966429504708
10.99014109605337
15.700783287150992
3.78844228984112
13.665347112563015
8.338106195305201
14.96766358713678
7.982090170769836
23.927838168762058
6.221073429772001
2.911618166238472
2.6858927668672377
8.397912887269314
13.800343952827339
10.446640541004422
1.1904082149951116
28.35387559126312
9.467435550677553
9.83135561407534
13.704138068162942
16.760379834124148
5.187756634963219
6.447821709478111
2.6410592168486002
4.926878616273845
17.063906361049735
8.040848950427057
14.136769349581257
19.59965995196379
7.400644639179274
0.6240694633864032
5.935336744950114
10.699425108556001
5.757344801794003
12.283697821231613
8.570555487203269
8.675184085546652
5.580135373210701
11.928663558683942
9.039603886191145
5.534450603544333
8.171665023395452
7.675731179999995
26.155240145907598
8.466938885858694
22.012389485795694
17.17575706169953
5.82507869126567
9.155309773670398
3.8128480758648715
17.315946429239666
13.19645152068881
10.124754908924755
10.674237334211501
15.033118362926674
3.0383130527242304
8.492922971967202
5.267110330283028
8.985653423142608
8.446701877249968
4.743144832674579
7.907089637294615
10.815595548062625
5.320418402386451
10.885735918793682
0.7483483003306173
12.520807102411398
14.157083689994478
10.766785626596437
8.364331312959806
4.227660142036694
5.438241311769619
15.792634773419627
6.4568619928463855
10.478300083158194
5.567350629334718
9.204772032366373
8.174199975280972
7.096079354062554
4.809254087559057
11.056986589830775
11.530439764757778
3.793260971352935
0.6936006640057606
4.167917553595575
8.061487878702886
4.421161920872485
11.059626586485063
5.078586461436033
15.960316357775627
3.9728979150708854
7.051048218467833
3.672013503021503
11.079462802638977
9.892712743093567
6.84618617009192
4.16071037220356
5.8113155877554155
3.413156166298722
12.535551061056251
9.713145488140023
4.9238032458054075
5.448979034199173
10.756490186118427
6.041921234843737
1.436309822428177
3.504593295988779
14.287283146962613
5.832140198183238
7.105146937882885
4.53674084873955
3.5233327098706213
7.028232808389967
6.800699172693552
10.375843434233849
4.291365149748878
4.0010390397739055
3.4149642471755097
10.084193915709253
9.848189407199966
3.460373746122963
3.480356122403024
1.110898550323234
9.47292210056631
6.191837427660251
3.2960684042465505
2.2937641501708566
2.0385020801738865
2.9829040393105783
8.62585709439088
4.868791420960856
4.596313826351017
11.764821441779686
4.833980630110338
6.9866613593403315
8.80608181415925
7.81396333999337
8.86460750479348
2.2960972933941655
8.51754776975533
6.843388683346093
13.644542694000299
1.4758922254889764
9.645928947757186
9.633234389707859
0.6378640748297321
4.571271130786008
9.590562486045032
12.557424192584273
3.2786367832130114
4.223030541031784
11.451780280361612
9.271716522793216
15.59569589178745
13.644524434312865
6.73489430711444
6.278209757187322
10.57917915404178
12.025476081070027
1.6732341185545039
5.068983276036201
12.197444407038683
10.269791340079276
4.697054075137074
4.549677492164399
7.662071986511317
3.576367014531144
5.125330878582293
6.866206974533856
4.514451914012915
5.923496373206451
9.926644328328694
3.419879180344244
6.573422819842294
6.392363424324857
1.8459444235134888
10.891095838430653
4.159246268468342
6.6572771656285035
11.560715899923801
5.681720042894836
10.756620733382729
11.71475988300896
10.121333185928039
2.4905728904904363
11.175848582102722
8.37414287534091
7.282969691433061
10.078996333704865
8.287621063709743
6.949458763434335
10.609520092973687
6.3010777961074425
33.63772815298056
6.70372075561181
9.586939421353025
2.667179534356667
1.1298180201865253
9.178112924066207
5.822589406432767
5.725270460599628
6.219951401994542
7.711770503861906
12.568804201936643
1.48667422548714
3.8142893791185406
5.574716150150313
0.3574640419573572
7.831351166120116
5.602815882323966
1.5742602973012638
6.501774429538326
12.336261656465354
4.946660009051563
6.641373510249456
3.5658908365429647
5.458823082355854
10.031337245828972
8.928703698090176
9.768577494042487
10.17286689387772
8.990199782973326
5.581763442754938
5.769682708725413
5.665743721234771
3.423101238469011
3.892169717010863
6.172226679979443
7.91824781167841
3.766120852076791
5.247079955444751
2.5263309082110816
5.471152914415923
10.49309105227433
7.597870680100004
10.99226241931473
4.127246556091897
6.568951010148758
8.146315789104726
9.826119095174317
4.028127171158668
4.908274749978015
10.167223350647077
14.40668198451384
4.588830340278868
6.016975096882596
7.170737699563849
4.438829471896561
7.912689620803763
6.173693684673839
3.77708319856426
2.133113923248712
0.8023467063152953
6.8691116390140206
8.070403211513755
6.540697828354034
0.33720711567093903
5.953852783178428
7.336856088800512
5.013519065976211
4.718751239011619
4.624977882361132
2.4638401389314497
8.993111059904777
1.7315157766809801
11.46545881510786
2.3769665795452837
2.5466004473411274
9.479967291440717
9.390887339133748
9.141392586873021
4.805347712886309
3.5934425740044365
3.9707795133527743
8.698972749101824
8.130666403346114
3.803085125760908
11.970343233897932
5.759055039376802
4.299544640392261
5.313671006762919
6.214899225097363
6.296262906285397
2.7843954813427807
6.7132392768903895
6.052710829799401
9.14900060871944
1.6954132674091182
7.901008476919882
3.6953532866000036
8.942849593815552
15.310195305406612
7.211858134786826
20.285488506126047
8.172784793420156
4.479064140664512
4.025033301070396
6.924050574706786
4.930135352629909
3.33945633364362
5.041993900481291
6.303472934409942
2.5867624172577597
6.723987379207703
6.665210816754364
10.519952644480973
5.321108625511645
1.5096435519531413
6.577719834390831
6.771466393063673
7.47228627005339
3.619653202713231
4.713331290393787
6.132229758814444
4.013354166541778
2.5545337546643414
4.650586300893783
9.770299603291466
8.709338451953531
2.7543764702317124
7.6314319690004835
11.026801028196774
1.2883496645998054
6.579216282837215
2.234425929747261
6.919008972205271
7.962769716879925
3.805025542384606
2.5806566031565312
4.27568808663538
3.1485586444241624
2.045147755192969
5.756641317634542
8.699027063687101
9.58523740427105
2.8446009081634425
2.484340152900007
4.9904408197942915
8.22394550678487
5.369974119980011
0.23662701179999523
7.928932167771044
1.8366754452083507
16.227813036753595
12.883264022153996
9.477592794539252
4.098861909854563
6.8232393646845475
2.792448266683725
4.2536124926755425
5.597513380378381
6.14668958564153
9.639313500176893
8.865106427696302
6.67654551767191
9.76694288066329
5.232661930948574
4.366073034570681
9.861123043247245
1.1345305430346424
4.685956707065515
3.4665135329389436
12.282999480642776
6.618879884829258
8.015509530657388
4.672912262255585
14.055359892160302
15.342684759117589
2.2756773771817715
10.087854626577323
5.997541991623956
5.237535803112449
4.968374428947108
11.302763832028125
10.277806404484972
7.186491874793759
2.3350352414285616
7.522257303724871
3.7136749912880025
6.63132674916942
8.934672836946053
3.3515778535871545
2.3668858829952786
4.387757921887229
1.117662419151345
6.4051336069123606
1.208021223727951
8.247266235921803
4.555218624281032
11.579021594737467
8.660069368976506
7.719863666777615
8.851296439951991
303.40379999999993
38.240014891183094
65.31850777622518
33.84507617873757
72.42814438700216
79.52439574940837
128.62084625484852
87.03938332092574
449.5233576018232
1268.838035712764
367.58661537393334
32.242042299759724
197.80748794696314
92.43528909824575
304.4316647943509
152.7735553003279
52.331160230678286
434.11181241282225
476.555105090362
187.45999431927825
177.23354274328284
74.24393369915214
21.724296164020444
66.08094884138319
193.17888767580584
9.177646184534654
85.33210129879626
180.8185519692877
120.25032656825587
84.81472880945964
59.06856027065932
329.06368663462615
259.43414018105676
85.43937140300685
75.05016399704148
253.62160496003747
295.8887535623046
217.10787898142763
101.05837970555909
115.57760889740854
335.02735754460593
225.7358800974007
299.6312088885764
153.46352855126963
120.00603524849473
179.90900803538187
130.44173730584072
101.61711977805719
289.5176413524051
173.17977024169616
456.3290377352917
69.41087062088091
214.14288168740944
372.7173382771801
245.16629643563422
54.40898964885747
486.5263673374176
315.1501859422785
69.24583401158768
135.50214142027187
51.0543825995893
114.97454158497563
192.01387294208556
155.36815288238685
232.88829497042232
146.62422684116282
86.15815786586151
181.53450083691666
133.00059883214865
258.1876388162271
83.03013216839372
145.1134757393988
340.22149001630027
109.64084719822935
159.45357009143208
119.02085945670748
81.76227294313824
67.47874936225143
23.681025370410236
247.5025674865619
62.400068586148954
219.26157066133257
148.2686915518202
133.43185399327405
59.21833274324348
188.6962040670044
115.73302170721796
142.64826112599695
165.83374504349015
80.10245265555416
132.01063534884833
48.30699170540568
160.50863233833934
214.2648779570959
54.67418730075572
99.79461558277899
156.37545158547994
76.7598445327116
281.98015168531185
190.96498657022377
299.3806643383296
139.80530773531964
142.73377046374998
223.180018768259
97.14185299189775
62.47867169432726
107.19003265865574
106.47579013633089
83.7362759253485
67.71465258059297
108.24722971985224
89.55710362658036
210.25513798894522
163.59610400193762
182.3453015972514
42.43189021092234
72.61139305261186
63.15663749993025
101.94007799292788
141.77188141638993
122.35536672523509
51.863680657529976
61.55412323226442
102.37544245848858
24.013767587988625
53.98627327344837
95.80389986125051
141.96601010048713
104.52560601549587
142.5426169497898
104.51280744248398
47.58595903494663
34.47023586679633
74.03333782938759
125.74015613102608
22.19391829487597
108.32887902602968
88.99820273145775
9.630284993705107
60.646512374697934
40.21381682305801
64.90727456120945
45.43607432141665
26.011960086113373
47.981141662431625
63.64681022286058
50.52692414248486
2.997383280839108
70.05996129710164
77.11400246270833
66.18779694398174
28.816030632350344
78.6380862975181
88.72254678168369
10.78782369287781
56.215740324628165
23.35895064268268
31.24552051353711
50.41957626211111
26.75508977325183
99.84496971952422
46.035375593638314
50.23682673714595
43.64632490700978
82.95139903029472
99.60217117428157
19.937202854215887
30.806225619204778
28.341386653435205
17.254978217749365
19.23500175826526
34.647108321999646
39.09941279402543
30.377590629328594
35.52710580465575
45.349663435261355
41.810396449274
56.28183392646546
36.65864592726869
38.82633085054489
52.22792710759988
35.926010503192806
16.5614760446342
20.255585629599434
31.83498999699542
40.685685294037846
76.07567876962523
12.064583028394628
17.300248601314493
21.225810970891406
39.13980985544634
49.80388211222268
49.76624753993491
86.06590300555784
39.197899977542654
16.470537699966467
53.98909542161114
16.020346066085473
10.205113906524147
35.64972960247821
69.78262475116027
18.543384657081063
30.65223274484873
74.34806326644133
44.500479007787405
35.18981105245097
28.1287834489695
24.005644836423812
29.571319871714
33.07017238146908
65.46993097013576
6.5858954230519196
26.167375650993012
34.302564101289754
24.771464807526314
19.492169086209532
31.817023539300816
31.447152954464666
27.339900252250832
15.465010441914558
9.60169788718532
29.60647772350111
60.49680310644307
9.119634496372468
26.648992464909245
42.60675501571853
22.866654243848224
19.87619296989739
13.677301200698347
46.25831947921789
13.78574776950897
35.754690554418026
29.682782862657778
19.458412199124734
61.97758855581415
14.645547972031679
5.025471731721256
15.998655047501487
32.962960861003886
42.16589305533368
28.610307222331443
19.23280148916134
12.736758737038654
23.988104616069894
49.32608545918657
41.777072956010905
8.38218615673756
42.019037666421475
8.602578919793348
28.54662181811879
19.009252882614827
10.563931362566452
6.910978813920446
10.0735963585331
7.426083083074254
11.398999503649195
45.57949366826842
14.657191610539265
32.66821728759536
49.09550702285656
2.8859748455229304
21.87222077502257
10.907061059105702
8.992955009559218
24.01595512127396
19.86198280512568
28.441834925288454
21.462620431264636
28.74431758371963
15.305999575462215
14.694189255552919
24.813202580080922
29.414188694962803
7.4991121150844195
10.956509009912052
43.45940253188751
12.613598026006478
22.23606772417395
17.799268424506902
11.564494448511681
11.43076133282545
22.86478736413503
34.781570716393055
30.159234884252445
30.58389473644142
10.550940341602033
13.595301645710311
12.529248485876195
31.67300971318733
13.894635018035421
37.17915971859376
23.72350035891094
38.87087194053053
9.817711420880658
24.997760443896958
15.780422829030943
28.97192112211912
7.094957028888045
14.436522754812598
18.030145337539345
30.560771900507145
48.67709518130832
32.42320502605432
9.772244879970955
37.9145168168574
17.083213902314437
14.737600760930478
25.110606942533263
22.3629306840778
30.319961108685668
12.523802567428127
30.422995568672416
7.2661772488317515
11.603265621920622
11.076387615267697
24.46649874878403
36.55415078773958
28.666290851157267
9.06483104860998
11.725363804710508
20.292083772408677
20.436645900428477
9.141027683052371
6.726378611494925
26.099997794454524
18.14679375378406
18.03955856533416
16.196369599559123
21.202585944505408
11.805353923654707
42.51201230627717
46.76297235354097
45.04516221201816
15.109759165144409
38.91902633999817
4.866323728894608
10.653640977531124
24.24325216678748
22.21005586690675
15.778306697767274
27.421948616470207
20.61083185562633
6.925224100388157
16.500348114574706
16.652005795232217
13.350534268589833
16.068802010555075
23.844210720356067
17.59077767161898
21.21506333034294
65.65836486363963
1.0573458985441784
29.76005922076195
6.368766309271054
17.37437926296997
15.163652262573494
20.293174680010544
22.447041288598506
12.728256386303865
24.184410116166084
11.335685713893335
5.44252911786077
12.634906760166505
3.593568071126367
11.963971487501626
6.126879326028966
6.649785431900655
7.782808957536899
7.66802179040038
15.905057546280636
26.84969481270849
3.9437141189375677
30.437131474581694
5.59498878525273
28.82745625603391
6.6362606637271355
26.357139332537255
18.294899035804097
23.158804930513586
18.538289171195935
7.498026158972608
29.224197682838
13.335071138450312
5.4075408228735595
14.02022381130141
27.095518761035876
16.460941548686762
18.101068155791385
20.42974982775748
22.443686641926668
8.460841926449792
11.684958667786692
21.313993862628973
26.128557115831317
12.51313373818369
20.387515147590392
11.078738222967965
28.05140772766191
29.680326460267096
9.643416371467486
37.92421806915663
4.297169358990531
12.299463011885415
26.17833121775447
15.632126376599853
16.86375430864159
11.681383130692344
10.12768357763949
10.318148729403868
4.038763042079489
10.132101578535792
9.075980889325425
7.646440806698059
17.497693756192913
24.093904990013296
9.705828738270863
24.203444159434046
4.174925604521828
13.01832899541356
25.233946046062762
16.02907988022452
22.454729390614887
13.274462289088143
31.763990907125574
19.15685939370766
7.062724085599183
18.971002710675517
31.843243343186383
24.363860434586528
14.352261358033564
17.042186382784593
15.173105297071308
8.400238857846228
10.508145206205851
28.846925954108368
7.29330369737283
9.866034599934839
7.407277534569849
11.456422077073112
46.440393938677765
7.798973779565941
23.583853240222265
12.247473276678408
38.08143157810646
5.608223463238475
23.05161063165727
20.85188453920925
13.565326909471839
18.715877017632828
23.107747188620433
12.119308896731518
28.506511528533103
22.318407593942712
8.596884671594122
25.230775980608406
17.844714924656998
13.15273454167057
20.239209040532383
6.339300082082659
16.766056232953602
19.103817730803396
18.9874964051312
9.378737773189112
16.77976238482798
11.920050602056497
23.94501979060101
20.006550293637904
7.8720326166972585
5.5887528822212325
10.688097004437902
9.62619763026715
17.574434914290947
9.829701106702363
16.435527335394763
10.08374014693611
17.31792631167111
10.066158125700909
7.152046134983009
21.810352099627274
10.50916434444956
22.128726191641412
8.616062249941807
18.369147836104766
14.791180172080464
6.561388105307171
18.49887125491838
6.720352001228286
7.8962058255271765
11.048174219895534
5.8444869885693675
12.790966416796376
5.8346158021616
13.50534095614916
4.6318855123800535
16.158275429574957
2.70707848933391
3.8228768461246663
37.40409410489284
10.646473965032689
16.705102981524245
10.91641908374967
4.311645942948378
22.003026066240423
14.632144806438808
5.867158322547326
13.79667683569031
14.728937365769122
7.698977304609794
16.539842730495533
5.116960016711153
13.084553888921704
10.824793697170472
21.968508215495653
3.6596498619296987
5.055155306906314
24.615180928840257
5.443681994623518
17.452292074048188
15.737888171627326
17.218408891841733
12.344984739213892
9.149015314662606
11.190827530093978
13.309948143199927
7.418595693855135
9.325842984386917
5.994151643334501
9.967127381618134
7.577958137037914
19.708748390970808
6.642031328807095
15.821900176039284
1.8110149930573238
3.6582310085800303
8.068062882364542
15.452556877267753
8.67091909540042
14.404160892223645
15.870552039362694
17.736970960777096
17.110815571258268
19.172108845619253
4.585591738715122
6.408432593177922
11.417925415928954
9.456502348616803
6.120170329600009
8.79122253095833
21.634947352222866
24.029920298228568
34.68741574601176
9.604195144479926
13.019708111446974
6.085051117077
19.906185172377963
11.524305893864103
9.74549654111394
4.199610157364636
7.783102778482828
4.118414354046782
11.299992400533501
23.521370601688844
10.94794480868797
10.429356170941656
15.140457027287017
8.608223014420567
14.139642276427438
10.434441725961204
13.378759345420136
10.779609671211562
8.903181688206494
14.696889181376976
10.955090189982256
12.791736662302775
14.744011545739818
7.5147903877994
16.178653015094415
5.547748867232523
8.394121180161568
4.641971479397867
12.986202804239364
12.186753634684377
7.0298215249049765
4.839463186679275
12.38040290911958
13.67618845571434
20.492243161803707
8.756181256675344
9.848816910946182
7.938188335120332
4.48066740364031
15.630207416995969
3.9372416728478967
17.72180975351946
7.708886658049578
14.366629827237203
9.27092028396131
15.836255915290632
14.397603439558896
8.042406732946056
17.35380340909461
28.49873292495727
11.817987944031604
14.079386780390578
12.0994887761162
8.888621712662244
15.739144079389819
4.634151926012422
0.24404549268236922
3.942472686910388
19.72886945719819
26.4354571832545
19.100394890595606
10.378001599872018
8.58849622406668
21.93496054071746
2.1128606663962253
16.0201277183286
7.588101575023361
15.537798721529168
12.26090533764584
11.99232770329104
9.698579574211816
12.878819417887282
17.999396581636237
6.393803186455407
16.99315062885198
15.597040283711879
4.21112377505205
24.37784765215524
15.890130686097567
3.8542055079761495
7.207269695751501
7.1981347761678744
15.280119350980934
22.20869086209794
17.20611313648246
17.665998980688276
12.379094167192982
4.4860201133879825
24.543332650427786
20.454657429290165
13.310915469493422
4.0509480391216055
5.453964634800699
8.950144246458699
13.255905500147486
4.026590262541279
15.441615787440714
20.31040028490067
32.16236184036436
24.3474674875887
22.47276705843783
6.191369889428759
10.386148504148407
15.079749889080556
4.551358003219514
12.181309933504844
11.290088066112334
13.485007877956678
15.590386898490612
12.761751384389424
9.353363855333416
6.290708418439267
2.038232352853304
5.748259870632825
5.585742482052201
9.147661138184239
10.709418254745147
6.324012459523373
12.115291942366058
12.273673653911947
6.501304499460887
6.149618505068433
9.03318949019301
10.124355410949603
5.385149734045245
7.041254852094077
10.285151194594327
3.7604317646374517
3.8176275666197803
8.736795157215585
9.159639542100274
5.836612401834643
4.771636243224574
6.2874414905922205
4.181132931017707
9.775348185823363
6.808134270904074
9.425742495435095
15.787048751974108
15.592466937386208
7.3674088269375035
13.570580353816164
15.229602462422985
9.237517306964236
12.40856975779027
11.481183354658295
8.083146115391358
9.42100859671904
7.699751536235685
11.783008381608973
9.372959985323938
2.716206998058581
7.254952256936226
11.243928501426694
3.6771102586459183
5.3904524788279735
7.681913290813488
9.069571042744537
9.073765590626616
8.45693954099717
8.317569375591157
4.62769923923513
8.265931905161867
9.079351833245305
4.990552747898567
3.38229629889946
6.573384050784541
10.531857926038038
9.493054069478246
8.17454201342727
6.538977915867138
2.8754066119710453
4.56955050070792
7.799119208064565
3.999963885588118
10.411132226060166
2.8101297697755023
11.655770018229324
7.396706015333377
8.91797618884553
4.824153745982128
3.3778443373213274
7.0532153574529595
9.23689194506545
11.87038244025549
4.870100010916033
3.24625940870628
2.8469072879058097
11.423456062160986
10.564423594728074
5.31761199194953
8.308351373256126
10.97154397588889
11.515598348097221
12.993343679789298
5.284474737160187
7.285136048531779
4.49741315127465
13.004763013495465
14.563343920397159
6.013250662242789
4.841665058087506
7.362397281692592
8.336020110711555
8.312995490723921
5.575908892038975
8.325657222256877
6.376124301874561
9.888469729548286
1.6530608183565088
9.666215448623538
5.869390557171457
7.9266062042850765
7.126647814185832
13.103367697304037
8.254590989762404
3.0284661605707734
6.2442181958365195
6.243351864063244
15.726020467408976
5.252789425702085
11.770446942989151
8.916057626322656
2.02664415056149
1.9392029378072142
6.260029286399139
3.8966457470832383
7.0999319727053045
11.658512756107237
5.158476180418387
8.431438065450976
10.848587569905481
7.0545127636922
14.324161411829378
5.0813140493018825
1.1127883156317175
7.343490309751195
15.990380001145121
7.348783389716783
4.123004480348503
8.133384044892596
6.654261091260123
2.0832544220147557
2.7018827973030164
18.00077128587291
4.211483104858317
3.8621807732101483
6.730424373580427
10.006313949434896
7.161976508332884
6.7609085994187605
10.134221919962965
5.077301780675723
1.9689987368373487
3.251612265819416
10.692991606185963
3.365210199407075
4.585956865414993
8.408564874508075
10.978359874252794
3.069488186460102
7.58395545092818
10.164168631753174
5.555064616453939
6.286888371782655
4.675969035835858
7.016464085153304
5.159201695772295
7.925846779317453
7.039002717274209
6.9613512086839195
2.471244211479364
10.947289345284037
7.8108931829178845
9.628133510413717
7.965504945993943
2.877945542439015
10.57842742969823
6.513820055288661
7.405836186278474
6.725899161535111
10.690040243814972
10.85014572957851
4.228169786109944
4.719357325504812
4.813606785928868
4.663990872464136
2.9476208785319837
11.688333387145324
3.638354607878559
4.708768262312844
3.2737901702754035
4.576690985824771
9.092703155674542
3.5794615836777046
6.940640783803441
5.9847639842043865
5.747363266017122
9.374907441913267
2.9970361097948035
2.253417733668142
1.8192325152036326
3.018189510308997
4.0089040045512325
2.746070683780362
4.938930617729159
5.961470451953256
6.083163720110325
8.473859237014501
8.089069960294397
3.2309259749501558
7.1769038637325515
11.251853004264323
6.350796099140093
8.826347529187286
0.9777446492334584
5.580745411058447
7.614785955589668
3.8996826754039575
6.973865446757598
6.100792194487874
10.782205846689466
8.029431626564108
3.8913057329120355
10.35697833110893
1.6741444039694076
9.847675216935935
6.852474670715409
5.998734131761651
3.3552034755373605
5.750850562094544
3.7769549085094494
3.0606761265583096
13.985868296595285
8.863812020567373
4.965043962609673
1.400711245380336
10.61130617971744
5.547501005982695
6.75255572552606
1.8706100158702414
11.057562894564837
9.335013070370298
2.1090960434143198
6.32088877018491
4.688416321469599
5.501433674502133
13.54767321154051
15.251688429222149
8.832393663657731
12.333867843842558
2.5156851567785026
5.510002270080494
1.698030033100404
5.634977889166951
15.019194430834602
2.432743863582928
3.159197082049789
4.767805880691677
6.626430054587868
2.4353211463344326
3.957640516292612
2.001881437538795
3.664366043137226
7.96395264328839
9.482709875667767
2.2900536612651092
8.709377172742414
8.693559288467391
0.9000273497393472
5.7538765466426085
1.5002105355623099
2.622103891093323
3.039975900949172
2.3442796324229076
6.493884281037384
6.512455940413173
4.789156691282914
9.290911240953053
1.517075330345401
7.418728570955833
5.35470161389062
4.914930034782446
4.753034435151445
2.195343766849713
5.932949819306716
7.499854542986343
9.487250110933259
4.706015626520912
4.198540513340937
7.5590261240929335
2.112263769804287
8.688196307527868
4.069203518511741
7.536529245264699
5.41194904802229
6.392336321831733
11.345637997575553
14.66342124173663
3.4869025184201017
10.5666113404698
8.006789597103245
6.9971046045127085
12.589414417315353
4.426334681701911
4.181707256908396
5.226647910348412
2.451526463261717
5.1125113180982025
3.3125382819716402
6.24106679251399
5.7240160172921675
3.6512635794622055
5.52645828665418
5.969610631885625
9.258474525011327
6.54674392457822
7.458016439076973
3.0454394777366063
3.497901141288126
1.196316788902221
10.266036741288278
4.242403516090273
11.002120137146695
11.836870671641865
2.295555874344246
6.376792075999482
2.8205109901292045
5.1258751263770845
3.400516774621898
7.306871320514581
3.7728327924513425
3.8062660293254384
6.686432958416956
7.826627452427463
6.299345991396579
3.437176649349529
8.228834045376704
5.107245504080127
6.731432620341488
3.857729789950884
4.536837166943523
3.8215991184412506
7.2908108345538825
10.649552680058243
8.204301319437924
3.87584044843255
5.569345704729669
