127.76619999999997
31.4851422037098
59.00759279632586
45.10767751729056
74.70107819203015
87.4524558477278
146.55023263690262
428.2653154479981
302.98609792171686
216.33827107077434
27.078170861196792
59.407777154765014
396.1512057854624
551.4192300080894
432.62307097635494
416.06688552470047
330.9801158088649
85.1861483192372
65.87681582361613
107.20206637918845
220.06336430124966
150.01924827824408
144.80600921238724
276.23460242294453
155.5877581917714
163.47811311449837
109.56177897266151
53.79296795493764
235.31491944103962
147.0189215905978
63.379105864760085
109.98133080975644
101.3601594038555
91.88952921727908
186.10762513712933
221.59500817739328
225.57034169730775
186.890349599969
57.62114531540935
215.48008273209703
127.82879200259302
158.83697266775397
299.6493478865413
72.49305177302939
197.60871001540812
130.83303469227303
102.70012060619177
200.41466287852313
132.30897759322505
215.64708267270348
575.4172565618104
82.25266645107328
294.24332560201947
87.24064619135466
104.31467158065867
194.43290737439017
255.7187864442835
177.41047733988646
180.18948031635156
189.60281801416235
102.13544664858217
137.52342862791878
205.38698634770216
27.629069762758714
83.77914913772743
69.28871935676061
207.0547451684335
300.6659674449779
226.05793916485854
167.82475603544916
109.07830171695785
97.34840491268156
97.535553057673
92.53516281524105
17.251000149976868
53.78897162432182
21.449734122103294
183.96009838355837
165.5260006951526
219.71672603802955
55.70043992906016
193.45150780986648
210.3807283763653
28.78645160561957
105.97615685332231
54.55155396428606
16.131963099998433
193.23760786155597
169.39507873153372
97.9653483947982
65.02260392936437
182.53580406287284
134.58864437670326
87.97629910964322
171.58715095711784
192.13142374675013
42.51032351248265
157.06255393501073
236.77311797726367
194.6818802657664
153.21420971943542
93.71902792127808
16.489382963898073
77.84299896930489
138.18051138053855
148.453906224229
28.978566228501876
45.44641118059365
13.265324676024232
47.17221223646562
28.44580384558299
150.2464343445754
28.638598234652626
57.26794561235427
49.40091885112571
134.5935829209115
39.604855886241594
111.52091622846305
95.30756863571891
147.49476672744936
103.4933750805034
67.01895193345894
35.32903532577298
75.94726861008027
110.53436605645983
61.36599311217414
64.39578748529476
62.49759825434677
77.23581018890788
105.36047815425044
62.02471085126701
28.12807009196327
18.045752608631663
10.256748531826082
26.739224669820672
23.15559742761192
43.93619801210772
94.11940295557953
14.083832295036611
68.113523825835
101.68209012446944
46.553668550515496
32.05379960516709
23.45824395037411
73.68450855125963
35.45642854098718
29.737307575148623
39.8215902833172
79.02887133464388
3.9831987936996764
98.56531308949738
38.83953295926957
15.155098121445883
35.92082962183956
54.30942082568759
24.679782918473006
40.47682613312031
52.76466580997797
14.373164554718594
43.89593792710784
44.62838748116475
69.43483189788726
81.61161818835407
53.00967807593085
18.665551608247092
95.73189786928081
57.87267663854183
22.51462960025727
22.79434976641875
49.85823495102764
23.848683457488683
49.12108088980035
30.174293908153963
17.102370274525192
30.356286918310968
44.17278372651221
32.69409834047734
44.64915105813462
39.49627992656192
52.987451911902134
2.951377175809799
18.60789952471291
10.18705810451019
25.630139739187253
17.940940077016553
47.503618947368004
25.341206699273467
22.30267100728397
24.58851467365889
16.37832642299455
49.635339706148066
31.32577417044525
1.3651020701816474
35.35154822716375
41.77038312219282
12.554837582215592
20.539154090675694
19.281327341261946
23.32221050998355
16.708840939361274
103.42496106848576
18.01168607428808
21.884924628341622
7.272161280024235
14.17963501270059
21.217006676987452
34.68257859930479
21.588300245497432
57.16310989773319
15.649758944565672
32.87562558158163
26.573347294344305
48.850975686229326
28.82500819283513
8.8344465246489
4.187005566524316
14.251919582806568
19.148054555288354
27.82265450503658
35.79855306980754
15.525222674248083
36.87599398208393
47.190501446578
38.28531877327822
30.00473812711689
20.845623392389008
36.3253957654752
16.482316168971774
1.025470620556897
16.464248289821807
36.89000524275364
21.218872148882724
44.16645733883568
40.713096763916525
20.824827543571192
13.078782085110271
27.44626461098477
13.665508747624846
8.998311802314502
9.267844672126452
10.613066717609572
24.94575690726273
12.318666163927576
6.876769326106681
18.953676105056587
25.07443707778907
28.76733907073174
37.435401623889575
40.57696443624953
25.057304857739272
16.25318952212326
3.1697660428405476
29.09806101692087
27.907496166773257
19.506734081220966
7.8252931050004415
28.465997356028176
34.27042381089339
5.962385107625127
22.164788904833696
9.02032451244744
46.24846826222712
14.277041303815485
25.166372340628072
14.499090150319185
28.697615857974423
16.01805495846686
28.072585498637547
21.005819248243494
9.478138675252337
19.914944765144874
11.673916421249245
23.6098226971663
17.072829447375362
5.8865328383258655
18.336615060677964
12.831569010711544
4.028669466982847
24.525015518439407
22.924025382300588
54.11526440331349
5.971725569369338
19.004611252989534
20.29496652988376
7.215656013728734
24.31338613391258
17.24312133530273
21.06707740789531
24.507554061787587
25.888557752727877
20.014510196469516
13.994156602917762
27.70520663803256
21.13682994187623
29.822468848711548
26.80335692434836
15.126286130032993
11.080631874016511
8.217811387119902
47.65129165970571
38.504888797856815
3.181726254938434
40.70961043728306
15.32085251245661
9.343797966617942
22.17762503903034
8.094612019772212
12.31825917659976
18.28618837528884
32.93941205026534
17.957093970982253
8.824575247839888
13.021706142283035
21.411756368213087
17.92610416313579
43.9783099055826
19.889566909511927
20.531519691917154
9.176995099537086
13.213073058830878
5.43616117394801
4.798030077961589
6.6891879259938705
18.8972114604942
15.33610150015945
11.62761572294548
18.9677917004138
8.924672695725459
25.029167958423578
14.604009362212006
11.929651947361219
11.892298135540836
17.654926618418788
13.74075488090441
24.924280707868977
26.790064950576
10.805719611352174
13.146043885745495
10.36876371017745
6.618458838292357
15.572924973188437
14.665426289717596
16.890434125909913
2.920243338262076
23.85221011598026
13.006782229714934
25.258843081750612
19.52753140836077
22.038039185796833
13.091443825514558
23.544256895777046
4.778431985230328
21.556527126258143
19.586047541597036
4.396155632968653
15.36115247833753
22.919377051133516
9.575046537481159
13.903765938956349
19.16644650250609
4.0731073198327525
15.62603076409601
9.995889510319854
0.5148379538926974
15.34371923858917
9.495255178501127
14.021388056064625
18.435568360057243
12.2606254828888
14.179282989564376
40.40644998685503
19.892589134955138
11.675207379351463
11.777365955093169
2.458751189707364
11.44332045791373
31.988922556877355
34.6536960999167
8.208133968237794
24.41172052538527
25.636102440800098
9.133082080245428
9.186579952067683
7.854541309545033
13.9633276981588
19.33913785760038
16.560725918969148
26.30735542007695
3.117134540705426
9.188421840800315
22.44393259165297
18.855390893785074
10.61657726944484
5.966128148269811
3.8639690478252624
24.53217952357128
12.523905659307477
10.619751074716469
14.60789331903341
9.725196339190653
30.58849477493849
11.268830459079775
21.060666431584185
5.403925362284974
7.262667623394092
7.540257706613219
8.267597261721482
17.10219955908555
11.151029649266604
11.655540950649872
19.792905573162965
23.363323055224555
13.573122936931178
17.085192104571103
5.272105500127292
20.095959783865172
10.752440433909879
11.896843704765953
19.97090738418275
18.453685702325608
1.189485757648134
2.9683659111776675
10.575576020437362
13.05358562590537
5.5913609768229495
7.69499406074286
20.65055475323594
5.2576791248369945
13.18902939806329
21.152045379875982
26.96924105443402
9.79596766069004
14.738835448259774
12.839821112244328
20.142835230608966
8.611149131355571
10.147204294412251
10.400652382451549
11.043516560775359
24.324581272056538
7.45326017484712
0.4026012230311863
18.228683778063157
18.542555520803788
11.520883883011084
17.615114669828547
19.840552398157772
23.39676199296282
10.909088989246984
26.103191469003445
7.443973628544631
17.259333594869005
31.914924202192363
6.503786853232083
6.787260744825183
14.655744454314934
12.24363920229039
4.757392838654577
17.846483656029292
17.678080841230607
6.75747575925473
6.4278973575955005
15.589923862105403
11.582027352565246
13.083659529325406
16.142835588997922
7.308550696800435
14.410030112845776
12.310125311703532
8.359633503714079
8.491257936847154
13.015258666608599
5.893055271879264
17.585074020152042
11.520730313413411
27.803846602902063
12.271194831721555
11.52695732758172
16.617570803184783
13.329646029402666
11.911862108704499
17.030752919839866
19.180808805925057
20.692171806200644
13.107852506438608
5.868362122711088
6.9094480617951985
20.636223162117805
12.750676847521351
22.16349131868271
9.240495427543605
19.28223567335144
4.902915183769542
7.7980522212693755
5.53820700724738
8.759513008247877
22.55599151577211
30.94628556033205
18.689865046620195
10.962149081737854
30.278422714881366
19.915994782971158
20.04811728405775
5.249297846766735
29.00470087170073
14.25914398074209
11.670939851234527
11.510797228028135
13.7216800786465
14.988861486549338
7.418969781122937
14.255903151866494
15.984434772476886
20.073782270766984
3.1499712731817504
3.6123973640159557
7.301907070290578
11.452554002227886
13.062641176135624
11.565318611657728
9.598825376814807
31.517296732235287
11.17936915474537
10.401581548372908
5.987938690638031
6.1801244007637655
2.4137807759074965
11.626547458798981
3.608999814525907
3.4904035191442837
12.603730986740892
5.709005309301171
3.651129345115081
7.758289990235061
10.878332195978658
3.7980417556100545
12.939611446619557
16.235120560924404
15.763837360216497
11.999338026068218
6.822059766775832
15.568242449379275
11.34848084163475
18.347236159537733
8.674968059932489
16.121371879606652
10.323092940811842
14.604884742189181
15.122861521088124
9.364766313590092
7.228633394365076
13.894621259771453
30.197834180909343
11.276761126977522
13.87652749203396
11.768652360475178
7.7822221017738675
7.553347990030565
5.420777866020186
8.0489724777132
3.9522419823964
8.886369378915257
11.320168749212508
7.650020289784887
17.62882952725221
9.597132570365035
11.070158803064437
12.968735630890107
3.8104916963642816
10.307756248048678
16.455615928743832
9.771338580460913
10.713833702686612
7.697062602164245
7.785978729446498
15.601101689931022
7.1485152216564405
10.253096107949593
13.100450098800664
18.017345658871886
18.79269570896958
17.013840344513245
11.936433815991345
19.967457411690383
17.578080892194023
4.508178774131886
11.359614038663382
15.277801938729917
1.7120724676794343
10.803078787277428
21.637910817446443
12.887551529680886
8.707986562931021
8.415895049516212
8.344798285121955
6.223055998577504
10.056686434484124
6.540947705611084
7.208001314747017
12.765000174567767
6.733918022182089
4.917788233816507
2.9042785844878116
11.07243967414729
2.1234718833506943
7.755522804746165
6.085904316050958
9.98851912920122
13.87215920580228
5.24551245917822
16.07554035778175
8.1307956499953
19.911928540083988
16.482344370488793
10.272947562130346
14.70960918576502
14.129333903740381
3.0033537102334966
3.8439428944400613
13.320460177690554
18.95406633296965
4.576536975597486
27.909632874953395
14.931645737338904
8.39452312866868
6.619878668297569
14.484715504785097
17.131337862692824
13.13786085159082
9.802741170291247
2.9582789072412963
13.172135289793985
7.413706858592941
10.758016777604194
1.9523070624006225
21.469211642047256
11.48906049306804
4.015614844418301
12.793880754996271
11.729175210086296
14.436290617972018
16.46452655057411
10.542293133561122
6.090367337141437
3.167664558959091
5.273531335117
6.220547987216941
24.615444572192878
12.559117862258839
19.08256615591395
23.38324243941195
9.276048933277696
12.71133814569816
6.4631982179555445
8.68280948963995
10.674649008209702
20.145063944950998
7.825645445607785
4.51295799169558
3.954308870557936
3.8948992296000213
8.640790190461866
1.4695140651902148
5.580980270351453
5.927385359673191
2.8564473937179398
10.086425648580352
12.02573058823783
5.162584167309976
2.863403463755904
11.376699022569507
10.104548774756541
4.827241450978392
2.9092415082999565
12.81266466527251
5.681672912880506
13.529026031838475
3.461621673257221
9.412681947257301
9.130385607620605
19.744629525250225
8.716044772933126
5.536653039952396
7.525795332528994
8.375714991935546
14.821185302703542
2.975657753925741
3.385756415796051
16.245119980223308
9.564655212074342
14.863450711002507
17.479609447024608
17.04909708587224
6.369197764788976
9.667169693056286
10.041869345880752
9.522846986084234
8.272888258725319
5.346118792058772
4.221995915723699
10.902084666069934
13.93223673729559
6.2216370410021025
8.639730580495083
3.3522895199492924
5.789989748065825
6.503683656213792
5.596880132093416
5.473195166621968
3.767555373873694
7.465981434208077
7.54758587891699
8.822483776190728
2.5587004143971557
9.607749981606034
8.793237571572739
2.35850123788137
4.123538198376905
5.452746996242711
6.960720958037226
5.803180826888673
5.119389387088417
6.302221652040546
9.042185493085821
8.224671548250587
11.58414199220048
6.191423690397988
6.053968255478864
5.292982417695667
8.649911958850485
6.423523518919657
7.64522388100386
12.64642836320556
5.023509742295073
4.660280673551618
6.688838139087122
6.783649696718896
12.10465026053444
8.256636214838586
9.180602536726141
2.2869146171362704
5.836288123784098
7.189757102035043
13.305801651455907
5.778548872483837
2.1994288543028286
3.9945982837026697
5.639429865727174
13.06567854578528
2.5112891068100436
11.554584261359645
8.39545102779939
3.6411971177916946
7.688254195831312
6.413421480025569
6.05714798485592
9.261958572585037
2.1908459010127146
7.805180164246938
10.254164907802148
8.111092644437983
16.55237916827218
2.9618607299061845
4.426470379791586
7.772489573636089
4.721343348023543
9.080632948137543
11.156969993278832
11.493180301293112
6.122339939070468
5.904522467582959
5.4498610126837885
1.5248044452912746
5.361437077651332
10.976377798410924
5.326335427213911
4.934891950062339
10.810495293586099
11.172847392688942
4.309579018962525
1.652549113780111
9.739249165435181
15.743202846682548
5.491871302122519
8.17811351897001
6.695607892536653
5.83979503166092
11.846517666660953
3.2328847339810345
4.96959004466508
9.823356938266446
9.367069900826852
4.085447884040925
5.111315954090985
17.51486795840843
7.93619648372027
3.3445102361938477
2.9840650120805643
4.042369090436247
4.415721175070812
11.666282801580405
12.911145929305455
8.88805336595
6.707762106822386
7.9817025887322615
6.497048657893331
4.789232564499834
6.4556312239763844
9.302786761809845
5.514830701985965
11.411224123930554
3.168043133454174
11.715507264575955
6.921152002750621
7.538626694415009
1.9528280240431166
7.675383700420978
7.418654349592252
8.54123557567831
6.980457492097953
2.2604566017912986
7.758000956555819
3.8633571208658557
9.943508236202943
5.079732278200369
2.4795220004399625
14.319647342758309
5.626008537819122
3.8055319203960614
11.836213454094851
6.776537254222691
6.056455316634922
5.068590605672841
9.594150809419281
6.227206191265632
1.842574714936811
10.235642137469224
15.055085323726985
12.614355945470832
8.769472804993502
5.593926815934162
1.6052915710337328
2.7951833064908604
4.612329299229134
8.767312394411741
4.190317068256519
4.915708390057726
1.435881377485451
3.1369947165814818
3.2106778655679427
6.567078994745413
6.179818925440026
4.442388872914572
2.187416620859566
10.179357800185942
3.8598806919699604
8.689571560253727
1.1132937841782031
5.649679817314796
5.272245268073834
6.563251963436773
5.472249819810037
7.540431087294191
4.907726024309363
4.44040134336123
13.166293652367061
7.0774829730602375
4.605425825858174
4.142201947134818
3.3393830168455176
3.7180634490777953
12.459043057980702
5.145808572913641
9.06519694863955
4.455626387570565
6.749854467697225
9.343835118576017
9.226288750280373
3.402237416736241
4.369333364220779
2.85877166606022
14.409716026463947
5.579751543560711
5.953606418724413
2.9025385953706695
3.7426414439416282
2.284508194532366
15.818819350375247
2.7606289380481677
9.333488686683797
10.263691465561115
11.504058867172356
10.63888949597188
5.717560277710564
13.18764779917674
3.342529430556712
6.382662355966158
4.982668301739919
8.844905623398388
9.051365185944395
13.578114093367851
2.735393576634417
2.6672533620443355
4.342808726134033
2.3199268189520357
4.3131676160788945
6.603423025325456
8.048241311631092
3.5279024915146286
5.377065560216031
8.469733503884934
3.1350126221172845
5.376263184212849
6.4650560891178666
4.254694648007847
7.3399795071267615
8.476361249764595
4.910591654698131
7.074351512816235
16.737413005798004
6.308835353955744
6.510912806143146
10.812044278102427
11.799775600790154
4.887373756437469
7.382491564476538
7.553629469737868
3.0082855841582696
6.935370827188253
6.981804310590653
6.659143879591837
1.9118550882088976
10.735949868776194
6.55538003334699
2.600933846209438
12.258189656451355
2.831093994448326
9.353424500693619
6.273710374325183
12.740581226958016
9.569921196940603
1.4237670362002617
5.406672824564101
4.520836592660746
2.8903667077833326
7.164291050807258
6.00982689392832
6.053339867089541
7.841528490748724
5.552993638448808
12.974707844041532
3.2659569755218785
8.492312463156422
5.4188020623139455
6.76179578805523
2.7463578007695446
5.433283543113464
0.8141298554940103
5.982819185129567
6.363685982704785
2.186278152002923
8.452774428126752
8.500712400414038
6.0353693768881085
4.457525090907741
3.589845988399127
2.494023396222145
7.62788011676489
6.604501043842918
5.228204581822484
7.404622928442195
8.780361320472986
9.986707203022979
13.724983743472785
10.12583647236065
12.477151655900782
1.8624045380047443
10.448171175321983
7.750539568182623
11.702846675818574
3.8634125271920827
7.022886798306575
2.5089309373106237
5.187260577494253
1.7895943367732348
6.729926921935358
2.929527079712966
4.537835544631444
13.102498043302665
8.640311558562432
14.800195658183453
0.7625304904726007
2.870560472781277
2.604479996792089
1.8643828114358312
8.520723145557673
6.1419037869650595
6.810704055679638
7.79281596329104
5.569748254225981
139.8733
72.77530317580482
57.62278216043026
70.72330575262832
85.41792044835395
39.135480611629326
136.4038592037663
180.7384712883371
236.54761194006983
559.5850574531113
25.50133280988212
112.82808839115728
54.999086774801206
40.783809403912294
32.023013892897964
12.553032461986474
301.50551906329207
283.8261685647847
327.8312742966948
188.19109187112406
228.7388459153184
46.831069181777835
137.4879133823704
24.902147446422056
99.10288734706694
36.89831483784902
260.7709205506529
290.1494042607799
103.39173922202126
324.40469179655486
81.51216100594343
102.9056121850415
146.3722715244703
119.51118066981208
221.24860665321148
60.77625906690921
302.2541005185712
178.94876900984903
89.49853989815202
239.1045638478491
225.00280730865376
183.42946434041687
200.32579212443184
230.26901367982668
198.32349567167125
125.00033074137143
85.9066888330314
241.82200741816723
116.17391674612927
154.3762755696791
116.98431156712188
363.5719259857708
122.76624427290115
354.35340370247764
116.26693264103578
78.90077813471062
224.67193384730524
88.54007901304868
225.10501234791386
178.59501922700107
39.820936014365245
98.28382281554401
97.59018641367005
243.7926133448392
92.8880993270079
111.3417523702143
119.08760489624436
219.31905665080131
232.28914543788474
199.38302180295366
262.7630367486663
231.24671330853226
115.78919189677559
104.71040540811182
120.5109199451152
196.4941019840356
90.62542967340399
281.2861286461346
40.21889307188468
117.00689443509663
69.2387716722432
74.00471745335284
68.17133231197451
76.29699291442618
33.1628894021457
180.46639603721943
186.5515370357216
173.5037805793697
148.34946018210238
141.74832628481002
128.76985071336105
77.80058892442032
57.81485028715817
97.6362950405987
227.68598912133203
167.16124226417034
194.00379667906773
72.77862011278734
55.46582927996441
47.904445046014466
288.87165253999353
100.40115770370205
102.88445429899524
119.0118089259644
103.99343172911033
133.96347049710366
103.74243461638945
87.68591577552468
76.43642525179838
71.1460901420994
93.27209714360463
41.46130571804134
58.498534210268645
100.16729220495853
34.62999217685807
119.68482872127932
114.93552169278661
94.18656734168853
50.825954534326776
96.69355518399465
69.58494789942685
76.94098794872068
62.342673138377826
51.37616730940286
99.13099275009276
76.91190473466698
5.211604056459919
68.27231786476588
33.65080682995352
47.63612909012118
83.44232367876978
86.90043843178069
103.78106079121683
82.88725203563835
22.967016342604577
86.6874128474869
63.679134502667246
75.15879658313213
36.913290066735186
86.68056349242943
126.5681963768542
91.02562683797304
11.890594582386804
72.01804223176798
43.069147598825204
35.97178182312967
81.60028608009071
38.51350701863628
34.055614789729056
23.1474631920132
42.54107388953615
90.58871408041635
85.39097020002919
45.07242730633864
29.09516774107987
43.08451186911457
36.9779425058349
53.88080490627172
6.798990878073583
28.911686865474
45.92293980782977
40.989897405504095
61.45365837872609
51.74823837762696
40.8729499936353
50.08342975344715
69.79948349169112
55.19081987466726
11.98120836976734
61.57793305159199
26.230110290612444
48.95743450965477
23.28252916628509
48.26873366967808
47.15442590275647
30.655752236634072
36.075425480282775
20.868619599777094
53.83443145452687
57.24265570982582
46.88819110592699
18.548700939452324
15.819516411648335
26.448732267765546
72.3168903650787
58.17516291263987
14.485846099182817
43.1304501730969
19.79185021512873
33.06580542372788
35.95528303106372
25.893541734418317
38.034025681087876
12.962842962176946
23.64592901928533
46.56531072953171
26.38925170790137
7.01555568782142
42.50830149590297
54.60283270788867
85.31270636292474
17.1390486265707
22.219636337723813
26.12077284686861
12.858272424664476
25.945704544861616
4.323176000792119
30.92943106517154
29.668381116455038
21.686547654883462
17.73909191104574
12.617987884494708
10.45782867265988
14.392442035585704
20.745887861683357
27.92012172863711
19.725954531559065
27.022360044107366
30.463923469871432
25.142690979854795
39.69185839121659
36.80532833524959
9.006245731877653
17.664136518404636
40.08133990633334
8.610896774159745
50.837251667891614
17.103710570304727
33.138890120491965
31.02077016676948
32.59151382026531
33.10917444479587
20.698596813397536
44.18188521363361
4.714632210415514
38.93357650726158
36.992424572387456
44.1758982417131
8.658280169456324
40.5603842569078
16.411272040715808
10.576426160327243
17.805473702609728
29.463077453962544
22.213169676814704
11.670123017149281
18.004756692027243
16.832969161854084
50.56554668990104
32.2939569503438
27.32183261068215
23.067264186036958
24.11146980988818
22.254889049063642
29.5560220616949
18.3719172566245
17.225843383807703
52.55627295273351
32.61623813752522
10.98021657358868
22.44211460032987
5.640625281607417
9.64180490543626
17.643867371168156
26.52918861547594
34.044981710607864
34.597557852915926
19.23729061398362
33.559091445460005
51.60454646083633
27.1652131948842
10.776705479253012
41.186223698449865
16.50423465623412
28.942981160043995
16.678010982446466
24.471856726425216
35.958243493234676
25.901202448920323
20.484953577987696
8.377046155239517
31.993609924079255
26.96013198886063
7.070072872729513
15.170622621067942
11.879343337331969
6.609341222759004
15.821304181876274
14.779449931853714
16.110663629912388
9.507413988898913
26.74979767884164
20.616830850912084
26.028859156160756
22.030770726537693
36.88656211875804
15.227257741597509
23.875445170017024
31.20101453420336
31.28038911058577
16.829374125003074
28.340685288433065
7.9453091851079165
28.587730768685226
41.670320032759165
24.532457996204773
15.135493782434594
31.076436502512276
37.60886676520024
32.367647809345044
3.546354628643961
31.499358123548816
11.582663571759603
15.78454281230381
11.475363722810284
12.282175520094698
10.664919608414365
7.1462173248677425
37.60643979738494
27.974713808909872
34.597432901795095
12.687174614032502
19.81929014941564
9.32090755660065
22.57515960804516
23.454020581366198
29.911414231082023
5.337621988644642
33.77948604857601
68.24646699643995
6.3622547604402815
28.654541642819343
23.67178910714107
35.96150094744358
17.60850806987814
5.542635292036785
37.23646319417177
6.281515741231426
19.82406480520404
8.825089437924463
16.76914040219365
24.70598332335146
32.814711066761795
22.889943003713622
15.703416962456066
22.142451094696714
22.51308881194633
30.84908631054045
7.244826367000255
23.78923662099269
45.87058420150886
28.427790265698714
12.855067599645261
18.698452193737786
19.99207061928609
20.134002482504002
26.47113633939402
16.088581061765872
23.154661139939808
13.222489938237475
15.634111093675255
6.541705494682152
17.96521523996969
13.44181386810038
20.3323924638436
11.332001002398552
6.718345565651121
20.04157600224429
11.003043008609982
17.17074876320831
9.131384539994556
23.48660122658516
33.42547532485192
15.187252292009962
15.749945472815273
19.844851957677168
9.005209151529474
16.47293440521424
12.48198151871445
36.28275446695809
9.8387474184139
22.74029953219114
15.09047879879189
10.889763811068734
22.683811054069377
26.35423254266358
10.018359545068883
20.357516194112918
13.385273961875786
13.571560248043767
22.80362726634247
11.208233039619913
6.700415961123103
13.082682182240923
10.56229582377647
8.835037473818636
22.132789933733516
23.401867517512883
3.8418360751674783
15.273787970438459
27.786957327469107
6.083652846068286
3.0962900723942273
18.419095722676275
12.941491873456641
15.819465378386829
17.372546254470294
27.63607487408243
16.243295536057403
17.98370063939543
5.227956601421273
15.651162686881023
4.520756379267521
8.400386639091836
29.44006966475029
6.550329848784523
9.08002100651932
14.335615625299694
14.687508495523414
17.325709121425515
26.61906679251954
18.787396773926087
13.399917083128063
15.177305197493572
23.804780542462222
15.471766217105506
32.7189746248102
18.581032230316747
10.885204379051967
25.60432364109224
12.852434618234671
11.911521755306717
6.520493600805086
34.70332977276176
20.566125941802788
21.856688375694652
10.60100117967209
32.77711616733231
19.340598817437165
5.413141895518314
36.705340521069644
11.526712427454655
2.9318004659287906
14.734826081671043
9.402955686919826
5.256771758311777
22.6704957861193
3.3961922924879984
28.251569220687458
12.468314644782478
17.38008270327861
10.386964647166376
32.911002081477584
17.025369867803665
6.291946253303453
29.183181098832662
14.21480233549678
9.688652157516403
12.266556085579582
16.05904373006875
12.771571967985658
20.858075808632737
12.78532352896362
3.79547312271015
6.7223159068154255
22.39404781280047
34.87501371557949
19.38089871669453
10.878243537131528
6.767279774375122
5.333246224616642
15.050785220194328
9.168139763836075
17.996447848284518
12.89816039655903
16.903043915436953
9.674078353224772
28.795252046032413
23.85635201449803
10.582473951706795
6.958282710004359
26.17751743741048
14.842208230529415
14.074510297521062
22.16021767512272
15.249991321047158
28.200637392866014
21.90130419529195
6.628430468885524
21.113918186350418
22.788967680920127
21.87011899547195
19.933008010939904
34.46011258686093
7.773261604179206
11.517288695334775
10.345150057217408
16.105522941152906
7.468177143929137
12.606616769797762
34.38601903322601
7.046867955586375
16.315853685932836
8.559713415387456
1.0216921065603937
4.921748286751613
14.759528609194312
7.086407383364677
5.6866876927530825
10.053004599538115
10.34846562489426
8.884154511252602
11.467710072133075
11.980945814487297
10.276360725726171
21.380095095189812
7.511890394200563
23.64423071240755
20.467675148644975
14.962188651582094
24.22819984615211
21.72084623552041
20.419543911082584
11.54429905783075
21.45754828674665
7.491800408670029
16.280783056725866
14.81588539883052
2.4929008419733827
6.411533624355678
9.272224888250499
14.721213166673076
25.00096735571756
18.979379457011444
21.55185032908097
15.16788223182859
17.788220668970023
14.010729879978063
1.9945693993213789
11.238339613069801
2.9317775716370775
18.840575940095984
13.037839614848282
5.504469453900614
19.034752940859505
8.224443340541104
9.726745706193311
12.553685143616285
17.522950198653326
6.69422992114903
19.99648365941573
10.084850867069216
9.540208742939798
8.34728341148539
15.549333790245512
12.918405175340302
12.166528142939052
17.898948495226346
6.629041079728479
25.505175049404208
14.679260239188709
9.775472888098284
7.644048874398041
16.963009277902135
26.489090908260057
11.891185162768908
13.524739815229815
4.391814538271319
3.5898904324768686
15.03487776460347
4.20812458890176
10.688451501323726
7.151625277724688
10.817062442464001
33.931540191629445
8.160920716746489
6.01862528439317
18.20776740493588
7.88574004054622
16.016224733839973
26.237647783538428
10.735102775538136
17.088378015461718
19.569566117637354
30.428518495035757
9.993095160384291
12.813398842694324
5.958454968912813
18.225954725115507
12.028569781435966
20.297318170654766
4.4644730152698955
12.112373214345133
12.298798910626019
6.84216565118878
29.42587114727129
7.886318530450349
6.432922009943701
8.804786079201236
7.924537451394207
4.162396296534416
19.46361266171006
15.258570624002449
7.320943548655067
8.526040300967923
2.305839845378835
15.322511446450797
14.953816094754481
26.183552796652798
10.464186388868942
16.637855353196485
3.154813181819118
15.493651752792568
17.20872786562017
26.970677632429776
17.752210313607076
20.37132464096766
16.424615306035644
13.525244536686639
5.638488581216764
13.944882473213147
28.040879315765157
17.03733782793619
10.727785398529855
2.45177245167113
17.25377644204297
15.804916702718145
27.39952095668463
18.383204133993477
25.302514968934407
5.444944345269206
10.813240783254143
6.023442646629455
41.40452134099891
9.019101199766016
8.661943698509493
3.5914038984071883
8.743610291470873
2.7345944498351495
13.481263701955433
6.478115990231912
3.7029770210417348
2.971145172516863
3.0537317288204067
8.123618950257288
18.68811218336434
7.663320337241697
6.012391205828712
8.184525392164307
23.797776532790007
6.960132080278923
20.526228068664707
3.482956005047394
11.701882616682333
9.887970522767557
5.457094216833532
3.6790087050319853
9.850359639269453
4.544843229329408
10.011840116853387
4.073876103650474
10.78149132031948
5.203167116055213
15.89993576792241
3.919874099292423
6.028673781262696
10.841787457970176
11.53358436637848
25.587408668369573
9.103438522201781
8.13828624093899
11.798566476591573
15.217340998311112
8.766262065621266
7.076977824083049
8.10525734862198
5.12917672308215
22.82147086813813
14.669569962657892
12.48986587266044
25.3290639710009
16.2781868462548
10.364995789463139
9.120009085224364
19.826441367292855
15.203659101705517
24.741131594510193
1.7116798616881963
3.4735679933985777
7.5649576053439915
14.432858141912432
18.364170927682846
17.779331256417017
9.824259025176735
5.865700542164976
16.433014977863596
9.526622251363401
13.287437260242033
3.12795857538269
9.205119391518117
6.024162390996545
13.832737126199563
6.287128793498635
14.445772894729656
17.33887364678763
12.318731716091978
6.860784209489073
3.638188622803687
12.711750980688437
13.480653130961485
9.713385697745482
7.1010575202093795
8.757656901521301
10.948815262795783
2.437156310866605
5.550892719123467
8.387304942619878
10.206323983665444
11.710431687394262
12.187728378621108
8.606069956317148
2.181634221320296
1.5150524604648898
5.415331526495012
9.445488014706998
8.567341819431865
13.895349403904483
5.743140894344155
4.428301622697534
11.572891130517982
10.696559196963102
8.915318708201005
11.448378744194189
8.122919986356724
13.041333565571575
11.280564425319325
10.450162818726923
12.093331577972869
8.697913525082646
10.198747632917117
4.320023589751026
10.861914145368626
1.1064595601342886
7.513893266913157
6.0908598092475135
7.055045126590541
2.108405983571697
8.635575965668467
7.193119828423808
15.62295792411352
9.239497726349562
5.0268302057545515
8.129867867611196
7.731242040778315
9.09684758683429
5.847368175621728
14.79289600259424
8.49187356488124
13.299533476358397
3.800936923307123
6.030553531860366
6.489150473431194
7.790911151765636
13.820543367538207
10.472322810001916
9.959358916360612
4.479232710396052
5.203680544082737
1.4316701572811863
14.146339582929066
6.274467886029489
7.137214693167747
8.694294272568643
7.126732790758081
8.872274927002003
2.4145127701683045
12.6558285961864
14.629164645353832
4.283851152112307
9.377618734768696
11.056084512512175
1.6143307136651228
18.056403052840505
7.31374502110464
8.580161483141339
12.639263438924415
3.7253428540065676
6.109870338392783
8.219496321912198
4.097587986174816
5.612800410978224
8.56492125811582
7.4733030939540654
6.605820763947178
3.325988012706526
10.29020686703495
6.333846795682421
3.650342660565082
7.469750065337263
7.792560385726936
7.896334391340619
4.419581863068681
4.80015820594069
6.34986489678388
2.4103504648553127
0.8246779974337035
14.760751823717927
11.846016169807159
9.99450607174532
6.3135928456052035
1.9016344176871887
3.9959051371154963
2.8645023645066434
2.7394290437621898
4.086890659242826
7.757985571341418
1.4974724508806236
8.51309901712288
5.458072763192589
7.375448299636235
8.049498066385288
6.9000916030951815
6.848878808992881
8.432927427611093
12.51069088470614
9.5915524053148
3.3493756774188257
5.807089217379074
3.1242001175297784
1.246808200284081
10.745786887796632
9.154088060097768
6.168109182418247
3.2768181513986216
5.781354648356008
1.6566872220145787
7.479976744814881
7.015295552937215
4.169021393251371
4.364421372564551
9.338754258792713
3.0737444389432875
6.902400281593693
13.304285718289773
5.69873780422738
11.415480185236639
8.27681783263492
2.2994761514913273
2.1458646303272104
9.040002193915404
8.28086716128137
20.902455715006603
14.676540089981009
5.164443185893747
2.9848276910342144
6.2530342361466955
5.959820258124071
5.047698537531376
7.538304233829514
8.627726719940513
11.039926109197479
4.248270764282372
8.409178219153027
9.325464705460087
1.87492316392177
7.754241164633796
7.492325856600732
10.528248875851848
4.027170539403541
6.546016205862314
6.485975850633606
5.965010259919381
4.5440738777246485
9.222524538185159
10.767844661128265
8.834418339844408
9.626840790034386
11.748827270987057
4.234783280650935
10.496732583120513
7.628374005667237
0.8183278818533515
2.6174404958794137
3.360703830220256
8.512202357573152
9.546257097729786
2.365798538154673
1.9992830450312287
3.0544736434429054
6.201775374621007
12.89773537622493
3.3128096722649807
6.913635667172538
1.2563163483631492
5.583019301161592
7.010224299345753
2.316318920894587
11.785403005118598
9.86318798569552
17.390251899070716
6.190118936814922
1.3945051409482536
8.02327715251026
5.915915678593719
4.5839797151277635
4.712531747278517
2.9804334811970445
6.425662620748874
1.6314896892134974
10.824749361466125
4.418914158817641
7.107104590810437
5.492112573465586
9.58957750476729
4.147914770866846
1.8884951835840438
5.660846883164715
9.169367335533375
6.623385349035226
7.04769768822555
4.916820192958381
9.416223804239639
9.654874908731683
1.0432322314850524
9.363535795650563
5.351621424320418
8.721432788503526
6.6436386853819664
8.472680005013531
8.636399747274618
3.8248098838932205
5.3934374112649754
3.45939454168261
5.720904326098372
4.7072772566577665
8.171968566295188
2.4938960620728
10.38953378830098
9.466078901187387
3.1996865733990867
11.238030246364596
8.03626685581274
7.468064277601212
3.2589047951676067
13.51860403246758
10.701510818932451
8.11088765959426
7.7613150714266395
6.48574632921329
6.711186917418907
14.689708874242415
2.1648853791658524
2.8817357111797435
7.885142214392546
8.974673947838882
2.5088575219952234
5.365210161537189
1.7000959335713577
7.059764283094748
1.8831832096436318
2.939698262193659
8.254221469634611
5.821053250379856
3.9773913838902435
7.591906223008125
12.131029999302449
1.126652244783428
6.221687982458131
8.7198944651391
0.7537363504768453
3.38647312566538
6.326714495786179
3.594626680915364
17.271714978723594
8.543801731230655
11.268860569183724
1.9421731909786626
4.438231682201816
6.076981210356968
1.8389297132129143
4.103396471083179
0.9820722686410183
6.198272537153597
8.199120573485468
7.86267293208769
10.446635684789605
10.743726748096368
11.94942473464926
14.759898280129057
3.8292627070123237
6.221086598166802
1.200214499233259
4.799128552339462
6.069550709772778
5.772580284964673
9.911463613162056
6.685609718586045
2.3552524764946257
6.63015515470158
10.976880248965227
