414.376
16.62434677913282
47.15592368893699
59.9022033405814
42.2606975651479
23.38526899989676
92.88899300158566
90.68441164625477
191.87810285600443
381.6775044693422
779.4280716496203
1101.2865430918287
424.24199918825764
196.5350127268908
59.25432032552483
79.44249224008698
45.54021014653317
103.75612839609296
268.6338252118775
273.9778911927766
223.57055508965624
194.07053492334342
129.64150290642993
387.22627320601885
242.80680251753057
193.21995310747423
25.924459329547016
126.43757004384454
137.40323253418336
79.1964114833463
158.15710648136366
226.1028182295398
165.05269624520426
158.29650685801153
80.07959823824181
206.67649202388975
139.9061243456847
36.36736807731011
162.95622504163882
167.52543496863376
72.28684069368283
144.28270571853406
242.37226407732626
125.99581596953595
117.80763469416166
269.60134664653066
251.35703728744795
229.0043951546257
113.32344244589035
94.09644719337817
372.06197063884906
154.40195905667218
71.17192853936916
146.4194398558362
110.8768870335097
95.35199702410485
16.016528017084834
77.89993796157903
73.45357428500525
176.7422650898294
72.34497706388251
89.25645327711334
232.25225643123858
216.63932575289698
100.99090325039587
122.98846334144298
194.28572237972753
114.07632838617127
134.35415843210805
67.88439816684281
91.38640762414249
35.0298395408352
245.5951127880264
232.10005163178684
184.00712186297145
75.6798505294981
158.8532924157927
124.0425405328281
52.911927856787536
171.01249368667308
71.68485375437845
179.07555767241922
101.01696967883954
190.00383524896915
61.77079231094669
106.61362578172339
127.2142193281393
177.86296508638438
85.29445293096362
78.03804229806258
88.85242672867825
60.1716272390748
111.50781503636532
106.50368523626811
84.9779210451002
50.45448854523674
180.77264726652308
40.44105011788684
234.56840469917395
245.7120270553632
89.78617993412803
7.593057072722965
144.50771870843624
111.71394597597848
151.05528678930747
61.30627313843152
83.18455388911582
48.753945491827785
130.19304704009542
72.99292783352755
53.62859142945628
153.22286670701817
139.31709822465473
148.89854889379114
141.98564010317259
70.04496319562055
77.99300247246019
104.27748076969655
38.05593817602657
93.88653233301685
68.87713046771556
28.007656933076866
32.110665181889225
82.26581115182327
89.05613604702818
171.20841443073104
48.76567921656842
202.32525587726192
55.778319962565696
77.084387391414
50.762651233441595
62.77386113196007
112.92415943129818
6.933410888997753
119.75088318753332
47.1776789435673
47.40801001241311
48.60340573047637
6.304554977780843
8.45384845286854
38.494911612063355
79.07591037365881
43.439545724080446
15.931696928512666
88.79514256866925
86.62568771599544
36.868748931292366
61.85687304646773
41.28753015992516
26.68689982053414
31.302651195034617
82.05411372123343
35.09754328150843
66.95467566439176
47.00154207717203
66.76249928433792
40.93824220661749
68.27066306413558
34.505735753768654
78.87205087231006
27.051384530465512
65.6937027071874
63.24751693416837
31.624378506735702
46.246031622354565
21.38822026025967
53.28023241838129
53.94123872087322
23.997245187513652
60.17379473344103
24.31316514343628
39.972859935484536
56.11065855794536
19.61293796767326
45.721455938233184
19.452210233744175
4.8229801968883335
11.709244135974753
38.036232467587496
54.73614861563226
24.871677332846016
61.81462077196944
10.053602990165688
40.98171669842648
15.41257716857369
68.62294807629704
71.65615221537408
75.25944666101448
18.322849661391306
37.14493525671268
22.154275989522606
46.5141970779653
56.650997872576255
13.502205897137346
33.42753986120407
71.09048307959915
6.834441308767902
24.341898126205603
17.298402669542636
40.91014565964886
134.8742652923345
40.08560844970333
26.070760451000876
26.94771454405362
46.253625724109
2.857739081199029
54.619921429713166
18.43480376386017
31.94271763195686
45.91450250868926
21.323129353221233
19.924720050403256
10.175708691497654
43.65616477736439
41.78543878500084
38.20675051295419
15.87836091502568
29.799191122180606
24.8629361665855
22.216184552559646
42.85963456421239
27.183556504420146
57.50494308861643
32.882441471075715
43.493795312498456
16.126022981557277
34.53415925222225
34.89036598263427
45.78361477633474
37.39250919143048
9.307046495964377
18.888129327780497
17.161991713718088
37.3171458805883
27.911063086069994
54.17497033381928
24.83298942926928
8.34317349976577
33.89207083801832
13.163875107991196
15.80278992367856
6.526929983565208
23.674337174344693
39.036745928239576
23.366085574730068
45.84588185752547
24.164536125261716
41.50506394424618
17.639456891206862
15.37403913623799
34.27383260937541
24.0038274650755
37.74959300169382
22.494294931404987
9.88991637334995
45.103493049556576
20.75039522910026
33.29131289766251
26.872472464974816
44.338165955380475
43.16088513069111
47.41481478907011
12.764171502440334
37.46940769155366
18.616220780124838
36.26599010317712
31.081704215105265
31.41209769479316
23.014175894108778
38.26702045452734
35.56720391694659
27.059345001653934
31.907938888988355
7.247115953897604
67.12109101518753
52.70630256017624
37.84958109177263
19.1205503531662
12.910116562003124
17.62316648852318
32.00789600422926
31.293326633420556
33.12079504190252
16.789735420755466
27.303619896873908
18.65279904474656
2.4575360959879484
21.162905709993836
34.877534589624894
28.301941417388036
30.95498918220699
24.82875167425466
41.18311672796501
26.098500833543163
25.62628968388643
30.58975878312295
54.78051012625196
14.675771343361218
3.871667605454855
24.78792457817634
6.868111415624108
42.27747921609859
17.62705636916011
26.530859224397354
15.114309699973452
24.72481968530966
41.5259843095308
24.187517855500147
25.267174612947823
31.75203073224121
20.32966725798625
39.03176684148391
42.62859381525802
30.130146596574278
24.387739189351482
18.09863372388185
16.943582871356238
26.74058111859036
22.29930457039473
42.028545455300886
31.044125547449617
36.47009855790548
37.266312487919734
31.259658484533855
29.59641590059194
18.1379611828236
11.127253903698268
23.139105306866856
17.3019525863777
61.561344892237585
16.99154692846487
22.365519291921856
5.243998037430121
28.961795299459588
28.606445724031
54.996850615946066
28.05013181390902
14.131449132892378
4.409736572547316
21.46755701210376
60.4316964420962
12.414272215527802
55.62762221615544
22.537657326209732
27.187512593310526
34.10228287532091
15.365675271506037
65.58922611683153
37.97395801711287
40.933560972200034
37.71567581785842
47.918444918870165
4.202444768306998
15.756961102631776
22.34181091378443
42.128713380599656
8.363228981715928
26.244646880044264
30.307986671088642
19.179492017042882
37.197043480205494
13.217511723019115
34.880162040329566
20.091809864074232
3.1495612672208892
48.01895742118565
10.147768129598541
29.728990327384174
27.477112231481048
17.790515130717925
34.95801126463049
27.571044379901366
41.97042506869678
25.200694347607367
31.165937937190474
11.80683353034028
11.813790102809119
8.028438972960764
23.388550612009407
64.43833730931804
5.991766289101426
3.143749325521934
30.895413775041693
4.494807221873287
35.36128908359654
9.338908277299982
26.732551430724186
15.887578027476378
15.221236980322475
18.49609048882519
32.93605765362008
55.418199333520924
15.81126349905712
43.652677110248604
20.02545400112262
32.96713367354661
16.181060954937557
14.394882380467878
14.355268835788554
39.12606336555021
12.893617883864454
24.465369040518933
23.84215858606795
23.573629028461156
16.449301163172127
12.582962863868836
35.17288531909851
24.003971891836713
19.902578352845516
19.409309877023922
16.536016413462715
12.35938720132466
36.049646651949615
16.574149334607274
16.028704563061087
19.761286127523242
32.31487481712272
9.757887318131376
48.58796332103549
51.75955738317586
17.7831646269094
41.459836961864774
22.712952644217356
13.395100859627156
23.36854156569912
18.79987559328151
20.197718958657553
14.256915253600837
16.457758806045113
18.94890952896692
30.50270138048137
5.719910149792125
11.971231076698555
30.58013898267017
14.631704952703261
10.518857238421015
31.893857705414767
28.578802556664787
23.776852211634854
28.13412743224325
26.61181388142454
23.175500089260638
19.08361446159491
13.253503094740571
29.1197860143478
10.652702559135811
17.401903412395438
23.654035402844723
18.90706684535836
13.658087161524657
17.635580116892598
10.305651195468522
14.512610524576608
25.190119763274577
11.595378377519967
27.073686972968567
28.013880925761544
10.432640425478564
29.756533234350186
16.54946683017188
13.273296178859635
7.869612738982902
19.735104627431035
11.02390642981113
29.56740612412238
27.01111210007152
8.61137482232162
12.69802772558281
18.897219458514556
17.314553293352244
4.568346447465071
5.712631498492633
23.287157086939015
5.525545736439
29.040070424172963
22.683033798755673
3.6952966627441395
40.754473554864944
23.633702946883822
10.484875446866623
3.9814410970345993
8.64477693686488
24.939925131221695
3.9870514649639803
15.71276932172031
6.004242295007136
12.077893704118962
16.18587402921207
23.827433951264673
3.475171882541571
16.52073606832994
30.98091333828302
26.71436959490611
41.87362397940996
23.36666041668891
11.784251207087259
19.17373397792162
18.913529295276245
20.565640496918085
25.511954306105316
9.486761686530574
8.544993575201852
4.899030474665494
24.592353884187933
19.265582188975806
22.905907901570036
11.02266484859869
20.458244321380775
4.506839611341581
1.1603749650146518
12.311996816263195
15.640418028154548
10.187606920002636
14.938712201566902
3.9903048714078078
22.265813922266478
15.956970802655942
7.010588342659966
19.56726764728305
7.95885490561132
7.642342654075726
27.574192404608297
25.809676159272822
33.38058209728948
6.134966257088568
20.685420429815505
5.611210093717196
11.293085535605579
18.806731862854402
7.282248967341295
22.642180276740575
15.249151107840696
11.644093810640085
17.741854745202694
36.970079859781585
10.628393863496708
7.588658639572082
28.866299859960943
7.787864983359718
13.294358410075407
2.7921106516033807
2.1501657563132683
18.836831251403577
17.469909110333287
30.131374761010843
20.661307943440693
16.41046467730441
12.135207607037836
28.705496377961346
12.552519116840882
33.33007388206402
11.780945569968262
16.90456789762931
22.662259308902634
26.595344766643063
31.44192337324508
2.0988806716420014
23.741829885868796
15.255122879754124
18.03601208861005
23.5939456113914
14.121796550346456
21.434238259278892
20.399454438478152
7.325376848754447
15.931417377704829
34.05573643705405
35.78003227197752
10.529980523504811
13.332846974778418
13.006032343162659
10.622927065956834
23.433826385869686
6.423160544960102
11.92351929592942
32.74642390985691
23.139819917944248
18.921908507552825
13.019213889978532
22.07967361640843
31.21314370636866
14.736094566009847
19.107179647130394
19.80843435443581
15.549699565416272
11.52290587877351
46.377229234605316
15.676529296601277
7.160065552777866
50.0787465014873
11.866634193886947
8.429763105203568
21.755580665941984
17.55128025531558
7.373503716113558
12.829112989741615
13.24774151913168
15.685575387334788
28.736400057113872
21.472839597110823
11.07639621308266
26.301988355129744
19.542092242249705
13.277108093363845
8.802046438641188
11.366345927021804
17.661766685711477
23.20941054972564
21.114659131816342
13.89743202911813
10.566508616137973
14.740593144765212
9.254178147904843
18.758967050092238
22.424197037062886
18.458312555422047
16.25897182741909
15.174851437863428
12.016709606260816
12.742704154499053
22.636805280757095
19.233081694765698
26.018491970612118
22.204750589222208
13.179216118298566
7.5491628144028695
27.619490719292447
20.15685245580392
17.131494604779064
23.99723368603247
18.997738338482804
31.983037809046586
25.13082449821055
27.122644193124863
3.5579479689538083
37.17454365533972
40.26271610812591
28.50442880782987
5.127633361160827
18.28904345626526
9.774371968045992
7.084335984359468
27.232221132394667
1.542534072408889
26.364362752378423
6.812853949098562
14.379469895906908
19.06461699506703
9.808189754644854
19.848737803181578
34.82552847829362
13.233548096136486
25.391771789907466
10.64362456031094
16.200360387541917
18.54222121014199
7.1616984335652045
8.370395239091973
8.853291789903796
4.444879266128953
11.3168478130459
20.953512188045895
12.398933908493213
14.670997847389746
9.20639646231927
21.870396838098166
13.16480188972744
21.73093523489949
1.008457185291268
22.85648906200355
8.999100475935636
6.177966874967777
5.585030045371031
9.324019389232728
12.324330402202806
30.550762022482484
11.96029012330161
13.707889706576024
9.302211488390693
13.470418688367086
10.400224083722794
9.80079515689189
9.00680510403075
3.6557464780363085
3.327594193267478
19.872382454165773
12.571604933459744
16.11565305305593
0.6780730462571868
8.268460800702101
14.487614563194807
10.779827234915873
10.933341299182807
17.296096876217607
8.079063555310116
9.922821559209593
6.807461352064618
6.683303918757498
6.863947430964428
9.211329172803913
3.8662660415667185
4.773144820689513
16.184572808654604
13.83196675781214
13.81102644913182
12.128219437911797
15.254096491006168
1.8854399533319093
14.553240109018198
6.675976459396962
6.098169467625455
7.066432094211649
9.618713207088637
5.5662782256322245
7.464938252909742
11.500103772564406
0.46039964289491336
8.870959449607518
16.565163210625503
9.679820243035213
8.253077842082343
4.4303299714991695
5.877529800177691
13.820127134092553
8.655682755361825
7.84773628263991
6.695781590936045
14.745877517508516
15.294841817760561
6.297680366061479
3.058229071413447
3.2722036199052194
13.573579984740077
5.735057132098581
8.42464792385631
11.708873884162958
14.11228267111917
8.658709742825634
18.642783216974664
4.696374776104094
14.901381348494084
8.32458605927123
12.024752739039624
1.490908402360796
12.15399926450067
4.569326358654843
13.171926493927149
9.542615869938807
11.65144858842921
14.570880044215409
5.0453786253346635
6.795818922083486
11.256554511870338
15.32626715334496
9.668966121932417
22.884426962578296
8.328430029273244
9.215851216045131
16.130747440825733
3.2198528533018727
10.574259159461848
4.5024858645798105
4.144292331424191
9.189087645979313
1.2532766468449703
11.496139520956035
4.073209523922323
0.4719881713729301
6.319176185184011
10.220390496387155
2.2328335658565983
4.444794960053595
11.848136788210843
8.990575203735203
18.09561625706736
21.098440192195213
10.171671388674634
8.849519705077729
13.728878629241434
6.9209720040121185
12.133580983264613
2.670301264341391
14.04079414682988
1.4662394719194667
8.016271049536027
14.034806319030588
9.06352540964857
24.334692540477377
7.415605620417378
7.780825735931789
10.520544018153478
7.134720588103719
10.936292589051751
4.248008782666787
8.20076199428625
4.665740449817907
9.170545448966752
3.9241212446856992
9.34055976755882
12.574198550691216
4.408384341998017
3.4079786530283873
14.872441409869738
15.08221160180706
13.168710443235078
9.956816693905381
9.968128277513205
12.855039130665162
7.3462927871428665
8.390423582905358
6.018648370080692
5.447129429688327
8.008225144277898
3.5288732262384763
15.759717044790584
5.982842412772264
8.79026431464536
3.9905743623688563
9.687234797391216
12.074550819282846
2.961595262058304
10.882885919877456
11.474362364937868
7.013518022460205
7.767070212573855
6.110964436127961
8.778196828960017
10.634711479933644
12.954065730220123
6.339949854390655
15.026309368719993
5.901846688564145
11.406142588443855
10.695131112747887
9.56974393808128
19.25758411567089
3.6948233553832783
6.078274408144918
4.927519821892911
3.546611994824443
16.37396486310872
4.485754368067462
9.456517903774484
5.581957605849538
14.77738371619181
8.32295761249769
17.54433019806046
3.2248360446708637
8.452383722414318
1.504598857166841
7.263203634573595
2.0417999611220043
3.248015922491705
12.825306465478755
6.3332204249055115
18.26676414804223
4.223383860757842
7.161280018987827
9.740878496949762
3.9516168644175336
4.432012495016465
11.513548906593511
6.467845980042783
5.734960175549494
6.969989347062021
13.082209787492353
16.324956083198707
9.967953741564509
3.5438366082816226
4.227330867830511
6.035849213956252
8.768303126463945
6.297570618810345
0.9653906633632464
3.092543820920078
7.864722362364424
7.906589227065046
6.142957601002094
4.571553345545316
8.716321071229329
4.407614438640061
7.015262615223946
12.581322167928446
3.7745794399816526
9.737042572879687
24.56226462851223
6.200723960106976
7.162729637509712
18.481482668619343
11.44222409918848
5.944055715718589
12.44295096798805
10.247014355164328
6.301393688468987
9.867596374938843
9.597886552268351
3.1658887086484047
7.9688314744716875
3.716670203349157
6.276172206832695
13.39457855960091
7.375752445159986
5.169337927554221
3.5627323254283003
2.7409701061162752
8.499738090497628
5.766844001737758
11.589428262881768
12.461082413212262
13.118961537049012
4.888232056032416
6.2029632653551685
5.393691402028719
12.820681507883178
5.9571685837437
1.8820382708160972
9.922284721071746
11.633215629171582
8.133896612329124
8.37303387886921
7.406703301918965
12.747792644297231
5.556488091834053
7.969910106124889
12.226130440621667
9.489775306918299
5.61697359259139
8.002132999514899
10.571878043724379
11.356366923760246
17.172286251767133
5.278913313722544
10.26847683728849
10.639032834392218
5.168778792535915
7.31538711629035
6.184413115458454
9.164251922216172
8.853060403857961
9.880016043171361
14.923160159049303
4.143061969580747
5.56747247941285
6.273015228020401
2.7658984026979763
10.382131237043719
3.3504455576014682
7.059514394392625
3.9210230905326013
5.131649175486826
14.127227181981086
4.605612432879956
4.8214266863089925
9.196034780797968
6.383707079401684
6.698004877806947
2.3445452859926657
13.423779044469677
8.397764054672432
4.660407719085687
7.527580307728607
2.3087477809879036
7.431352309848612
3.0713257053449534
3.1512167826989517
8.842639282017835
4.48248667241226
6.60848106163564
11.056869477622355
6.545555702800817
6.3964135606947705
21.595927390663256
4.494004527537681
5.88931153056805
16.442264785769325
9.725398879811067
9.022419337261251
8.925921046827646
6.63657191110086
7.421069506132254
7.62872970056042
4.732021337076585
14.504307836407785
12.920321942851727
7.769296763672937
10.390530927080105
5.657776055325291
5.544308636032193
8.183187759196755
2.774589820878879
4.6475341900264295
5.979033374118734
9.369710618505609
9.991927365651609
8.336304027858482
1.010973305538409
3.6815141261775675
9.505209475406383
11.94061130774753
8.306079497183186
210.089
150.14539913926407
136.77391725140222
140.03102464688845
135.0088968163634
90.2964570824833
187.69628758664433
71.34411188350587
199.04935119980968
254.39514876000814
162.96260234311032
340.5732542632133
805.6886889845684
42.15455735361471
84.72057384258684
92.13285766240895
97.15666326963893
118.78169319954554
181.98975374258822
103.32462566350785
200.0589519326644
82.87063527286156
198.95901256579046
357.714096054085
101.57352905509129
72.43090027012273
194.7100122405703
178.15470322538857
25.932598994182005
111.6974251666613
188.2029503054179
93.72919465064162
194.59432722430796
141.9280882352801
195.50414230660726
107.74847637641082
152.63469538277732
103.7816035456815
128.40848297406464
196.50553900106843
112.21864482988917
89.3546647449072
284.8332427928979
120.2470024552058
306.29250966232706
207.98077498689372
168.70375770685584
202.4156558880382
208.17912684698194
70.41430667594531
260.91586606049356
70.72777467823775
162.20778497664128
166.57723420062774
141.4260257562426
236.0701225990366
95.89083932150595
304.316075094111
140.44700542552297
189.64453529931993
76.25414437415655
60.321331693581456
99.96653129142712
146.5090922314582
177.49975522172406
104.17023691527666
114.679960066878
331.58861218588305
213.01205915754443
139.54677052608943
156.19018062956422
150.4799316180769
398.953512997618
1.8899212629476767
64.58797822106303
21.85956421438516
127.15368330551551
121.48487360070818
77.09197733249978
100.0913749726294
233.9091991204343
152.8399095458729
90.17711565401798
64.96570054148859
244.54901432400618
87.50757004694557
106.72994771206785
75.10496471468633
114.81151423066038
57.40809061722717
119.61148091705161
238.02631113890746
213.0618110003587
95.34530444012286
79.9940086589669
17.919621373004347
90.36421434546976
29.992123082845264
39.29282624524354
83.71252729723115
203.63453989982517
44.561815987460065
242.4261293718061
65.15880992488647
182.83238736790997
88.24847144344756
138.98665695318533
135.79674202238422
136.5736577270944
81.68721309075113
62.63065476976377
80.23421926888815
88.99676764687345
111.53921260815838
107.80892094179067
82.95405389302276
80.22177170605943
38.31843992591845
48.64002664380781
106.13430489752339
22.46643902344569
78.34133808654528
104.74915668085146
21.29523985052504
96.73466435731419
107.48691779494213
96.56076229239841
94.74156161068414
47.658200936116195
138.812973679239
165.960450063872
94.44744431392012
74.33354637817699
60.17246822943332
82.7569615129272
114.61728752516089
39.5755473553467
78.35305426445392
72.70683714319895
30.948051853347287
34.884891381482575
53.35218077251408
15.230560965759135
49.3074757356296
73.80208596515163
33.66858009172385
67.08898061140465
40.55795282294362
10.320007948620036
37.82111435759975
85.95484451955562
27.61363974094873
28.71320856230818
29.39172464370443
39.063813463302665
59.82559355792865
62.36232734709554
26.254511693349386
18.1697631034138
22.289789535050698
56.0026963742428
18.827843062502875
75.52801993532725
32.64233557619576
37.69280795034536
38.53097347006781
56.41910825111275
73.52189353135202
44.75145846152743
31.950339465972498
49.03792579110132
38.55194984645996
29.966839230636783
38.1473241897942
73.27374673555843
41.98661874575332
37.73666106719619
22.8407506205356
2.9736672779658733
5.119991691327364
70.44233734793883
44.40163445702369
31.508031030731043
64.40112701280437
39.41398519219559
20.169150236682373
57.73435363359653
16.887300950728697
38.198081816225574
38.19972418232401
23.375027693896524
17.224800815625258
50.49036258008798
44.86560956296913
56.521931437651986
19.620204490599356
15.233010550563812
28.390769428282084
54.7253940780613
17.655441883014372
46.809595495107956
26.704156073668813
46.305637669109984
12.237947296010786
15.3127229010435
11.057683263321811
50.318468519630535
4.10317637752379
37.083183360658786
35.182860278147736
23.20292162845178
3.4318260370261515
42.5210531393109
4.866706983809346
50.733968653666196
24.927508035763687
20.00518479902344
49.24333950889675
16.69759408602044
34.7696015853526
33.82872080424642
14.851001835362952
21.680994625994543
11.646950497565252
34.582469222800874
1.1960091288785806
9.337372594266403
45.9173368819144
46.37746166988443
20.540514709330132
18.047244913895284
26.248560064459074
15.29045178052346
2.43306234880247
24.149484138394108
3.820660680882548
18.69378420522648
4.23696282511785
11.057798743893851
51.81790893235945
1.621640661617992
26.32738018343095
23.08640447015514
12.12353606053967
35.978411686426114
7.238011892769512
25.05477147352598
45.798744780925524
37.878918075096045
15.347872773710664
26.046504098502986
28.675851204621093
12.056950181377125
50.474009999501966
27.603084540555948
42.17675951615956
25.144329589878794
40.01683642487142
17.970923592100977
13.705759280792392
9.704623400122072
19.573350187005914
14.568850862952393
34.85776656837233
15.391420004842828
24.623187482232517
36.69714548311372
49.61697424282627
24.841176513062738
22.175446167272767
19.476361314046382
31.159292523568958
40.415390399737355
40.01930770367315
11.853684401193867
20.030557276035314
28.36503606684191
5.687419477122635
0.49002204823941714
10.939059327091059
24.909540799780302
44.601680470445416
22.520746610524068
28.63786206642373
14.914940541524503
18.106634306593566
21.09232888180171
33.72146105289652
32.969083476719554
15.586993130238499
33.346518683564746
10.621724953350546
49.10819656687517
24.690394803967674
32.71096379077989
14.569217378853804
16.20888017555983
39.59961088648868
38.5146336074272
19.330676441441966
37.33222534175541
21.445919833742423
47.613190458313206
33.2172525783038
24.34699497093022
24.962882703774184
11.076609693263153
27.58121226813906
4.172902748580266
17.365156226267505
9.249241952011605
10.982066746581491
33.58509579209968
60.72489562877427
17.441654445289473
41.7094429189261
25.44872312958116
26.41927459047906
11.158889070427527
32.03838034058376
10.714822958087883
25.319703413877093
15.098709223584502
24.320531538209615
44.756198290802025
15.522917137781672
12.447592803193176
13.10890432976089
9.69109354866148
23.863779167254997
30.334434942437824
21.23777721459462
14.432418899231607
17.596234450328883
32.13747685612423
53.59298819885621
13.715130221997683
9.0647568476588
27.04884413611449
9.490335838890559
48.02112306710459
44.9359019529295
11.477363244675674
19.011054114188195
33.444556416871194
15.559059010049022
27.21464058058129
33.89059068735174
27.686847013382327
26.972676474132342
60.81319592620567
43.23762956661846
27.458162074159873
45.67323800242117
18.526418456407352
6.636465600205028
9.792294115953014
9.0907434441681
3.815163256032569
32.56728261975878
23.344891895551367
16.133042492128244
20.5699490133117
28.445887874458773
64.10680635466262
20.18661394212973
29.559215519076957
13.19115924183207
23.625663959790508
34.86103725016874
16.749117495350777
7.2448317862138705
14.737639760342235
41.93114655384193
22.051369251625854
18.089434663171374
24.17736931080008
16.995303640479733
47.954085645968476
6.763511178977285
14.256210454779847
34.48505144757734
31.628312754453034
20.97171069571246
7.124006615191579
16.233332064391515
19.20474997532486
35.39326575472295
14.433794478492024
22.72118493043968
37.69472229487311
22.306936426721304
23.562877454984832
12.768830295136874
23.21134904483163
16.12168686286036
26.724736496502175
8.279820748145431
14.386409367367362
18.540605157524883
24.686181051912058
13.644764931260008
28.56860217869793
11.663436159978316
10.897487781196066
16.53880306290173
1.6578518737436039
31.503173475754725
9.623669747430874
19.68470999462721
18.008705824851102
22.394895244240875
13.26230820747537
8.007654337020972
26.857295422358415
25.72726325019746
4.938601519008807
17.995068741017842
15.799591844976314
12.245469300856247
27.264083953842892
48.137609173496784
27.91278275173896
18.31250100333846
17.578942565406027
3.9312759021321186
24.232612838059374
14.687572810748954
17.804093818333346
8.949876053579183
5.539855201059158
39.813723132550514
30.4637235643636
45.58725969238644
21.556963010210257
11.269595409859333
26.052139258941295
27.924206788809833
18.282442829344554
10.535287112281985
27.80641323389135
1.0588114483930458
12.305036689766764
14.088395477213162
3.754166951223899
15.800925524121165
17.831700298590064
50.81969255833404
28.119843068488237
16.70066635815033
21.253088708596948
13.137974988889995
18.328091515291803
21.59257939421493
30.159619680574238
21.755619506510826
39.687218747816324
12.20719257428047
4.567959868423914
10.585307455712751
40.44028370860971
13.002182814080298
10.35327878118216
12.343615148406432
12.642414412244205
9.740237019502812
21.765925507987095
8.094503092730626
9.495007033577258
33.506717444389345
4.289735095923299
13.414906764431045
21.1351319910617
26.679330601246928
24.317351596293527
27.631238555306055
2.211971205429645
9.60843259899145
21.843152737662123
14.387901634409257
13.678722508361732
26.82089862746991
29.065076523907297
18.818510212102762
13.75103276095858
10.259723157337012
1.7690674234056105
10.113322994639347
18.136796454123203
16.084847062572923
18.262134700439972
33.55561307538568
18.163731709762228
7.62398342750964
14.686250583276978
14.787918091691305
16.021302160349997
13.30240275061013
16.876915802479072
31.889958488638396
22.91422549973938
7.542491323736117
15.199029978398485
16.445997962391615
26.138655363093648
21.022405782920874
17.856368210024197
22.404255003251176
19.300413402602036
4.091707669557148
11.37304720919686
33.041349068834144
11.422378909560207
24.170429770099148
22.923688514459727
17.114412615693787
19.341636700086795
14.601682657230882
24.045902248419736
4.265704024619164
11.769094096371491
11.654591459974156
25.393558298639192
15.266678661185503
14.215355163368557
12.075000580997802
18.664887281732252
15.301023472367008
26.990416571782553
24.26331872658841
10.07259965778085
14.43201817098287
18.421561850754955
22.179120803950504
15.358381967344839
37.8670206960941
13.136518706058624
11.7375983025536
21.98646399477457
11.345739610885671
25.152226815424594
9.939601664539726
14.737710095678835
27.03180258369105
22.300586193017317
12.542722313169433
16.75226710999845
11.566632758710181
23.323744145526625
11.351009265278737
16.884861933651685
20.814234633962506
12.163437609142035
3.9654726188554514
8.718108169184603
15.454197755144445
13.429808646453102
29.336571713008166
32.75365554069393
16.31873047548296
3.324707092089153
12.786144576121067
12.615200143051121
21.39707015835248
28.61767590969494
26.387843084594127
29.067259417806312
34.1875713821991
6.057540404406213
14.24337731579864
19.506582075166932
21.309558319022564
40.79954233548467
32.537145113715724
32.19206278135767
11.723377794498079
11.29721647466516
17.48364154655252
20.924783728849754
3.6642040525067707
7.877617259215043
17.483155404703773
22.30915338224749
14.588684634363428
10.000717353594409
14.54757207501993
0.637039336420231
10.217504222212284
15.350446827951432
7.325472547948883
27.87710898776041
8.223923731690675
9.526639590273946
2.9975511878126833
22.792725197242753
18.207125852451107
11.656483284419805
20.310208608091855
10.320788407228934
22.126707460308005
10.909574292778897
11.664367257666076
7.086251889905058
17.044145377783092
19.53084606564773
12.023588080377676
17.9525429745516
2.0859918058860534
7.818243018445558
18.660829242405306
1.7783022549140983
2.636483507203136
19.660594461432844
16.832746576044876
13.077881959702722
12.573116197068067
14.047372572793961
8.963493014208721
1.56991331854269
9.091215215479004
11.84432139310307
10.108342788204014
13.948949861750906
28.70459827017574
22.10485939099691
20.673106304438587
11.699480896624548
3.666548186193025
13.968873956802787
18.085445640442963
13.64540586788083
21.918475892099778
17.41225785187831
14.424013055701952
14.770480857853803
9.30067606015344
5.858938832304559
28.671840368559756
9.176458304410628
11.671297285054008
23.424767252593348
21.776744231452895
18.572694607756816
25.800376644572435
14.624629650925126
12.566395449546796
11.11635656146192
29.734316819196355
20.77081247855064
29.63844815908183
19.001111139111483
13.187535830793493
19.45412040050712
6.369080674323383
20.1721673773742
7.0775438754809485
18.479093195613597
0.46845554095290953
17.361292972266565
3.9803325131146137
22.036063640885157
5.136896046926261
14.409505937691804
0.5098560691934148
4.361381947287169
12.716875428922437
12.677259405108234
11.09635529026747
4.422056708545846
13.345069437290553
7.266951598724399
10.992127600170214
13.079046931930542
22.853170313682707
8.148773662419337
12.569435002144818
15.527258827810899
11.662232712083345
1.1441744404585996
7.712906525130987
10.38209912591709
17.052708377845565
1.1217296759559474
9.10807603954294
10.298214792412644
13.661337246413817
8.933795737921951
4.118419836999789
4.858831083092277
10.543551074706764
20.933163037425174
22.55460645071204
9.830947304400706
15.938341324468645
7.947183107219484
5.522105927108439
10.239329671128887
8.921176185637151
20.22876108612459
7.214562462670716
18.317382079623403
10.294942158338895
20.250236785057417
14.883133160511727
18.472130811224662
9.868269088319764
5.115190411622857
18.01472673548662
7.590178362632592
8.424870226506345
6.265440903924816
6.580197348274514
11.785201922607225
12.556308932648957
2.742437419692446
5.245833389730609
8.191878936982883
13.977936340808453
6.14274018926766
9.0928937504373
13.297703444570148
12.184677464914728
6.997851761785295
11.676455202172647
2.1108765928282813
10.568823387927003
18.591370939418166
2.073261884474132
11.650375447270449
7.867928915859287
18.432589774587306
18.952657304838045
11.721842908238893
10.692128678673848
6.094717652505516
15.614533630685134
12.286691796135115
15.379549284392109
1.894017221603787
9.903197035985782
12.435503665531819
10.910695785248505
10.10560652440784
7.476406776110836
2.7245611197442146
9.19723391136946
11.506797500318086
18.64794653114902
10.252796386994172
2.7226430761328078
9.321943593183452
4.936945814845538
11.367023556982165
13.111574163988996
10.025189946488567
18.050772641351475
15.461520818290202
1.4050123516757405
3.9093502521998342
8.840439035819495
16.987344641805723
7.111992500391209
11.054752834049333
5.355589361362944
19.60703268617728
7.014988939740322
11.818767611650356
14.495270028642734
17.470784128099936
18.928084057477317
9.673560432272618
18.393167500451103
1.043506871819197
8.528632470196602
2.134767407531349
14.476590433763997
9.776373627582359
1.1941318941608152
7.642420773488327
8.064902447792093
19.526837287507878
1.0922599753938234
0.9544126241160105
3.818650677393772
6.973568896896749
11.457246213023657
13.941520805923238
3.399455251093988
9.157465832626764
3.758526391726789
6.840732102909431
17.025136181772776
3.6926292880616773
2.8361748220843537
6.902462363859405
4.777049975499911
8.284941015582675
8.348355550350542
12.17922326178313
14.896973808728024
11.160374952345876
9.564672835689748
18.92874430459509
6.40196346312953
13.551654827760277
8.293624923593187
9.017991000116702
3.309048597613642
8.173731864565983
8.584633986790205
4.39824346907793
13.069050642605871
7.728612373043368
19.40748010384747
11.362989239690645
5.30824318773506
11.631853670472493
10.056195738678053
12.049754155948138
0.21321479924035042
4.8684055855480635
3.3374248530125663
7.847639033276621
8.168834512375872
8.206333192398253
7.373948397181923
10.257056278020515
3.108917060212059
8.922200912896496
11.463883641895361
17.427880073709503
4.125309296514312
8.794871329006003
3.2243000805427817
10.193071657917429
14.425163307197046
8.171741107516869
14.533317637066352
3.3836731990169358
2.6707899475349985
3.526731944568517
6.422565404424823
8.332817800478196
13.398567789305353
3.964898281194409
10.31556966133738
7.495382954634048
3.297783724281311
11.712689145186541
5.840043602763395
12.718052959360524
8.653303475356362
6.163811313146889
17.56330640926301
9.894964972576997
6.591108133187288
1.4169141730334127
9.876668655749667
5.776208151947976
1.881718145919993
8.468768025525257
7.0283947965009075
11.793079128809236
11.42578505046118
10.577652867600255
9.821341345853336
3.822871112185979
5.510387356391022
13.20310455722456
15.966513376553705
6.548555958624954
7.2887459932118865
7.654490890668888
12.883453943954933
4.999313700041972
3.9230835329248124
8.186248556869453
3.3825278335952516
5.962134524881053
4.226032931601958
7.114199463380757
5.334350473256712
9.283313888714144
9.44052415209304
0.8837795854435387
2.8466276819238168
14.833349215432907
10.158934939083593
5.663443274921529
6.9783492108762015
7.545451288644281
9.305135050137586
3.933757616720542
10.856788030115558
10.177794747267797
14.68399723488496
6.2747870554945715
5.667399997421708
8.818509775073146
9.23696080302126
0.9501695527555386
2.342809136367519
8.577485364662385
6.098251156632151
16.702557199031215
6.958603561007374
9.802678864691782
13.414754491026391
4.696285354157175
12.17299541788615
12.540207648404452
3.207471055172314
5.223922238644144
10.823627694251988
11.686994279770909
4.625673250100318
3.6049342841697514
9.910427866227668
3.7049214251527083
5.118531120787662
0.8656593208503693
10.239718723771047
10.355563691866774
2.559897265584678
2.8897640948130463
8.536866534411644
6.66873826842598
5.268833135454191
9.813113483354964
2.9434108440248914
8.3393983048873
14.323953409250496
12.679694124650672
2.8234610522673416
3.790018551694302
3.752704529129474
5.991092496990354
15.396883296345008
3.542825922697041
6.508439301431839
6.3345570466203664
10.989976782630144
11.416160271491878
4.2649001187953965
7.32753457964704
6.565802063953771
3.5301258354896614
4.521155209798985
13.526877932350617
8.802979914847157
10.728296946989946
8.343051988485941
15.042346851410025
8.843080265370668
1.8749375235151537
0.6938462419357966
8.111418997432835
9.814391047902012
2.925939111292197
5.166533872433964
8.603417965611245
6.543331940409951
0.7574882644290682
2.1705239893263815
5.282281892770166
3.236456535247265
11.156423423586023
5.613860949836171
9.58096572803473
7.504987893909321
9.015466280245267
8.28311503315295
6.250907891717985
5.96860055883043
7.2932242712740205
4.28122387804551
4.470433045525735
2.1517126723276405
7.1572238524262195
9.978416400036307
7.009155079360095
8.075036014274515
3.01038869452848
1.5941612634355193
14.384878897966903
9.114576185791025
12.153753567930181
13.014131366043319
4.53829616047249
6.277094383468786
18.66373882263271
7.996524173965497
5.741648593513334
12.477769634610379
14.968594172567494
5.814114053104361
9.297950605931216
6.445111909801538
5.573909759452691
11.882135294306874
