288.158
37.81261523266961
50.78656312563937
8.190026605456394
49.48317309550545
131.7980945111644
177.05484654499267
375.6811703981418
545.742047932282
718.3146438571978
427.2759814772079
203.70699655361415
150.99417790733807
287.0918521825007
391.5750266917255
473.538699494872
631.5490008581584
241.0277638957669
213.6265176105575
232.94999803386108
129.18467795347192
171.84751851514454
382.20562998209164
201.722766621673
238.62442214077106
84.3468694454183
195.90505184823914
176.24788073477652
249.25541133862905
49.3079441588231
273.03183612826547
196.77421510197377
52.485780886749154
214.81507903634372
93.81342324093102
204.3653417336757
281.00467360791123
50.43234743101777
369.9899262331599
238.80303623376034
196.38412781512463
103.86465720656717
6.957728047021429
182.5775511649193
171.2295368466324
87.51761380040323
138.71815867388813
171.7066204347027
183.03776507134037
184.34324542997066
361.58165063426
104.77839257816406
283.4140219385717
239.47376504425446
60.014360665957284
105.87221988803655
249.44093918671754
87.58942244372012
123.97421609899222
36.14491581484744
65.84812967803848
139.75393573760232
138.5498224941241
62.8041090228936
145.26433658955438
51.13699336949746
168.001760319971
98.293863392833
172.5324915126884
95.94401199721351
22.854129675016782
55.41735608823784
257.49653949435833
92.57481418158827
132.52476915617393
168.97240643151994
116.03266284638954
79.9963468576192
158.8933804555605
163.22414946154456
145.80835910521756
85.17087313215937
145.66083051780532
203.4964315534212
135.39295531521958
44.449160657856716
29.217152507660607
134.89893374792132
54.75158596862115
43.97263263777628
80.84209461761297
152.6839712289047
205.1078832158844
86.33977277508896
111.56489089881158
153.82928380402618
155.99023480709008
126.6201364746217
88.39281019620356
155.75029327418062
191.21248375697988
157.5786299804291
121.99080936948748
77.26314914224834
25.935277932305535
111.16925545069194
58.50779214991845
81.95624391912986
70.67292960974935
81.99302346387923
85.95654554932759
31.83441366690375
66.30010349496395
40.02016136567564
151.6362347669789
39.586830364316505
100.90658013451231
60.439043812054315
82.52757802050057
91.09334368486648
62.68137245809578
91.80714109625626
31.946362977461323
118.48859359233012
124.1007729675481
54.19944033133872
14.274974044872739
54.81099984044068
122.84811640978167
48.27011352120022
43.54722404273513
20.482993849882682
82.83380132807493
73.40875170488307
90.2933522132756
47.42073345951009
1.0647987965566996
33.42512672129812
24.341249495464908
51.615506565201066
35.379132439937905
27.35917285056373
130.3721171192721
37.00383346409159
64.6888199564704
68.94414361325639
24.8898393987039
32.28696498229029
55.5269696995124
62.751685931664746
67.17675951034394
53.71988334198338
90.74292253147055
71.03948758968373
26.10642940561028
88.75270584719546
8.731730898084631
10.00092415374931
37.13285247472053
45.156092666611954
62.24933907251577
54.624666291316615
32.656416362314324
30.157302315374608
75.66308344809384
25.239691511149267
43.08339249571686
16.085651381298977
82.75782268992282
30.33792171970426
19.318165950386987
31.653249692856377
11.639746130307719
34.76599193884016
12.931516913932702
40.905726420775856
88.32807779581877
30.912681784784603
45.21907538310383
4.8205017562881265
48.57718252404372
32.92657166416921
29.142695813579152
16.34785675384865
42.89979533937618
33.81104808528467
15.024890202027493
8.694423860209232
25.452195168820015
70.22780041966794
35.68175831571098
19.905102907035317
40.14146806010904
28.96853941135671
38.105886822865095
45.419093971594414
23.988849883284594
29.445921756814762
36.5039379795335
50.18909859559485
23.583905920671832
61.18268017204541
11.810143573563678
23.229979034279168
7.0155038244581
19.843358738393366
17.58921479685342
33.525239857442614
44.55310029039686
36.75778860026712
29.96304291402175
30.848906195995315
33.0310831671582
47.28268873652897
39.66431506418902
25.03722336423765
45.14815388016083
28.420977339515144
23.999824444847583
23.776918598284862
14.061947345742375
56.322570206772404
47.04632721868699
16.60695621338691
27.5099489098871
18.685911628419323
42.04598505940951
27.48938818810353
13.893841910717123
42.766210937015764
48.453361868468896
35.827982471589515
24.25340366175073
36.64070462991838
42.464805670087
26.512076511718927
7.064257775162993
35.28468123716442
28.084333631904915
19.855821504997696
27.428798758423483
16.956244973914867
46.69304333469452
34.7305939303797
11.774948590920992
15.103778768022195
1.2287998380572673
45.04592594581595
39.01761867674844
21.786062877433075
35.41838927462497
8.935473357342765
18.336596974598436
16.89235106180771
13.625841858193095
15.452771380881831
12.670279519519019
8.449680767344315
4.232142237331213
38.67014561678252
24.993421530018765
25.329691648035563
27.655180332142
36.8167136896573
22.035559954352372
27.05996494349496
29.20007125363633
29.57299322217701
20.04585697962316
28.97477051117693
18.61214208287532
4.8450923925231155
11.415982016108272
55.11108018408763
34.58349279166298
15.091133134694921
7.017691567839598
25.552085904368575
53.215675515973054
24.3203865031111
5.943075435667602
11.330553166613463
13.141246190784752
15.792706266441582
18.627661968787876
38.27159435368159
34.87118479868426
13.789750864083786
44.97104388279193
22.467076049996624
16.953546297229266
10.875245359908138
4.7114928726035314
21.330489671173915
26.73703339893776
26.532135702494823
5.239488000756514
16.030007248253263
15.607623337591116
17.503074320244625
8.446226452954644
7.7247316273305815
1.956614653389178
60.673290652345266
25.167661062093767
19.806784672946108
27.720699971929175
20.531389921785035
3.6476735624554926
21.518621996685116
25.606613960674476
42.88460230679231
28.14277729386182
25.319256272357638
25.98622968193927
21.806731211939752
13.439589246524303
24.54340112302923
37.38469592246806
11.480121728947196
8.264378216970911
37.341207512517016
24.025840107663395
26.460369283573016
20.625172276802157
54.661269098635664
20.337443895345753
24.546494293649065
35.077864641449956
18.764578212135604
19.094825837124557
20.06821751337588
12.498308647121801
45.28401394294662
21.63144541700734
26.97472315121484
29.96645058863258
50.969027663461034
46.30324878331235
50.504614235222384
28.131740296628017
37.4911238841715
12.17779345923858
34.812031725619754
25.085826877714602
21.874091133597783
53.35018409467889
10.221964653021145
35.58106011474074
24.034931377180026
29.950723161019056
8.984698761254785
13.466015230540052
13.647556065481629
25.80122329430151
20.732261204007248
39.057831114897354
12.848269007594393
32.41219323848172
17.227002322669925
36.636158356688036
13.10753283426965
24.333621425093558
29.484033441550096
7.199488104677773
1.6540126646077637
6.927804443797309
11.053690754336623
15.459017848888028
18.891936019248064
10.707869561764094
14.092507669020348
13.293736280389277
2.755113712740987
35.780798312768795
16.61422179665816
8.773476518858512
38.975570931615856
21.670576005449885
8.829457704369647
11.03627051966557
6.32573536576143
25.400957362433868
9.39960717772033
21.33407500561952
28.410082585539342
16.699441545421674
35.752932082982404
13.492077676736614
28.45555655323106
25.677195658865237
21.954688389860888
26.761939944273223
22.06690236648287
23.632396717904925
26.56454505928088
11.376988412632182
10.058572263272678
10.680818875142098
16.82375166561674
13.698586627025735
13.985561234175886
31.256117341566895
9.29199500429605
30.093816874240886
15.620797952281109
2.8986834262679464
12.090106900015483
12.59119537871159
25.755100612443776
12.691466914783307
21.251585148407827
10.16096925970963
24.50832306812855
8.420775594570511
8.321216265470564
18.69395807273311
12.176916185203314
26.095830013853682
11.693885171226555
34.61058693233284
14.813716183565573
8.653724191178657
24.388812772326226
17.38210631458433
23.378302068298566
23.786627976180394
26.68600329239788
7.27838808802411
13.52149908791247
19.3378690163987
5.497292308904447
22.2807328679644
11.969357923711769
6.684938682415194
11.470862998815301
7.85919318615282
11.516899317467423
10.08900245967304
31.99516620255122
33.16812954002034
10.706045668400465
2.0369864781388576
10.178224848010776
12.52587176811583
19.731288592311103
7.866663693847062
20.724887340474055
12.594844980478037
38.34266069523162
24.41129401978926
6.495263944362072
11.375914098124307
14.674879110879981
9.045784692628756
18.143193366191372
16.347680626638397
8.144558604904299
21.79766435750676
22.04177046295782
26.704974035471448
3.9479811951359314
8.903974460208977
17.918847655249266
22.482172283356828
22.961239766533662
18.90230715944624
12.558937095959847
10.394301192997508
9.522789654002617
23.72373716897436
24.688106876622847
30.674425461241675
9.812437829630307
8.878772325836623
20.75494921763464
18.95591167152652
8.738368474943723
6.543130759813236
37.586968248672676
8.345150801627584
12.084515422407183
22.7705611743697
8.49967452364876
21.562331484106252
16.813481427482955
2.109790665266057
7.273788446466796
3.4435617947844688
16.325088577069994
11.91773287162152
0.8095379774778104
19.450638515287793
10.55175101363349
11.964144805510063
4.053826065044604
18.85276675176687
8.709016531878905
20.903776393395567
23.39694615554579
14.323447642510109
15.600471606989247
10.563686733650783
25.86409653920494
10.031893250759873
13.330591328320693
13.90750608946614
18.61577711622868
7.411390948309928
22.701057544919795
6.585627104404428
26.993777901122108
5.363543972328784
3.1383917361509854
18.74117091594537
13.464309260471682
15.219757776527874
17.042694746904353
21.200899451524453
4.7978312269729315
7.743841954719002
17.948948487559257
9.888902891602536
33.81817255559205
21.217199400938263
19.334537467576855
22.52722561487933
8.42334688714228
9.119751037661993
21.707176009839294
3.586466619683355
8.424586841423096
5.817322403112936
16.07006193492096
5.177637206683996
27.064959250396388
16.51073390425179
15.041638423532996
21.560993071243995
29.459388721518213
28.34597056790761
19.401407875164494
16.031060854694626
14.380255222504378
15.244091144080796
15.334421346860353
11.482005106723431
14.663370057586004
9.129701437830485
15.11865696048708
19.58551129314429
10.65866871773894
7.0265862743211835
20.808155627654063
21.09123754852589
8.92227795421444
20.391265445016998
20.21022217334056
18.388606085910325
11.952355122777329
24.559752824298343
33.582152977973486
15.445087666726263
15.133029053661845
18.62221138410664
9.32562159234714
31.99595785833825
27.81448793981047
8.526983382024444
8.001676903053658
27.70078177346572
22.975786778524338
17.345344066932253
3.565480865720474
18.165661538497396
17.674573145924416
24.735741747339098
17.496810023264146
8.051483043018521
15.798847624568143
9.808253267091848
9.85821305087135
23.92406892765105
18.029304018344416
7.999250835147719
10.37129475149787
6.5625046841060986
18.14735902090809
10.164754943605702
19.545008148401944
8.243109101399483
20.366349112722
15.081018277785786
17.100450586497892
30.094405192267867
8.100731401424863
24.424016881224844
17.85098583587599
8.572936349229172
22.766721207356927
10.227348365306037
22.522040500424204
5.113691615597281
31.338785127189745
29.37786241167588
23.052599609265712
21.264564544330177
9.842338206406112
13.07421402661449
13.721706375850806
16.04818550921028
15.592614454857703
12.991433610111116
28.180345509557544
20.747499193652317
13.759010702672203
13.05997605820591
15.074554079922667
18.029568687903563
16.837901734967136
17.873418555059057
22.61170249518539
8.26221406232115
4.855827997394338
16.877049466718443
29.112788390000727
2.609242641849052
16.6874294465498
8.32442041587001
10.67649380896631
16.788852998174193
18.112323881704913
21.726185251723365
9.705930650530487
6.265255885817197
23.840770472795697
13.459386048536858
11.203699233698076
20.442290109631468
9.268423630176066
22.87910083414884
11.696172154677758
3.169841472724766
1.1219996776720578
15.333066664015723
16.6957934740333
15.238193489583537
14.270666594059561
6.514082315503908
7.732596431614338
7.016453303384907
22.861636732431336
2.213542330873172
12.79317907365885
6.568030105389107
8.283221176918277
18.986755885862518
19.388777939479663
9.648699568106625
7.229892728324648
7.490538909360332
10.220230791353359
13.7722282098258
3.9695674313863347
11.48397437529096
20.97402444386191
4.825472215743128
15.933655553787341
5.090520989463687
6.744406288568206
13.17594775739263
4.583106806781307
16.821388759847864
15.39675204152429
4.64395064410768
12.617150119411097
10.302870757648275
9.05921658020761
8.590171317070364
14.01330745701959
15.385368825326736
4.231229972611081
11.467227466396407
10.153809886374127
15.526512497437025
13.559216451329352
7.86913228496613
6.671858776129619
6.66612498842638
19.0124453869538
6.057814516449855
4.478731818415463
3.5469052771261236
19.661767351173932
9.473952086417597
12.262893141960925
10.246361506714601
7.5014839542553
6.7138962819194665
16.504643775539396
32.36219842057801
5.047018192753465
22.859925958502433
14.311165862623346
11.934691579340058
1.9760121651908515
9.842702053485231
2.197526169076757
8.511579785992232
1.0212103591191017
10.387662400471827
15.671517931698386
12.21412818580164
18.580115026180223
13.633517587479401
12.227124691917128
24.100117900947428
10.459053697503819
12.446625193641514
12.769023875939505
8.009317553566241
11.686974080736377
7.1681662234712675
11.619502996617173
14.115394195185605
14.766192226696052
6.8384827123562015
18.39892621045908
6.013785861988822
8.471042666814363
1.8261972380211753
10.074960058569323
14.176306684173145
19.59182804003921
12.054342175160643
9.770579632545607
10.952510470151731
12.104637560158501
21.332727222897432
13.659614896750323
15.139850573946548
12.635232698734733
17.034983146930962
1.8470041800375863
8.48197683579661
3.1376848020444834
12.673715424878406
4.113994722505866
8.2060046395575
0.4815425225621999
14.077498185762364
5.087705317714192
9.56015049072812
5.1544005998451405
10.401361592698919
20.794110788587663
10.376189886739486
21.16378208641108
5.472517836198727
9.317873266556198
13.377566617683799
6.75750303973659
15.8876430125136
11.460227137001114
15.730199802367775
7.501739714282278
8.361549640207802
15.67458142932099
12.272795638815273
9.986865711762263
5.388948067594942
9.966565310075763
14.038024402486723
7.30428007351987
18.6437434129312
5.258804252927609
3.5064009020485924
13.254553288251277
12.647717721187297
12.296372085850582
11.107205732129088
13.732853327249464
8.285291524608853
17.450154593421246
8.553714120677945
9.353960245053221
15.026008369149476
5.991465806033
9.468690433908867
13.222050978771025
7.511316122589341
4.8870688663166835
20.60026973065137
17.113883486707604
7.311166626585286
1.9216888270133228
8.827554394438394
2.1185157251928786
10.351479482295128
19.593960383549923
20.570167826199516
8.979385441276753
12.706379214719966
2.1925194265081838
12.971356777451
16.804821981744823
15.514299894302836
8.408220244995807
1.613082629667529
4.909367578541682
2.7144167244221196
12.677564647785635
16.16192903537571
12.704869037125984
6.101483077107557
6.945488464295695
8.559154794990347
5.102346107110834
2.2153609227587054
7.957334759294631
15.336543283462646
15.818376449637546
15.059629039260356
8.455131042281206
18.726181756660132
3.810847624505128
5.5870170285097345
17.202716357762842
16.516025800950548
3.5972716957495696
13.753324778706414
4.247206454623984
15.654635855186347
8.934237428346318
13.044240173945415
10.283725887504028
4.65756130945727
13.589852094684751
16.642946750282732
13.503169713724539
13.641133034202158
6.166749751922149
6.835704619657996
6.4328395647326895
8.326456550692356
7.049323067646321
2.68591011612951
5.183130509297347
12.63019679112482
8.011301964654985
12.977483717631822
12.03873740448052
11.516693123511534
10.593467906021171
1.1749727834126344
4.542420216409031
14.778025653052046
5.712665289595704
3.607764336991057
4.122390891009415
4.433856675576066
8.838354640208651
6.826491546421933
9.402828137174133
5.617040496521141
12.344137958954585
9.437104276113992
8.147258626684636
11.995231685084136
6.141018347549469
3.1494988128560686
8.75574706050172
4.299087274712095
15.227702619658917
9.85994886232605
10.822771310347676
14.241649585080847
2.6884904319839613
6.1276877464043595
6.418905764709928
11.159012180678427
19.90252729458563
6.3198008097517615
2.043493631051478
11.606149972858907
12.616822909132447
10.197143054286876
3.788600403576152
4.5318389001392525
4.768086820798803
12.765754775714141
11.590989854089226
17.15423357323656
3.8393869876018103
11.496550741161839
4.24231973001296
9.405728086384297
5.206410675794665
6.615998825379527
16.23760358992351
15.594790135627909
23.129848771765367
6.23218788955048
1.4078887223352408
5.808760982294365
8.999863216467718
7.679674300025017
6.7162372174264044
9.655556848987665
0.16569035729383058
6.667248701028082
10.303205609346632
11.506453910984732
9.079667026215585
2.2762847815046987
0.6294745182903132
7.3511098438048235
4.268010077168092
9.38579745801585
4.075928194872086
10.490248797742527
16.965353124692392
2.764653467698547
8.846855834745204
1.1923749331794737
7.9401560910103
7.875965727159174
11.044100184631628
6.439517730316878
12.518245462305636
11.89764148316356
18.328557547625632
2.524874733636999
8.845046549335875
8.274694490592214
7.12774645068503
5.377333136413983
6.421656723096588
15.641815937941733
14.631811224733733
13.567137306459353
4.436160825302536
5.476524125241013
6.327818037050109
9.885706942957974
5.668438807147931
13.46022417247705
8.70209649615265
10.029195807739137
11.774542039385382
3.6560613944740195
13.990345093085466
8.317673438579337
10.14522041667049
7.554430525596909
14.947917675578912
7.096258540957023
12.348645433195927
10.48477860683443
3.3489691570750404
14.140366162210555
3.4016683910794283
7.061903261016554
12.735565932442093
14.168566332379235
8.188616797037668
1.7851659938407543
11.995741199094418
5.403883890973628
2.1641900389809994
15.568911531560524
0.5639122827226235
5.91483673851051
3.1126961625461935
5.370513336631682
17.505021653265278
6.950524370176725
5.4783342510134405
11.009106795351776
4.587404962373946
6.921904128714659
10.71053394695285
8.425514117320613
4.513754655794728
7.786500548193895
6.794828783404344
5.972945228263676
3.0181064402075113
13.428577534205271
14.245328086358487
7.419993188020068
13.47434546938638
2.649467207667422
2.01366529763789
5.133244315600027
11.114861233013926
11.88912055697433
14.263288797517404
10.155272527876273
3.837117035626825
165.656
188.98342506697702
149.3952306461942
138.75903200262445
132.0529627934975
56.68072756202612
152.9194912088972
37.074002617721916
142.1169240631274
208.91390446498627
133.39963553646584
354.48566870948014
753.6394216309455
58.59017312108154
176.00629127331428
15.052220909085579
177.86021355219236
125.01461908489465
178.1266191194173
58.636894912936874
246.9030219603198
49.181723067003716
156.89220669740052
327.0640247806014
60.92894643662822
58.25431729330835
238.06424038497104
201.7330064778488
32.575160020409335
101.5028668222759
183.31490917788082
101.1243965607651
191.50294239756082
143.2520826901321
204.98561818175455
110.81927716753768
141.22063022735992
124.07094965343803
144.45125817615354
151.9911796651986
167.04477707440935
141.86070688647547
224.13848968757247
171.3095457470444
212.1340496711606
275.85148508351443
215.88206648159667
95.96235075680057
186.6658465195125
75.17472941838108
267.0437725146348
50.12210934978339
123.17663529363891
213.89375056795683
131.08627705342036
191.06381569304477
129.54715657627858
239.2466365248724
233.87707127348517
240.46553001598429
44.96969682218743
49.13020616464221
90.30007185791625
68.65941220260711
114.44652446008072
86.90045234810489
52.77365615664531
333.2067883688684
202.65914277056868
224.89571329990088
99.3308116652011
94.31132671886317
364.0988381780528
70.06550907572631
26.58564020788079
49.767335443013074
104.82932291079989
112.42515950377721
123.79289283048125
34.78331965403064
164.12700452111991
149.27092382259556
115.18769819530097
146.61743362884286
147.38173692103624
180.931512732961
178.57525319995497
38.66462364191557
58.173760014590016
82.77622230610011
93.57630114055215
235.08752205266688
216.87703100746492
83.23734666208205
58.12400159137563
41.07763406838653
79.68310198958754
45.6430218227398
20.053858946946953
100.80118111533187
211.79228199940502
33.21618963414494
224.02134978908262
50.75520886011119
212.09110809750968
106.95007131426655
109.79340684258472
147.16366415543723
132.1620579704088
103.30986738793932
39.402033830518135
45.80396661223344
85.80264055125673
136.8682082430639
95.66828054351927
73.55998761181105
80.040340019557
50.10217498456825
45.8087837235941
126.90005997662732
46.03452687777892
62.7153767181624
96.70727822331534
30.07996328830448
103.1993548511192
89.41255076758243
86.47489719390924
107.25501767972858
47.94323759729237
127.33950982716223
174.21359962146343
105.43022114089749
79.4477687498322
57.9484508658024
67.15300026265236
115.83529326523788
31.403643094303686
80.07351415683743
71.78322718676382
34.37689312639508
29.96112617007623
42.24029364383947
19.240197175575318
50.33097403512619
71.86535824863748
43.615281721856626
61.66621175391031
64.46533041195033
17.16591182943076
60.53795683788297
59.56959845735133
18.586092734736365
51.37304994154328
20.62434447960399
61.001009217930324
55.270494941630666
75.38685284654511
30.277099883778106
29.85649144037023
5.753891073685348
41.7387655395962
30.58612949064815
100.77473183597482
29.498439305063037
24.92746270198573
29.0034879092684
55.821523069104614
49.50405702234105
21.91663258787984
49.82631571080171
42.749029271871336
53.67956949909906
26.761503071424134
31.859288781089514
75.41393616619528
42.94854084253709
45.599952261329996
14.719926824328343
9.57357599212654
16.702507807870518
58.68255010657626
51.809844498587594
22.770978877937278
55.01852411002553
33.7329966787622
27.13947695510349
64.47082762834421
12.466118922622847
45.11979027882076
30.917282232470512
19.75238260713474
6.399465946548276
50.00960744034798
34.610528038555714
70.79691325849181
15.715591030061582
21.29213786663401
21.85695843640529
55.46137962099553
28.95111540195473
34.85303136026392
30.36248115620546
34.11048000620011
8.754882876568814
27.63435203524185
12.525269515656749
46.478770255392675
9.935106120441878
49.955996698351406
23.112796725294963
31.0784412085207
14.564524450516112
38.97463825092095
13.724924364891349
45.08350467036082
29.33475138903982
20.74497025967623
54.022893056186994
7.966122929478831
27.66346520417798
27.55021355859146
14.657959207002607
17.52015495865125
4.896371310887729
30.066713344115716
11.842660830877978
11.147951801248896
46.34591924691782
35.116322819171145
19.953957055560263
17.871151422701598
33.16981287022581
28.050463869451505
14.050145487278442
27.054619823433786
9.482107193292851
27.73785684289862
7.9468822724954595
7.916817704983126
50.99193541519396
9.251581959403834
21.19882622704583
17.846464587539554
15.254588499266546
38.944868485461974
5.958652569461244
28.095330606484413
49.17938257979156
40.50652030015678
18.268580879676453
27.81221629442197
25.477638030749723
15.370557258734063
49.50973653582038
25.211376229564138
44.31739001535666
18.9579393008808
34.59900757853017
11.349279737596472
8.56355024271111
15.987556123295366
22.54228173385919
15.585532205969788
29.03013808395363
11.767513441845857
31.513072304106405
41.0217576565181
40.91202870058334
25.06409316666057
32.09612262364923
11.063925703229454
28.174575804365702
37.73426767999151
29.84214540691674
17.233854820964847
21.270337579839882
27.559804826958953
8.188230797429389
6.630185047266997
4.603084146161443
30.774222269605914
40.15714972713336
19.691704493077115
26.326377118632315
11.550830293985642
18.62917891554747
20.873331814021444
33.68954618181692
33.13084387020752
12.738488334156742
34.9907975070931
15.605957093640408
39.26881824676469
22.165292196628354
22.501830311587785
24.08266304659979
18.52590488061098
47.91439401671269
40.823956504595316
12.22468241577387
42.23205215999686
28.123536391831095
42.222093993902924
26.08493031812837
18.84547001373535
17.55089624699616
16.83342629463155
20.25549069891253
11.953771142473526
19.313408403473595
17.98473817542649
8.070844361362298
27.059432186014078
65.60471185669283
15.360309488453973
34.705610831604965
32.72187990346831
29.395664177694915
10.158476019944716
31.60442978429579
10.186425692246214
20.482289351681818
22.113686791825742
24.70773691138662
51.79924009551982
24.151392590480377
9.815602351292483
7.170619425550097
15.687494081788513
16.533339729926073
31.815824629065574
16.621515382843075
12.655094997636485
17.488827034724565
34.94382198819779
49.46976105670711
9.168742438745632
8.635614559135538
19.119914346335868
3.0302226867123934
51.13363873451293
36.0101553872693
1.8683797424348607
17.31407979752886
35.75102532288081
20.795895957436805
35.47142752361367
21.888869694476263
21.577015561727883
38.493248898332595
48.88534710822956
36.85773526444395
24.46975134988994
36.54253979767348
10.520748255982578
10.712539813800648
12.701465926120337
9.243984671551207
2.3886397455640167
29.829305596675923
29.6011797459853
21.27964037525299
13.242405089110887
24.13649507521744
70.31467835595672
15.05663529755483
26.191571110795177
10.82268437920292
25.448448949739312
35.01402116247837
10.922091545726527
2.745694915303705
7.202009589879531
43.02912767186555
13.393361901317299
12.687936069181939
14.370050242905576
20.904258118460096
39.17832053256187
15.354306103566763
14.080689336793359
25.86361518302317
27.34625959359537
12.282244288146478
18.03527814110285
23.31055071517045
31.0433428633517
25.24032120307068
15.153901093559632
31.998209442640743
31.314367960155426
29.03742323590235
18.423765615501907
15.034434974908065
24.42121892867692
11.893684781064719
22.179993483587012
14.859035255519334
17.359985388146857
10.861082363194834
33.180938191595125
19.09692993909813
18.27875539246054
10.6050612790148
2.5281275001444308
20.268374735380075
10.340469086410332
19.938377298050494
18.280146993813215
26.76340972991276
22.326345573200904
16.29982625621755
19.393451421621485
10.753296948994121
17.218327504834573
16.805997523745507
10.975874770124362
16.09419431203973
4.9736432066839
15.886387193666625
32.77118943011123
36.21834818275061
21.081671467919985
8.38539918309106
26.16537036394599
6.119166854141267
16.085069230687697
26.806870113568646
12.926114535500005
5.339465701451174
11.221690329546655
33.90171168498837
18.557015941039438
38.00666527187027
25.663597222515037
12.18465354708678
26.011130757418165
26.72205088291739
20.289273786560322
10.972592395997788
19.773266576502774
9.147565282176906
3.450314401906631
5.344119687376269
14.989436177924524
25.92000767641598
13.049547275522032
42.50719171041724
20.99834257988487
17.65886001144921
25.221690399618982
14.283084341567028
19.5665518546017
21.021558006643957
30.509951038836203
25.313172413978553
35.185606398822756
8.254168790791805
7.4496871176126405
13.146057864128311
36.18909815235441
19.016888184532167
10.14696811129448
17.29296730118599
10.589831462784973
9.789308864732718
19.384265764165953
8.483327779337138
3.689612750903532
38.105391926891
9.790214503533853
8.749356019552506
29.339812891033443
15.0094766708237
11.509287267318511
21.2333589892777
13.526182479458054
19.320585324957968
12.572466606903554
5.511485955086056
12.43068720412152
21.127823982651122
26.64035332679869
21.640837887556028
14.928675267683813
10.830911640240188
0.8987462635447028
8.536019916110607
19.709231396672617
18.862656518169537
17.29982895337971
31.45500756552841
16.71044940231455
3.4976447492697265
18.87940255863026
11.16043062212642
17.14454542798953
12.384853849979342
18.605360696111
33.21422098113504
22.64589600975624
8.774334553075901
17.820241726479907
20.631370840188577
20.624361991432128
29.02737849406117
16.35625002287618
11.994148098326866
8.213255027873164
8.80310372673778
14.536018069759493
23.800610461573214
7.63974664775851
18.206623486171146
19.916794619187204
10.101420955700831
12.782213408001212
16.83031219691369
26.628230052100754
1.9385518031649065
13.505917192780938
13.290594098897891
24.602790788518828
14.302326193178043
12.485565192147408
12.159123145878002
20.896544029192004
14.766690522467975
27.823255966720634
19.563599168473974
3.234678652568565
14.31573726208501
11.230867535466526
22.50252520081984
21.253076848225678
30.28998728386805
19.205579608706923
10.916074790535346
23.45302464655297
13.654355261829771
24.383411024421854
11.128300745430089
17.74289939728543
25.286238327334587
18.96532884583782
19.765741145018968
11.333249779000242
4.248969253043228
22.443954775284052
15.881431743681567
15.479219722765636
20.24824487399433
11.676815631534765
4.164751434159817
10.962758216132208
15.601047999163656
18.009815164112545
23.709710753870276
28.31067876531597
23.592852255646957
9.727683806739721
6.5570179233944375
7.210832893286768
19.1739360643042
25.631098390165242
25.6044594125389
30.332585262730664
34.923065554561866
5.948343623580487
14.30242270639271
18.313664625231436
22.737364991072283
40.07775367911683
30.443710130009762
33.93197600378514
10.124245674209185
15.546390106992206
20.44005813660694
19.88632762270786
2.497480712281115
11.819059737777016
15.137052124768797
20.041773193915724
12.402107313133634
11.768432216582385
13.709702980322737
2.3062299645402455
8.07413686125042
12.085536306183547
3.6264412683621607
31.631562112201003
4.187173677999483
9.186958313321764
2.4489044082130866
20.984924206995892
18.94836774121299
10.687846949682072
19.35683213065427
12.143273203958167
19.445504781408694
7.1912740248244145
9.35455255644335
12.548445555697946
11.696205832058236
16.13655719878715
15.934624640373066
15.622479942651578
4.116380681345765
9.311416636541814
18.65049617863691
2.4664210986453603
3.836890988883446
19.33639774803328
16.934197051002688
15.031408710809997
11.659582055205806
12.467208909614405
9.789993371804691
4.504415691920282
5.572896961311708
10.075663219484563
14.446070964829804
20.198801976554638
23.445342956265225
12.877497822163129
15.06280901969062
2.1355314038752558
13.620033706894002
21.653350112207622
16.40800154495875
2.9691493971629987
13.450819349546721
8.788790687425061
11.968195413536762
21.45464361785779
7.730876762306845
1.2648762002516845
26.658370013962053
8.361311484804796
11.624290809480682
23.425177205173227
23.03702884740385
16.807342278575057
26.480385146588944
15.729308899111757
10.327212171705757
11.0943098041262
31.18898664601543
19.615355739449384
28.81520818604815
19.25920972182637
12.392165915281721
20.29752972925938
4.1632192026637425
17.380084336028286
4.67306138101893
21.265822250473786
4.319499754384007
19.707925376622157
7.128844860169035
17.749129947477016
1.0284467022858805
12.370687680211063
3.8971226459632557
1.7403345457557908
15.262851354807678
10.186458108284299
10.422226555527939
2.115316149345405
11.131391306541564
8.334396566330707
7.221694687402429
15.658537868871884
17.77994532485343
3.8484492627908753
17.273761677614097
17.205822487929286
10.780229536079405
5.923438370558943
3.4265860056510458
7.712691880004703
14.472863592724408
2.0862731708101845
8.792452436859895
11.2815439392866
13.455228603247754
7.489192268767053
4.264686735095051
2.993376285845013
12.712665558601222
17.86600350072116
18.76539104014655
6.319770324796015
17.876784555940887
10.650616170251514
8.799113105498762
9.400817482334995
11.733293628893586
18.624297462558268
5.634705069158891
14.56660855323109
8.471042445901057
24.325746181581497
8.73110748359276
17.88565286178009
7.130167242190376
13.200166858019372
10.022734699846417
5.812557449352738
0.19129158181387293
1.6363615119208097
7.53191951826034
9.379191382018387
15.108894177554125
5.831513662170376
3.631992205421912
6.869236631223514
12.237523930016241
3.105755804115931
5.0789254144689995
13.186261033636555
13.874842198302655
7.44076120852906
9.043920687362297
4.478220041042976
5.871935468611171
14.61886506417349
4.939320465971344
12.174044039571081
3.2342667265024474
14.690253542050664
20.159118372957348
13.089186033673926
5.082659703655861
1.5569338803719364
9.365832337289374
10.396080834047956
18.74996769611816
7.143891744841189
13.94401936151015
9.518817269715333
11.524846747489557
14.926523998919958
3.5839623450825315
7.9487969216058145
6.715927378716395
12.868878190578195
12.455091248522454
9.610321489245916
8.21495695048499
12.845267108450846
7.967602312421706
8.13797031635061
11.326619714038852
8.926842389411425
17.639063792507546
14.186488077890386
3.6184436106165254
7.211216095273977
4.40739135917084
11.628151429510773
1.2191849957541196
10.001556661507648
7.354469603183706
24.30053456407503
12.318889601696322
7.72693193945923
12.444866590913344
16.700964462003284
18.263263077489093
9.105735432025229
17.182124800808904
2.3540092823725614
6.021546989916802
7.0282817240951
20.63258933208221
2.754364260958286
8.514732483527624
3.223094689326541
1.9798783928343997
12.153911270945718
7.38788320111617
6.887403251515581
5.816368724213336
2.8131891995541713
7.762767729871868
12.840352413997746
3.629615582336752
10.647287512123981
1.3558633132265372
7.060794688620868
13.06935376692035
7.482291067127096
2.989748139055834
10.340770475596072
1.8602828735907213
12.346906910904812
4.196470130986326
14.28936441637094
12.44387422604717
6.987992856846236
11.236133119341128
19.504476787302654
10.71138749880892
17.482159030245818
7.7461441696650715
5.659899458951525
9.714001767926572
4.218247667786836
2.767736734440487
9.550428947262319
15.348606054850617
3.261983191241517
16.193450122573118
8.33955171343238
5.045737999137904
9.957328217210668
11.105603759432407
10.606286966733817
1.4910117086387618
4.413077097644862
4.749975586441713
7.5420735790062405
8.41998775104266
8.787188624534473
7.996988458602142
9.93258924998388
2.63394142240317
8.968803759880556
12.626096764132608
17.068231026713498
2.227841512788369
10.18745141721737
3.842966211058995
12.393126908545907
12.572929363392522
6.208026263288478
15.654541978162083
5.031656013155329
2.298095953618353
5.684094342952339
6.5815213885783
7.729157886599173
10.84758798662534
6.634295135669997
11.687722038360544
7.760887239432679
6.113000334816641
12.368066245903297
3.7140398971188033
15.3882468258183
10.620112686603537
8.32783297177515
14.459798843647176
8.884477490952142
4.893548968905684
3.2396171894392665
12.820964125077468
3.5367517352587363
3.8658832222331703
7.196016899069879
4.202889051175178
14.908250939285457
12.520145594196736
13.529178093113119
6.922104466055059
7.363109322467014
5.573512128064251
10.210258517818295
18.99261847285782
8.803493967618282
7.319236836446287
6.650994716203868
11.7677018308903
7.366540294584885
1.6301385334890428
7.04891082587651
2.4790621158132735
5.428285159288936
7.297267018877568
7.963627648640364
7.293325151806761
8.2144910831327
7.883758673554357
1.2609639666895973
0.5766821910617985
12.109921775534316
13.549280322248116
4.348677671365873
6.538536624228671
8.724339258128602
7.502581765105398
5.6990489404962235
13.187382793334686
8.587990521543004
14.74890082250569
6.377901714702318
5.157265775709336
7.298016362335474
6.762933988104937
3.5342031607451183
4.382797030184961
11.061978204317919
6.517228100178702
15.08957755450999
8.181020257678371
11.033523517236711
11.474540040110433
7.3280647295017705
9.57663610017071
9.493141592396821
1.542511042026984
1.2747591761886166
6.715121124461581
12.272973427121022
0.8744370849677673
0.841315923575849
10.001718873727334
0.7827408321418878
7.274715118428762
1.9442921064946503
10.34615808262851
10.232967135642697
4.356340357182426
0.8833884298207139
5.599538299203789
9.550045759940097
8.920901836018086
6.965958444536983
5.50759781830509
8.425784987518055
10.462518209502512
9.423228621169166
5.495787538072152
5.374472729043279
3.8815775161140733
3.768976304581771
15.771054447701964
5.170773181838888
5.206646039126432
7.0104068342899195
11.100195674595993
11.405784951766874
5.272255923688276
6.852477495441416
5.4866186189019
6.616973786475402
6.9692017729256515
10.104940711572919
10.36342177755399
11.595444940507734
5.818834842071304
13.612200943354589
11.087016629437159
0.5288057543958959
1.5902462373359647
7.405118816905917
8.088416419817799
5.323198901949338
2.8619744631006467
6.351401658127829
4.779522474652372
1.4699794765372853
2.3194822321946718
5.245584909240712
3.23772391068048
10.387048124426375
6.930039311719144
9.595569302595758
5.591636493060145
6.906767464133317
11.133541418893564
8.644475599144997
1.2876475870566768
8.289658995113498
8.289401700693563
3.7883914427185412
4.733856827685903
4.813172867436852
8.903705638188674
10.261768310125847
7.077084897459374
5.346069996813528
3.6915252123821687
16.735534010142413
6.931065217528361
10.88764072886822
15.035178859741631
4.246026402891281
3.6621619299097476
17.56616428584314
6.376315948864907
5.414980019736562
14.938291755632475
12.612337211423778
6.139678307998716
6.1394411764900125
5.144670861797834
4.871992065544753
7.666949786206189
