225.44740000000002
35.51214783183014
47.45275015058023
84.8723880896316
60.93605463939984
70.72744944040022
47.65496280108217
190.667221188032
210.12474496444062
1085.3546596859023
296.2995061221805
104.58558264625741
63.587626199335105
137.3832459335388
63.93999790236744
169.27906365307564
229.52838124685272
298.96419681594466
808.4573017219046
31.19013065840284
58.62088083616338
147.74338101705646
126.27247787962025
57.39833872688977
147.33966420623943
41.65711017107047
11.402939181583486
77.82838833678254
300.3295568846928
164.90650343058257
156.78743361796919
104.15586019300666
202.2483740066964
32.885341351415335
307.4709170483335
19.273455997710347
299.15958459137715
153.99649464774495
244.93178618793337
210.13710640932604
413.2583768538059
271.1193904034681
62.682539452719034
134.14445616731305
132.67439414775546
97.074748194738
179.81777968015834
144.30544158482945
190.37998342782677
202.97610381171032
312.9067800686008
367.8392543492269
123.95610775483932
391.32763678022735
124.19581679554842
42.30696941985802
129.18323216670638
60.09577552063296
203.84856221588547
159.01815913817873
139.09351089846214
269.0985602918547
198.3124504737137
282.1004655617794
184.20854547838604
66.11117392985021
185.50175449559708
163.26177886595764
156.10509510377818
188.01901003406437
181.80293682302172
261.45102174902905
210.36072895494436
215.66428121392386
178.51826601239873
107.69061348556802
214.4658726506493
118.07329821694039
95.55531545008287
211.98342745965095
92.10508781865387
141.6314928550945
227.56204349128222
216.33584371304124
133.78423567948997
173.83557700285613
153.4095563897793
15.679379765867099
87.37814813810525
300.42995903079236
205.69050928479427
23.134263020833256
20.85648482701592
153.38561688460766
40.75545172465327
74.10759693314695
41.15098637693113
85.31925622302728
148.3004758311629
89.67663013745106
225.55539746404529
111.99388418355211
72.11182074735605
125.13061205821468
137.9242993801769
223.6299813761412
59.44606033402022
59.64363052531249
81.43133949197123
30.322820342122032
36.33891362102975
62.28787488576782
85.10852998275858
62.13243822400912
129.59427024004208
83.95791565426535
106.15354457198234
75.01425413805129
23.242041812828713
92.91195570062865
145.75630998591117
108.6829501101985
13.8016939885309
128.0444816476458
52.21805243661514
103.50804456260406
60.74904075659858
42.57385826909215
57.33314911674985
5.615756597771011
116.90385532036915
84.38294948607776
25.27668472824182
49.476774282705904
15.741551887623464
96.97079749029778
61.23028869889555
24.724402198128928
113.78923382647602
63.82804821287654
31.227169366570863
38.22674503440452
66.78285969783633
65.23240402614019
34.57813406368237
61.689957753983535
76.84481477850397
39.44699695427828
65.67299488806738
43.55337423282257
42.609504462707584
69.33251056516228
33.81847472785001
64.60115266824246
67.45609048118783
25.846155774717037
70.74983645489884
22.62408687266308
57.22548247305641
23.738685481732052
116.06042909865658
41.841540891904465
57.624332789719986
47.84877013669313
40.519086934754306
23.091464344468786
54.15485993653584
13.153997733769359
68.5438159972949
34.09222003338555
29.775996201946263
37.41407871969651
32.77976055413689
34.31960784289684
56.76959102292607
34.69406273847356
46.4562647588513
57.25016885989346
52.40739585758431
15.727017632931936
21.163136199491376
48.60985936543052
31.37079213092022
64.39040893735539
15.374030379798276
71.04358178255465
37.955882728722806
38.70448655381051
13.020350243375116
12.105167745987925
61.61237075678547
41.181014110594205
47.01736603546373
2.2326610494949017
57.982772892000945
30.727310892261965
26.831460971579343
41.8487101340708
51.95093408633035
32.79552053351923
125.01151931954384
36.83349101761205
35.14452592046627
26.55774654218396
37.52556504808669
44.90865473576727
66.64194485669297
64.63315173026196
19.04009471765136
32.554236072200105
40.83622814022899
57.71990665798016
9.014215190469654
16.955172432641074
26.20884311594442
17.081305280517704
37.58908957250688
8.090599518672423
14.874517129021694
32.103072631551896
28.282640160805112
17.249108593030076
55.24420917401593
20.049299813087334
63.908782216543855
39.989770908339274
31.452990044567873
42.695534032888915
35.856506056915215
18.42828144254241
30.7925388461948
32.177990923642575
30.799594689486586
28.737861044854235
31.905336292152775
26.72266113782094
43.15811509855429
8.505456246571741
24.893030153497424
21.40082352780283
11.075045262457362
12.649826641181889
59.180997789927126
9.746945408388742
18.417993007508432
17.32669875643598
51.93966439607227
28.747113479064886
13.61341943570809
24.37308573138637
22.03082717638819
26.696217742828217
22.76122301716764
31.4795967812051
17.85150775781093
28.16595993612462
16.05411006839804
26.04684934356867
35.28493929960551
14.210310960886336
19.42118375649483
10.59820135454528
16.407821717136848
13.02831554369228
21.82519462409818
7.345945606445259
14.482455548424216
27.238795910703413
20.51246194949313
14.61139121968609
14.699887508921675
11.353733510748265
35.42383461246115
20.472988816421438
15.974764292240943
22.775961773156425
20.209671598921236
14.156786331908666
37.981501560838545
19.726031847875785
34.28331479144665
28.95856421643507
15.64989730504973
13.772690575125973
30.231598837887148
7.8597749407661475
8.926957864091568
50.15994052545126
26.634578936974272
9.092607671237037
20.865150167766302
16.264881181072678
30.572927547164024
24.889670549042823
27.39868531774486
23.869906395745502
25.78443670245673
15.562778563290395
42.99166010752125
24.90040881525609
65.73676179899616
10.358609621096127
55.75456123617468
4.807116387673329
16.448112537395176
32.23326204314942
24.23496126556976
26.58847844476043
28.086498517943664
19.72635105228729
16.222009351120874
26.923165786944942
35.14788125567971
22.842776655582973
13.864456846037113
7.8086505448734735
11.123434921519396
6.9898218320102945
8.164149853159289
12.902793502132269
34.037548238902964
25.846347985796026
19.73235409154176
9.956959160389529
22.036261048188226
9.927986464025697
31.51638842077558
19.76205772376736
41.27431815946668
28.771604060849544
23.723172757079144
41.195517238096386
24.585056925000192
11.503952594105485
12.751516352837283
26.446544092153395
35.05670842991909
24.35962379763358
23.20054766383029
20.31152927549222
31.846921682336166
35.83246652922555
10.492375193544493
6.190823663201089
5.142818874618112
34.35835606576743
24.79173802985142
14.968102025174808
18.976719708584536
21.252543285239806
27.850240583693306
18.83283979982514
4.592848646268814
23.717245999710627
16.761511269138207
24.642142776547093
3.879767020400006
16.154736628210404
40.71788225891641
35.631520090481146
8.24439629767122
8.057079433175629
5.7170659086315005
5.2715697354880415
9.048097076861408
18.100641249625696
18.925006003761062
16.552627542079918
14.110551053130004
12.72973730865654
23.508246146536816
23.879643753792756
6.849361126375205
12.931406456557262
33.88635585542706
8.15254958536693
14.194643609736715
33.8453539070845
8.185240639563245
30.20727167879056
44.42175430870176
26.871404747402153
39.935912844972
32.374776736432445
7.525172338064469
9.775251535267296
5.577971135026987
18.67871278324873
20.767345799245962
16.94696746137349
22.778470131214664
17.427651457052413
21.39733335344516
13.085864967416333
5.004890304526973
17.413344003862044
27.43418991805502
23.468493658745402
11.25473163309799
2.385675595307861
22.238956342352143
17.88703138498625
13.315745280106688
28.02679709925332
2.739434538781496
33.345203168542746
13.899141570955198
5.009564066166929
25.97845178709515
12.754057876192508
21.789847237478355
9.59494649321173
26.922601723119314
29.864367530898242
16.52531159531089
4.167131267965217
13.253374683218375
12.630810436901836
29.160218538999878
9.212785645032918
21.33063603404411
14.064757459710366
12.551498147150287
14.742841213239855
11.894673410796576
12.020681934590833
29.718775386203518
21.312805388081756
27.336686434499107
4.999353818508351
18.836391707309804
9.042516362877864
13.71165534921031
14.202052803993864
3.9031698957052994
45.109583872000144
7.247556747145829
7.772320286856472
24.035957227365373
17.267537248990358
8.655815910403906
1.3895187882348274
15.466233712893862
6.607726560907383
17.249327188955256
19.936411303574246
15.00499921198301
21.362533239213196
20.973554009651483
12.158108969015826
5.561173502291837
7.059148843438806
11.656775710126492
5.539840742294214
31.098307396021873
25.518299092373017
8.223459310108808
9.227648174954616
5.982493997595653
14.529657743463899
9.924147551400408
16.174292720019576
11.06946884100747
14.236494889249704
8.005082006817117
9.885567108595202
8.158065598181333
21.894146848924354
14.77063679626073
34.45013505484368
19.076948084754672
15.351204452253107
7.5574590624588565
11.236361201166003
18.847379165992134
10.79251369315707
18.253702521593933
14.283271322846216
17.58203316223542
19.211931332976544
16.50280795578685
16.78756837498717
10.865123957634404
27.275331701976004
21.641107097694437
18.029067857737733
23.909270471927286
30.95400327398111
2.4312283038479494
19.666555080210163
11.980585759809099
15.955100757930905
12.493002371370888
23.773103024936635
23.85461420613508
8.973414566521443
13.791935848153852
22.52861381921364
25.248334165654022
6.594416944423015
30.528707123421675
17.931195521108705
16.00568842932798
14.216364094994312
15.133860474180215
9.799564917177396
15.07610786652342
9.14432073414422
19.32838623149922
14.723588377473106
3.5161579355945527
5.517397555787968
14.955741847843834
19.3748497993377
16.799170500893283
13.126790297489416
14.02331984014666
1.5138196246191478
9.315894058018618
9.766706973786802
16.84944561019781
7.029052788165956
11.969666195692726
5.861330050318992
3.760373293382611
4.905611383896513
14.756079854022923
16.557181641431637
14.688971417763382
10.384794308939162
8.043481992598926
13.00411907870589
21.63716428595896
5.670322573204594
2.2998309931033165
8.356509198602726
9.798728442234733
12.809739684409386
1.6756847467316764
17.797545025912843
12.84335199208555
2.9061097932879467
16.00221953762631
21.330750847945364
8.346787856958883
5.780095466669406
22.101268678355876
16.921763849462565
10.100156380382023
14.827610224019766
13.903516510735555
14.095235925267792
20.05931682355252
18.93368560523742
19.439227177068286
4.607876838940706
19.9487498336949
13.68497505308941
16.505636822219376
17.424767996062254
2.2811551358549176
12.67951145533116
19.449914012292464
23.746747731604227
2.461466746819633
10.603096159010141
8.897826453620299
11.460074216717535
4.245042859918315
10.656549459081306
15.322864047084854
27.75398843384418
34.060640911711104
35.84033995361724
27.114068260494975
18.238055671654866
9.829362471318564
17.141605392981017
15.829454824879535
16.227282191566246
11.966067166908255
12.805560934214828
9.145549818926012
4.689753169391677
16.11741008648804
33.28249937249348
10.57890817781574
13.130541254408087
13.136442877613522
31.185470515488902
19.3249534641562
23.020331683696245
26.917711085291597
22.31186049884755
25.86716026629956
5.070386246700142
13.703160027383126
16.701361119666835
11.481597300605731
18.156455452737767
18.61877898427161
16.95602076293164
15.866733716789582
18.07432256836465
17.80877582791382
10.466527289597835
6.685001960697646
23.3081917950958
7.452785240295654
35.20355133903688
8.793803471300786
18.473821603896344
11.708239966509318
19.954682432945997
29.70196826134019
18.671878439466703
15.035805753745526
2.2204258988598293
11.255000999243164
8.287444924318656
18.730696791786084
27.724550605045483
17.04417280790938
16.007369938093646
2.1264365435595938
15.55014074368806
9.181194963492272
32.994374598131614
20.71687862036899
8.12198665834513
12.518450222801647
15.701497976568227
8.08537126003023
16.66883937378818
11.594724595226676
9.55525620685842
24.506047432186897
11.348676264076587
7.999332301227411
10.802302771212144
14.228707787112603
6.849692684348009
15.066004900257152
9.046890915876313
6.677843602132649
12.034672839319462
11.384581223738452
12.404005299989725
12.183807523211684
6.188801132024173
8.741300244028398
10.843382672618088
6.019011526156151
3.152701389337697
14.793683662330793
4.075627082009789
12.583896166080638
9.21051854249742
6.997936992383225
18.876583797618316
20.08560268316955
11.093703008703903
10.57616434196279
8.293083010872255
2.55204304451826
5.151377229713006
8.324399450933052
17.39942759733965
2.5416820522652355
15.319807925920186
2.9552277568384477
3.903215257068621
7.898797111929137
6.647624330106868
5.73675055657821
5.032939362060233
6.910046095074872
19.12943352184368
8.454136848281172
4.846076757765056
6.235079590518176
4.221394440079964
11.313928246053887
11.129605885136318
16.228397185542697
12.483335003209522
6.315091252963779
19.902449688560786
11.87284639442515
13.934908404561146
7.31691132921337
6.723949573706139
10.034615337340048
14.811681033667782
9.095628602076255
13.76691184953097
9.41099709473949
10.552905795046826
7.084534814329665
1.8265432935285588
18.986224448279646
29.158920703085005
17.65484540764273
15.455907323728628
9.635648844066601
8.75657743170804
12.765063551536441
9.72735042560183
18.311352267252055
7.48516029310127
10.571828691957146
0.15156078184755636
6.7534445230408
7.210458171040781
6.276465619902745
6.380384217007891
11.072022019082448
2.628759275309644
15.872324550755476
5.675798496562522
20.93757537865596
3.606812215660711
7.346588044973858
10.112927329920764
8.333501394494016
2.187496101068991
3.7484786801285908
9.386932350684502
6.89404744810102
4.367265990763251
6.787323533237191
6.460846461854806
21.443686978674855
4.80967002190843
5.184122451262552
7.046262907943813
10.23083291948795
6.116042716927066
16.217303573570046
12.491496893765563
7.916167776415575
4.04357991649112
6.9058024672834115
1.8524682517116244
11.128330084995222
5.029507112013491
5.3847369610413836
12.49706309074695
7.09819652836041
0.5522636039055587
12.383347886801593
11.084053652432292
7.03642219073011
9.445298198265101
1.971465686432686
11.945668827226811
17.57814527395714
9.673978833892615
8.460962164351205
11.667199643184404
20.015501334175887
9.095333149578014
6.942965864027078
8.871648840461742
5.610712825555607
4.072744379552557
6.991196703157845
1.9995432063868208
6.383811499286072
7.420458303523671
11.72986799371277
10.934544544518847
4.8445327794918365
7.338358739125025
1.8090152757908182
8.518342169707113
3.3285967282382587
14.355087035191673
9.386136723627857
5.012192117475959
11.664115558936205
5.699088065513416
6.085379726911069
3.9604732178692412
6.061630567645228
7.1367958336721005
4.169023357814047
10.381384337378377
13.57917974810877
9.00768167750384
12.145316551323255
7.3738223833165115
14.133726480666871
12.920355828521897
10.880973762862611
1.7235134092863404
8.958174024485173
4.234976240310475
15.292751651057472
11.957733083580338
6.325179863613962
3.8878416309490786
5.570561848121935
10.498485243679323
4.633788542443227
5.212581286423311
7.135093580425734
11.293058462847165
3.7115900954731385
6.697198243706884
3.3803684656422814
8.035309252973121
6.3656783896781794
6.0607152700498945
2.489561022741545
10.103310801149268
5.989841549391344
3.3783166438788093
6.662539771729193
11.646688665950931
11.221754807423425
4.613963064609341
13.212944680273806
4.510339635129889
3.0343635134631284
4.147243339729062
2.715352095672471
3.587466808985191
4.320396503466458
10.135960551445615
11.970204810139876
7.601884055384558
11.97334238997937
5.971360491046431
9.368253979283036
10.73433338960983
8.091385466908514
4.749487743178322
7.806970738717705
11.610702776557696
3.006760238332669
10.453875689089202
7.103466997477653
12.018153499616796
2.393806469950538
5.701480698624833
11.031649761095425
4.593321123796027
4.731083709600703
11.658566130375325
2.9609856318877847
18.659689917559565
2.218937304000189
3.139834515385568
1.2425210931975539
5.621900252171971
7.371309216399921
6.570662904657341
0.6360071439183003
5.676643851123003
15.208741358726673
7.452478825042414
3.568305065064902
8.086925203975618
2.3446302943163078
5.16185374018877
3.601985346094708
6.651559903413403
2.9438158769912133
2.261897685005925
6.145970404413246
1.5286443275897874
7.800337633173599
11.660885299165985
4.130792114431899
4.980252435764542
5.759368004489483
5.397890690403599
3.201973806794717
5.7451954220346515
3.1356968417662134
9.156174371903067
17.584620975491926
8.239496362203315
5.64602324865176
10.814044053291667
14.897147077292116
4.872078367035982
6.640635888431017
6.707051910281299
0.6818367054203263
14.851493605263308
13.368677061238204
7.111142885307295
6.867272437478846
6.738562783440602
8.39134565774918
6.617304135475402
7.190414126582146
6.215968838532096
20.404389098087115
6.935236695883501
9.65677173890577
13.539285651967994
5.1263665621048595
7.1270448619892655
12.512022637791489
6.301672390140229
7.062431857692062
5.298082942551091
10.317600325229543
9.349746230287302
3.048452048043792
2.8687984967858124
3.784765420781254
3.381813974248343
1.2348046843686868
5.320299856632497
7.354854997227553
2.760979228580075
4.176214615399824
1.3000376353393477
13.721709698800355
10.734877387242145
4.179546059670684
10.90129613858622
6.572994005264819
6.054305903768257
11.408634164526157
6.548147138603445
10.975168394809977
9.959640974634743
8.41631955632455
2.2273735052698127
7.099010240272963
10.936572159816558
3.69731936104081
7.0224671370511755
6.198237453237682
6.9803886667512565
8.316856940172356
3.9738942387210425
3.0612904715067333
12.704375360160881
8.549909592088
7.68323328657299
6.003248328543232
6.500330500944448
3.0352362202579792
11.45017507486286
2.0656983681674834
3.596572055165045
11.070159593452837
6.3777087815880575
5.69225145953339
3.546624389009424
5.794285166422072
7.698341962433095
2.9647649819438406
3.8903167593974284
1.987222528195567
1.8958291393589204
6.6226667557592505
5.325146507470965
5.415954485434682
4.602097390666655
8.853957824623482
6.754333869083235
15.244004471987614
5.783052356480082
4.107426645940512
4.004135868934105
6.139353096636851
11.12879088429554
12.541349416698953
5.008495680692967
7.478501256880721
6.782780274685142
6.294212279991434
6.545320261059422
6.412176770051201
1.8452645780606356
3.30652849895376
8.721155664507048
9.619090883096854
2.183502841408515
11.845243654706298
9.610178601138843
1.4772321673784197
5.521716020225403
8.61932081249912
3.5640479733870287
4.943470109974236
3.800806429987459
0.9239639550431962
14.423129053776854
9.332204645083031
3.356394349025615
9.71885460961176
7.256659883961937
242.01069999999999
22.917990078867692
53.12743700598167
42.650967818427105
43.201829389395684
25.173779314689035
46.0781191305718
87.50419940396657
27.8101940562711
672.0038963216562
51.068408879632436
75.11451718747799
138.13907031079722
125.1842841423951
38.35143637256966
41.4785708745132
113.51265496654479
71.41880198882626
612.3923647331123
231.04475436827948
85.25940177200512
253.78828552469685
72.31684524379035
62.509030673395834
199.9102658532212
236.13982211158967
79.50573857835141
213.24246334352028
145.43215495545732
103.90644678284387
213.09236140889428
52.285628603057646
118.87815124448828
52.40821791647524
193.8502389423258
461.1418962948248
80.27640562820679
286.3003291610774
109.73192918366748
108.42219757054282
124.01381916055425
184.94793043164205
220.7615853154533
384.7034360063319
205.06293177878658
154.7860757818901
123.2839098376892
125.06063507854678
76.51274213968216
205.2159813482799
260.95203698665665
195.7022318516377
133.16209447505608
391.9997112052951
91.86865803754381
332.1850540159164
174.94789515610063
177.2657801343808
88.8698381605553
272.569922206591
176.0739995453173
129.78436372419316
92.83880396212564
43.8480817637191
272.85138252280126
224.39564507529133
97.08764091660063
93.31180944876631
92.88631686541152
327.8387028254652
67.62216058835506
144.9385423014774
42.69156489411304
127.5494287351758
21.638421038358743
148.93681413007482
22.708156676746448
246.69205130013557
174.75043753695945
78.79707244548283
71.88098434681089
85.86502428216816
107.80810938864242
139.03810625761975
50.60238649846737
27.327151781385204
142.0020909393449
204.98750185350266
198.45894570636736
98.23364331875501
108.30687258152898
67.9340740209168
77.51164288776299
30.19161111491114
41.088412538317336
233.1520000669231
222.9904101087247
72.45546526633046
76.99561440273173
20.040344089783158
249.21949472284803
81.51408223737266
157.65634424959148
52.228038165176166
96.73734173059498
130.88752926251271
48.78925359164134
20.008861750720918
129.47465347171448
86.06302393523386
48.635714436462926
159.61214234025744
37.48235344531731
93.43652273218204
46.38882827599944
43.91632587361856
45.31651013261656
53.84235469269351
28.331527297399017
156.23397524560303
37.818957892702755
45.666988200778874
137.38668655715787
94.94753845124143
65.33027004426185
71.5018122037671
81.08102572509043
123.86867547491525
25.14459758750174
64.48107787179536
5.920406963545351
32.941724839208206
43.657500338173044
64.88133080098619
6.355039783198242
54.98691647067597
30.988718642551945
18.363834922436222
88.30117255636625
89.48017350553708
69.11855290140092
87.01872049194029
52.36143801836289
15.05422435864297
37.65805006903359
43.650128258816835
17.769891605271667
102.00347878673725
22.980346114142034
44.61738212216138
5.571446036707593
57.47940808932214
50.504081741648655
55.47643935803834
39.337659468634776
26.426490906502767
37.558249891111544
85.48036407378285
20.78157336678357
39.32281460158568
34.648302711827796
30.709189751056954
41.41398741387072
14.365898334151233
16.838036081611172
19.621586706836514
57.69802155276775
27.046159453268803
59.862336790729714
20.69336189275605
44.7151833727715
7.616604898559642
25.356060789946774
12.457285840046952
19.631522561775224
24.673025522679644
0.9701668411477326
83.05099171056852
34.51120280090518
6.467540907616003
56.58651326900487
31.83416929629841
36.6172292266929
77.63040439875472
40.701473532162844
78.44469672548746
42.45554988074552
51.54007334566366
39.83339781065475
25.583630938732195
41.679653392368884
39.15316754655885
28.89458904925134
40.35004724680279
20.340424943531044
61.67883650571574
43.45100391817216
45.975309217425476
28.658874953177346
27.927377636178445
113.85374642470308
35.54458296485315
14.618470909046227
19.304544806764596
21.146843133252403
25.292533796215714
11.719715728343012
26.966756869595667
10.159141793307942
51.98410094686013
39.375660580387326
39.23412244025065
45.68710835040823
29.875988448349492
8.528998512462858
26.19309556926521
23.018691387583942
34.19468667246152
16.9098795771471
21.206895762205114
39.61366905290783
60.401481148120546
17.368999713865282
13.45448994256235
11.37894092712688
22.98161556777087
59.58629011945079
46.60468054783932
19.469971735450553
33.195727956134604
49.3134261629892
36.56715331684309
27.25192736850289
12.410806739779874
39.0976931868697
14.705241924586185
26.008090518435367
17.46571933547358
29.34357831930285
26.40737592472057
25.268281835781064
14.165701932173551
47.304756550319674
55.61714636052239
32.4935642507985
18.857027459158918
50.60021804504165
31.41343601872322
32.78539741041191
42.62207214786107
25.24638770482635
14.528382364293641
27.560735991003508
4.620715219582613
13.053135523765478
46.73614260868736
26.944454583035064
22.247479718404144
12.785016868525343
23.23484961206243
13.201274352610085
29.372570302741174
5.325954432288631
5.059211332982051
18.400275716922216
16.13053539106279
18.793946809240538
33.69871775290434
4.629537772226743
35.12124929368692
21.769156888303044
19.615471637246408
34.31019698806371
12.922259155152952
37.92759062889848
21.25353619343658
36.34229236207322
10.827533079607923
16.516965425607747
27.237540543400854
21.932491122460913
46.87165351056836
17.036100177879714
4.646712717445063
6.368910772124035
6.571367360848385
3.596794049898359
6.870059936156369
17.099223893747215
7.189115318205793
26.975404916402013
32.89910474817533
16.492971812201937
18.83373458689176
17.374685857510585
40.787332806825795
27.216727388209623
7.292926711700859
32.96132801860524
26.60218299773271
23.357279881972207
4.502218187615146
20.724377720539305
10.433165254662454
4.369289416960309
23.975693956923273
30.988025358044787
42.75233899987101
17.741154202062138
48.66583946941233
29.46011380534868
22.934953308832117
16.720503288399318
1.9913266019324691
26.220533437062283
15.036112318190462
14.186102000365414
6.660644393586496
22.033563953509077
26.331710190819614
18.2262449096255
20.461956134473652
12.072798483215827
15.322851836057001
23.044877898882486
15.556002987275136
5.594136079342358
20.15873089408156
17.431382835877347
30.6354243627819
29.708564222045954
30.080676311820177
24.706412190543865
23.837926184313467
11.337637549501505
11.956877502231496
30.310717576022807
10.448270575978166
35.79635650625014
13.002142276868353
25.42045799036467
16.602339628417432
11.984394312409947
14.803381991985331
2.913373099625449
17.962234863352087
9.653110302142219
15.258798418004588
14.37357295299818
24.48947522474261
35.5485915486507
8.21538295469926
17.21055961235211
15.066780522831746
6.676986903937676
8.67063873740192
9.289891515577345
20.95932684145605
22.677268088281004
15.28859850654729
4.586622952980988
19.14305536944647
18.259742526232653
11.61681052699891
15.81168885267105
12.06202181288812
9.139098179925055
20.34576997641848
41.241074518714214
21.51368524981069
1.5605737185978081
16.831839189048026
9.561039312620839
34.80333037106366
3.7069627008521273
23.751410983205304
18.77671539333762
8.589636894247468
9.929392367502412
24.715727129496273
18.625840866752693
4.342758479634242
4.719553271360118
12.89501080705408
13.333466806411405
24.52538528119716
13.151654631269306
8.258041360000545
22.95345211394189
13.7363383632716
24.803852891066956
25.056751376765103
6.615450862790143
14.097257972862142
22.180900901747876
10.877232202193058
16.276957595976487
18.346798371171758
5.585836560244213
11.625449590068264
16.88562337519067
7.472209492662587
20.41042043826429
7.154477490365677
15.092013363100245
13.217691140945865
17.915621253075386
20.73330822199868
6.9759103455662315
21.48663432717941
20.54532340341137
22.016090113720953
23.3050119446337
15.354577188573417
10.804950062756047
13.928212884847236
8.517543238624505
6.001607663032072
8.434485153749176
8.268634672862078
13.736176976089123
14.994575800113173
24.311677962847178
14.385310890134216
3.8718722595983865
18.689249879521515
10.520789907948755
19.47126956560806
10.122516087993356
30.436008996781233
8.125499988666448
36.897547876765415
28.93581482323882
13.634037780080229
37.76389253733649
34.13953632603645
24.077428931027523
23.61227538053127
38.5479156142676
33.29608646950448
11.001226747070335
5.194258566881897
20.289413382315278
27.227401639426088
24.348836083940594
11.397314908940166
11.276166802945975
1.3414111006382579
10.231668628743938
14.617977641765433
29.01122627786086
31.010480300973054
9.264577225299082
11.380052307202583
3.2837922105739725
29.42627401441585
16.217914272359202
7.525664634474163
21.204866396421238
14.377638538457596
6.006208746322835
11.228125012573427
18.37206448034987
11.739826861997212
4.439289959682416
12.762789794713893
14.678316419506853
21.85862183969863
13.21783835494589
11.997618761871987
6.059878321594592
17.47925587481933
16.827551425612445
22.73971857606518
14.166137754521793
8.194292967378951
8.431198062585315
21.52623517654093
12.070695198750599
18.298203957007075
19.646006175687038
14.25220857526088
24.473157344817782
10.67040376889459
9.896002772940298
24.1843783155545
8.73975217683354
4.566328594218803
11.028095964821095
7.342484694552101
17.26290683335355
14.655662063353063
22.921903971229526
23.810125151168243
9.517218427846876
19.960595990565626
16.200732307777457
31.061659419477515
6.427389061877268
12.96725614260322
8.531120205090662
13.488510042182986
3.9282353134493264
8.00502740649686
7.894724360221823
4.169913118073476
19.453729181044487
11.417238796391507
7.570950368636253
15.453353514347146
10.882174944119301
10.723821420083052
7.672300061091753
11.721510033943309
9.908004834327167
10.040235957774952
9.111007884226382
18.009791391763784
16.968439828608073
5.679782141271785
1.7814186712906357
5.0919461020417645
5.260944134789242
21.596235917261964
9.306038944578402
8.666437915641081
5.6850977310971205
9.478764800180148
6.857009235023023
11.903337079214317
12.030560513755697
8.9302867257146
9.766994589222618
17.985835132627834
14.187349967860756
32.377431870337226
5.563568859514708
10.130992899996041
22.57004561188917
15.04337328781613
12.546530713014903
26.354612087596543
9.294189494364295
20.597079704779407
2.305964656559323
5.6014428808851715
14.435226337634512
16.461304892023676
8.941336987356891
5.237107401340421
12.118828320896059
10.771881253332667
4.068508716365826
9.463520628516862
3.616726027590931
6.6331462368470495
0.8338173763170433
3.7101025288702525
13.672079177300237
10.577816955768538
22.963692563051126
16.819124460270952
9.156162646957412
14.222332874857766
24.91391521274834
9.280188961337679
17.68853216414716
11.061565166068354
1.7924305974866341
4.832842088899902
22.717802792018098
26.317148190842744
9.46395458155772
14.419655338610978
21.918402175813437
4.93806695849327
15.763198551250229
11.591068933358752
13.080544602453921
22.66726295992821
13.762092728197912
24.290593240695376
10.08171917482055
18.384525195091722
17.500256386719826
19.508855560510742
9.030603686271114
11.489558675620303
23.582509780629522
8.269818598408218
10.197316519165737
11.682199072147148
20.552649445854165
7.4153065488162095
18.398390233929298
17.72694973912026
3.8175055819345975
13.919592053050106
4.239041464663788
13.301638296348292
10.611675519777338
14.932960044345457
13.422827010849248
6.769435635413452
15.012353124596338
14.319273705871408
15.203188731879239
12.936021535485638
1.4990400755509123
14.5735773079641
7.59260339387375
10.324488632011109
19.17392649509931
23.768270061421084
14.567086936298676
12.567308494654101
21.83619646689022
24.44703311962121
19.28126489136807
4.389832372392725
9.504667113200105
7.171648762344813
13.288992009157461
14.184772132317228
16.21164458652542
6.681058020069302
15.760891761128436
10.802472512253164
10.30228319434934
14.999563940854074
12.171890131126068
9.36780833650947
12.775430772432259
13.788604681960665
22.350158739515148
7.803695535639189
8.59014859991647
10.97790824859567
12.722737627374247
9.004436769879437
15.004974779452077
20.608126160623307
12.378490227245006
7.430301897688884
13.918847921250999
9.921026281077813
12.514424057691647
14.101714776421135
13.650182497191043
20.462431776023024
27.46187901372885
8.95784276941534
4.619477684007552
8.187207635264494
6.479060610004146
3.7168368710451327
2.6061046837522253
0.9419786358891779
9.056558046539838
1.166881889934295
11.38489157430417
9.836014749293614
5.381298407165066
3.2395114096470228
4.8249359989103615
5.506500874344077
9.122076071966614
10.580438365652336
12.709944228873063
19.61626171686756
10.69244165267731
12.6737203969645
6.047532625994861
2.861867363729529
3.8297506966706973
7.907583306814473
3.7159971567045633
12.378237158172713
9.539515596755004
8.908975932980425
9.345148947597886
21.38601548601459
5.794524623568238
10.856043343140469
12.934514567109227
8.153219210485647
11.971469215762623
18.0679892039898
6.828498988698539
1.411942302683302
4.4627354220724955
11.663227067721287
13.49127504658476
7.996430735262654
25.772328777139254
16.69523703229726
10.850432724823278
1.7257479750744686
2.8182731882345444
1.8856629818077875
4.880382299266519
10.705553718164866
8.71334111849086
11.587777798743469
16.136544969677765
9.717606430325002
6.4840560137690115
9.592326156615485
9.316467373745397
2.5604210166685486
1.7161350003872282
10.920382651880931
9.371969395255395
5.100494035447212
1.8818631282434841
13.132600149353253
8.639856358903355
2.2338959176257887
14.77327114978416
6.326531924275454
18.78788156240687
4.4045946891001995
6.5685685496797905
11.807375947875107
4.968863343142449
14.306243367880292
3.6987167038841084
5.4689027563656945
8.589475145409821
8.83130358088812
1.204534571587483
12.256072913597752
9.75616755688017
8.141223617076319
4.448863104453706
2.88629002370896
13.865072260569383
8.930268629810717
5.855190590781393
8.417658765223829
5.988374976664129
3.231735696753899
4.161157360037342
0.989316890306265
3.1744340104735014
12.983027742377027
3.0647494486479294
6.089014425432917
8.525357427452022
1.967165876513973
4.0866385417620545
13.521835568031753
5.49648030542762
4.108925468573057
5.840761148635244
15.56050074891486
6.131416398185556
0.4434448476341068
6.8883053647523145
4.118978761717479
7.090566806185622
2.6083418120805173
2.854009075223378
4.034871075938041
5.09345381858571
21.301259601650887
3.2601221975470698
1.581014042578453
11.623541167660964
3.3518231154666407
7.304740609038584
5.5599102401192955
14.278796638468416
8.060454014210897
2.37093415869724
7.600130460973514
5.976119700069745
8.044956149256674
8.134115030328491
11.202383669748997
2.2524510127071506
12.586417341994915
8.564056099279224
7.078844148079655
10.973025592980026
7.114205104924594
4.622215917545894
0.7197200714651893
1.8426899881250838
8.538289824861973
10.140227536422199
6.241560998610002
10.042237324179341
3.6908943189568966
3.322316185963253
5.317681267964833
3.669333143116996
3.086076807974285
2.560110747475984
2.3535295223536234
6.234419142921955
4.409131518137791
1.9343861065129626
1.1358655061229725
11.392542535673892
7.1640217438550655
12.566763359533239
7.975046773970443
3.6624467613023968
5.488867885212839
9.96423496205853
4.0223385875627
5.314385413953347
8.25812874280703
1.1119842359881904
1.622101120956507
8.606143745243296
6.773575108270531
4.716505954783696
5.9065717284112385
7.808146132797375
5.872086304882918
6.424590800461998
3.3507213846043538
6.872204415997374
5.217825526868354
4.853329923091849
11.414365496840041
4.550876652567604
5.224675756550032
2.1713895813948607
6.167752672501117
8.942870984740036
9.950095952308963
10.57425155699133
3.8399436836665104
12.68569080983172
7.151279780468942
4.878131971833341
4.14863932918681
4.199653475040944
5.745917470846744
6.902633431969589
11.19912873733215
7.613166011363899
2.8561739103419037
2.838653611517835
10.317899770419617
4.067337687908568
7.087371243116101
7.384116456332834
7.019539066672974
5.663448419736108
3.5070116699488083
5.994090957842269
4.894853098349004
14.640774108483065
7.382998285696179
0.8800310378338154
1.0192183128643915
4.992364270796712
7.800385243142362
13.382329925646951
11.755546504656927
5.913990349476185
14.432467214102568
12.380910413463553
2.5673909134808737
2.6224559641697924
4.145778781861668
8.043709130180192
6.328003465225159
7.520321705732027
2.7655680226930075
6.35717865562309
4.358032320720204
3.324171850967192
6.120540310476261
5.046877316343079
1.7807344884668304
0.6749567289852338
6.603338947032862
3.286513189681079
2.789359388870015
9.944914390372041
3.503329425536532
3.7933024819788828
6.255074488895578
4.544853185168609
6.326184126318597
7.760392617378026
6.89501946226976
6.814818217015925
8.048917793291109
3.8548859933011594
6.608332683610287
4.298096923804352
6.506327183378613
16.34200219722639
10.854804111184276
13.974747463514843
6.530487609696551
18.247353454340374
3.1273567332444276
4.762489557800829
8.688093877039156
3.015399287254583
3.638235566203988
1.8745641311347319
14.47530651403905
2.871246937726605
7.189643888160217
5.030083775541887
8.361909681831976
7.556342649395958
5.303191075009369
6.1662349693194365
5.581590691741026
3.822031648336228
4.024360378190682
3.875783310860545
5.843729522787935
9.839215742638471
11.662098722582098
1.0086466220669796
4.247579087678932
3.4511495329227677
7.251905407986532
5.885213770497546
10.573533514200154
6.926440045144025
3.395115726078288
7.683775658414988
9.206447110257503
6.070611497886842
9.769738148689418
0.41992737675665703
11.620076406899924
5.019427698269995
7.380286999597743
3.02882081924481
4.848278203454014
10.217468873799156
3.072105145209745
12.598393024134687
9.45337470027103
11.392267306682005
3.1583595188837155
6.868506142827418
4.320044310839089
6.478709854583117
7.928593627333547
7.514787974720544
5.90646049256856
8.227645661068626
2.6303916443837974
4.048015329560834
4.410306628668085
8.1916767623649
2.358376301460919
3.125049973285713
11.059290489700409
2.7159372601664145
5.418516220853982
7.378580230183291
5.8557601234037415
9.477556471650283
3.38052989210432
8.067413275523297
9.098667990418404
5.703077094062907
3.0746967472363598
16.967309877958566
0.3088404794183261
11.73041123709646
5.8898629771527595
11.120869221074786
4.8028875427520745
3.1980123393057776
5.007955665813555
7.517541256129035
4.881855435023826
3.0593897595828734
1.3607749611105082
6.876834332038691
0.477996988558133
8.395065223996774
12.44341122499869
11.028707103355858
9.59411157886003
6.0586211243570585
7.328254028823417
8.37246124619659
11.235729960890891
3.729876939641621
6.193219815557991
3.1202598510515616
0.7858368082525341
5.190184063531135
11.87323131610577
