263.09130000000005
21.930125408861976
19.231019027708825
67.92441723237609
59.71523952729632
74.60029188761463
168.81919185666027
7.7723146601491235
279.006512188465
1240.9341906523368
171.5187252001193
61.68480326498586
200.09272995420628
103.95300187959279
111.4996482841323
258.9959807506876
153.72695278551828
461.59114122440116
612.8680346907526
364.10603101652015
201.10429036842
48.70482842287827
218.47407060081866
66.1514354658789
54.29192120940168
302.1147072987949
137.45501839618143
90.30825018318647
92.85070353943817
83.89406695513003
110.11580003879705
63.21394402214343
68.50791824840972
153.72716576570286
181.43952572607895
184.97841527343573
133.8698979850245
301.6707047617815
139.98982815229766
77.38310989436376
61.3680224870686
231.70708331588975
145.79636828725359
121.96517326527162
142.48908891486883
215.7421532676218
244.69230437916593
320.3410704795575
299.83305198356106
202.45479178364855
246.50020603455508
269.3527842736623
184.5227088703355
142.69271977627938
226.34119300329556
277.73653147374046
119.32917011717193
177.63314937121945
84.36102765170473
148.40957869649955
90.32290523728092
166.39136274897504
194.64546487885826
230.74656843512557
110.71955369745204
304.1771227660288
14.476713692480699
158.45792444508223
197.06524588382638
54.43955844312422
179.78745678899512
109.40642346978537
198.36378571241013
60.667818736227844
135.38456133377318
314.08162280137867
97.27192047583085
112.93140961362998
91.97229637404594
181.75245652887804
345.3905295005957
264.7193434723095
43.10578500508013
122.23347285770146
290.48286461966046
130.3665766631104
10.098010080426645
303.09133007949185
26.117363022189622
135.8422045727098
96.76635565801415
263.24818316660253
83.61235291299832
200.47874783537753
111.80294716600918
122.67708189331903
61.76741313668926
74.40279974488007
126.29545738457249
81.43317840545437
267.62890511926145
167.55507431214988
209.55644416905326
98.40957448365455
31.714717081998103
297.51465274864177
86.98093586699858
130.27870672660035
68.38682000083622
33.27147353049965
107.1779841321901
191.22899114422816
212.1713451289422
51.66502528212396
185.57607508570143
48.569294969764194
107.55672838342154
63.802289061785096
42.41620237898641
68.4271434333427
31.488624357263134
40.75623673035001
100.20826563250314
53.88156563727803
30.04407346542533
89.1172218586986
102.51215626352106
62.89289206989935
83.80211201726217
23.990234082535846
98.18709024119948
57.56396896822478
26.23431067187047
26.36955481502821
55.199943050466494
50.453877975759575
89.54211556433518
66.73638956818377
59.47295692036379
96.45173221638726
47.12410614149078
77.73545952690546
80.23963107617523
73.57291872848278
1.6090521597069263
144.58931368861374
68.53012693469871
24.853222042139503
22.97382097587348
38.77844974759212
49.244609329469675
66.55528170283975
89.34176692076466
22.018737816886546
34.69705120934385
53.00042655346444
38.71575456543632
29.33151341624072
46.952653583241535
97.0289025281951
62.83466166294288
23.535579448896566
32.45405394259839
86.86384380171998
16.197443764209883
57.14898410904991
69.870223787555
3.735766032961252
30.688673987227002
13.873773670966468
45.523403160853405
23.698540933855426
35.9048353434994
69.61300995117521
85.47478691635303
35.07674840352578
22.480036229492512
65.5983414416648
16.979324180715373
20.670894409051858
39.8896995112939
46.94826316310999
11.424797270488513
19.56012161639688
15.302591718770998
46.098025159353796
80.73382538574698
9.22200427881264
53.47494192273439
45.29940322496044
19.018848886865076
28.311800731819147
29.297918616157244
37.98684569000631
69.6012772076101
15.342196308661535
17.777801326120972
9.142182353069877
55.744938954342864
39.79811338119333
110.8051229427297
50.43947168908035
38.44213023974102
25.357843620496844
19.400485080041587
21.59772434871271
26.535239506189892
12.846385479749918
35.59618738945412
2.2757574854440383
19.76752117607778
16.25223024238364
29.8886237392791
34.36505395603221
20.94710291893734
26.732512161951266
5.689488127749995
9.70912831061291
14.282965835139036
57.885408171053705
20.99847669037942
45.89889547930999
2.931476223339139
16.39619902056811
42.572647853542534
14.210610383128566
27.59318760064567
23.720223230427486
29.1364645699495
24.28304161247008
53.16895660090228
44.54410133610838
22.302197454365874
18.98538742839315
34.656641408467955
29.80726189300242
15.442037162737433
46.485720868318914
38.65492977072878
37.099904381862274
13.683319550263766
10.473454206717712
19.71236428745617
28.53629458169221
20.258754164063934
19.022967850352792
52.58424145328188
20.355772898325366
64.55473069233669
12.989818634715132
19.350686189322158
33.294272735347484
48.27267145381638
42.28688963354345
25.2222272208228
34.78621831686968
31.947948462824858
30.031248334414396
44.49437595000832
11.785075650925162
19.287648601154174
3.0296082038424332
30.99309597811726
53.04504174385068
32.79607232436047
46.079821774042074
24.153861847355405
33.9733974234235
23.14148873806638
6.748950667728133
23.44582238930003
42.7181675484769
4.983148235340499
30.862835591688423
45.14404679316648
33.08047879633308
28.638090289880008
8.471743695487698
38.297757947012286
27.94808415862986
33.11794442592127
38.471165615415615
21.35840416827407
29.314445423968078
23.801882330505183
21.42843147609134
17.58605895558995
25.238060908011015
9.604677086139894
17.060063365987162
22.282725687482035
28.285705556631022
15.832944438198444
29.241035198563836
22.60944204209882
29.359337079206547
10.48479247297608
27.473589383318576
12.547830351851687
32.30015626247719
49.44022896331874
30.085288526407226
37.68672121581162
18.35557731317749
13.768731637503665
26.681444406838196
24.99304832731029
8.264547510071697
19.046862183817158
35.89389704341519
20.319942848297924
26.411871102880905
42.72195498331635
31.059761399419337
11.00323246052302
30.463384871432346
23.22513665252069
22.418186128718787
27.883477880159816
27.91160863718875
24.285768875104775
24.172463560323276
25.762931284925774
21.12448700213556
16.17681050027377
11.026335596593823
21.213267642931125
36.178732453832936
17.939860444740326
37.91780799642521
24.944444545918962
15.552603842122673
8.716203206100088
7.374625134125991
8.735887256521734
5.015502179452975
13.657888009517853
11.625326667100072
20.12924403516706
24.70598224605263
11.660097167326624
35.90597508649539
25.327506571158015
26.6013554574804
14.56341924227274
17.446213380556493
17.132151062214742
19.194674202657627
11.23681901274627
11.07991432965553
28.35215168789704
23.449179389133672
22.30814159312496
18.90721449654823
8.426369284625444
23.621464717052056
43.29740007456679
13.70973523614035
16.080173659018406
27.665281022236684
15.172818344347238
13.603069741620857
6.800466046994077
13.906997644261295
13.4758943210363
29.644009029008032
11.088493263735927
4.405637813872358
9.874726142599293
26.806387526968905
2.919882031534202
9.600880317803302
11.607327914880004
16.766287043495552
16.696727983500217
28.72374481324719
8.494328081612183
14.094644354087626
7.8679607348942495
20.489494231854618
27.388383517388213
10.367279593062317
38.06260781209778
20.497944294604313
23.949009069430513
9.592617010097827
6.182379628572206
14.187972233250235
21.59417454851733
2.6024161019801255
4.877674661027672
13.87969947156969
6.1416903276238415
15.851114003819085
13.055199031035322
12.061334913226922
26.98567149674814
21.690636179782352
14.360165531366864
33.86099698137328
32.21341400090587
20.45205315009565
43.81998170068796
12.951681060616353
20.49427691037725
20.70287462530279
16.412514312191046
15.679821514234847
15.260989331291542
18.80009831505271
19.57342695195072
7.6784728107769995
6.500734072567561
8.441405432464588
10.301666760450118
19.037603769315247
9.346847598156929
20.62063277488283
27.143723440800603
12.656689640473646
27.578827310766147
11.498131978058476
23.470281522843596
23.03114129051459
15.301561473288256
13.778625824253274
24.65168817586571
7.7331257087889576
33.1843637773652
6.890973573558471
18.170856629015
7.885414540659576
8.980915880497312
39.04919205725922
8.686501970061016
22.056959552625187
6.212475410050532
16.988832405987775
20.725791588710045
6.357562595060539
8.726934162518665
14.67841881514526
24.989206769787337
17.93951251099526
22.357458617039143
28.735281662733335
7.575487379824691
12.176877991619572
9.611648015749662
32.38454825250977
9.060077755884226
5.364227413927502
11.333451147623839
20.464696074933777
11.341801965569474
13.69876290079021
29.57144302772504
6.095905957505131
14.384923379625196
28.769035650897294
17.930530547278572
22.22314490797697
2.5501872969251016
10.618916312921435
9.546523540799077
29.45155405915761
7.294317756357526
25.111101263240112
14.99860536621954
21.32569576800753
12.388634122060607
19.471446074965247
3.7246467479953895
9.249419839152717
17.70194081472994
37.79974464623114
28.42668792614841
31.026677023053708
6.417589818082968
8.754032409045433
21.156250754539926
10.474360904274644
32.62792797175586
18.989687215707608
4.423009590281421
15.559962297204644
14.655965723023943
11.159727341672852
13.847735071293174
7.235675653128167
10.266193533023378
32.290879534353714
22.811680639518226
19.099406969123603
27.01803590197029
16.015439780597063
10.187537084859484
17.22913370831159
12.107010058749308
5.732637493986229
16.945598560249557
6.002245809781246
15.01220464047207
19.96978107683098
17.40194639582213
17.397017112674313
19.182137129144245
4.268593622694418
7.3330082876512765
8.166993689015491
4.2431576553860655
5.601460291229683
14.102640823882703
6.084030909027104
25.024396418083548
13.646745983771952
17.136973506382343
28.74491587973489
16.374397595946242
15.419700557285461
19.174855351169423
23.78939826204146
14.172061754219884
7.202143194337001
23.625891323605913
16.71857218503012
7.402569476212983
9.227220600158873
18.164004160080303
24.98001662918835
14.71704793359591
14.676603588820296
15.577604438462979
4.028040960571756
9.169572525225274
22.51843563300377
1.4752418001149674
8.621341148548535
4.892970735997082
14.649361513775375
10.761397555568143
13.19206221128688
18.948154550856604
21.030865091551707
22.120164585573292
8.194989240609875
9.845613099939031
11.697237187173123
13.796127739674427
18.446865820567705
17.07178084377561
3.839495338680557
2.352474907259922
24.993908501737142
36.32446703691945
25.352273385190415
31.147670098597594
15.643965631625353
16.31204551516878
7.953956844961537
15.241152962663161
30.911354193654816
12.273673516540278
11.258754883366175
9.543910293289365
10.9056286111166
13.73528710137609
4.556643582619099
13.71395878930502
11.686407683750584
21.30501615121478
24.443330231545698
11.28316474283001
14.108079896436532
7.96828171022368
13.115437797346987
22.02501038998664
4.7906719426734075
16.311628333652582
5.939790859826481
10.92848575474837
10.762834700500449
12.753819440866165
9.7534079528667
25.700315671641043
12.434828034648733
23.238861717078546
10.410524491188365
7.65451036403073
2.5297222350580055
26.65515630457438
13.793025386634481
20.078394603490718
10.501829736236001
21.761011518914607
18.55191847864198
2.573079502647553
37.9170711686207
23.786687490702015
22.924225598675655
17.3776767534902
18.55190087722471
10.10644058746842
19.004158058586
23.74318613403001
11.41527982176133
9.499826832420554
10.900688198454104
14.405988670291222
4.519629481472683
7.394890032685388
8.539004742153331
29.90364709742819
9.592605229655618
12.897990234259566
13.828295483597762
8.041933204311757
6.2337333402406365
11.973538862041456
20.055553696946557
17.78015833700395
20.251345190183592
12.58219127514495
15.579035427390235
34.10160256816782
7.313143866159146
7.503749484916647
21.317970532265388
16.986241734637314
20.04863560784564
7.141188834291514
15.253345067310546
13.796963210888501
3.121353651617875
9.211113715061785
7.763182911008197
12.489939935412481
10.833995757287047
5.837801882649464
10.132586264321741
13.883942238402208
13.797400363690475
14.495779507922908
2.203275575052795
2.0100670181328613
18.288496599730895
14.582586036652684
4.103653783609663
7.487382619659685
3.6543315172562645
3.45532579410077
8.733740772011416
2.768517914987722
2.1667535258293165
6.240590409192405
9.997225889168465
7.639797705118066
4.272998626286735
12.51211132188603
14.740701356810728
10.23738622413723
17.59236734075848
7.959279070562719
6.61802181136726
12.58289380692708
8.408888295161852
16.984150268022265
11.767070990413004
10.487915133719028
15.0493950430867
16.07329896778478
11.614949754145444
8.953786057192058
10.40660715694403
9.499272014261535
5.847304067972208
14.009421232961355
16.540985174670507
9.474323478961606
11.211985545810743
7.488854919980391
17.844114418450815
7.739968419032238
8.347338172166312
19.98789289144675
3.9427062242835746
14.63046837539905
16.94361780550395
15.640001475935913
6.432453354329834
5.7579532567744245
7.504787030238519
12.060188020585986
6.86417139089381
14.601116121634242
4.6630471955858965
1.229025180672573
15.080371740729221
10.722524107711164
4.162945491080993
15.401794988650437
13.760472707005151
11.54715590584608
12.911197278081499
21.315810939929335
4.103919230101621
8.085510032048628
11.841593722428808
13.739816875083037
7.593775828178422
16.190790363594502
9.071082672440745
14.74038377919287
10.26618709434754
7.797371204281515
8.651487225555615
7.544769699294373
10.188881647651755
3.05234378891802
6.792903024782195
9.688471656536173
5.981025472914047
8.702506138024155
6.1840769588620965
0.9587079505503456
4.358102709320655
11.9577691962101
4.541523930249368
11.686914399539159
9.20416669354814
6.649849868176492
12.647535341357656
3.729983820918012
7.845027649982597
5.044295847811701
6.789563628060161
11.364512977940946
4.859155058656766
7.797895606764625
12.200912244100978
8.388524425005812
3.724350341597871
10.999180395516666
4.239446635697107
11.439680201576909
15.370000091579627
6.7187240134353985
1.9740774254298632
9.70764495206614
7.904484204703437
3.760918089577424
14.18382646855122
18.11864079014645
6.794591954491549
5.88487114078535
4.899854180402458
7.544143304742512
14.15119431473207
4.0435220013035105
16.734331308447718
7.301590083271259
10.69454909505949
4.289634226546635
13.957806239848745
6.427030361664053
12.489607720891483
7.303730539801551
13.90443317627724
4.6156194726534565
2.2048941618909343
7.445970102950386
9.79104034672979
8.153438216582162
10.078297193565836
7.343749619806961
6.026043402501098
9.33550280917357
5.457343631310669
9.008060062895067
5.204472032059819
1.7139872224314296
11.652469000676023
8.341416675341804
14.623631308145232
2.879745448583942
11.54912241862417
3.5554474168948844
13.2813584529637
10.046173678730622
11.959896246634829
9.326893620645237
8.08371990651988
3.7263870213609267
0.7565294219996865
12.415512282095122
13.64481423031852
6.610066235878741
9.373828305965468
15.992216223936424
6.013545003504934
11.583754007213859
7.390460811398015
11.886335766818734
5.845069896427505
2.9036402134304726
15.330898513190983
10.271014475215775
9.0026240829067
16.128148294203033
4.173311616514195
9.392183605914653
12.666868770611208
14.83082837290572
6.0371948155321835
9.584860941559471
4.14791763477339
10.956586441880544
6.235721744564794
10.026584510213764
1.8549337310811373
10.474542520117792
5.526969870918835
4.291570678741284
4.254078229578662
14.707845817067247
14.002349071435418
4.973965432765048
9.048913984016732
3.202486203773036
13.810155886056492
14.297849993189502
10.08860000287612
2.6975017459480966
1.2580481006742696
14.518898894227746
7.1942564775448
10.82798972799853
7.976770772022213
4.991237860231151
9.690933666101586
9.895853876886004
10.428318501150425
0.737453822969521
6.576914226406988
13.659678090678094
6.909264770775202
8.506278347236577
14.797454733286056
1.5720940116684103
4.513947199681005
4.509533654993335
11.108017674921848
9.948381115995119
10.127761008520581
6.901909619014649
12.443177184461485
10.93049582320957
3.0571844337774055
7.386480056666363
9.689261593785218
9.527379578375081
4.836494132452703
11.933955200781286
9.06193679323258
5.781205945453319
13.989672785003487
9.756876762281296
5.497148581065229
6.711947088488211
10.825977135350279
4.296209794297626
12.019746124164712
2.2050858085840392
3.4631208619550375
8.275671264196811
3.7812171285723637
7.737271986209017
4.703887163103582
2.902383404884709
11.183739990376615
13.773596932054444
9.714810718407536
4.598375455875161
7.608582487977505
4.996225904647742
6.35544111590202
5.193048636138006
6.916254458224744
5.039169380811619
6.767341246089747
8.90205920323419
6.411887648697178
7.746533632836346
2.7187916784499073
13.815017033557744
16.746937555042578
0.9955613989693969
5.9356112435670525
5.195825519324059
5.513835078046206
1.3702693781061026
5.61480924240037
15.43889195434676
16.273277235210994
3.3262256932217733
10.689558931533446
14.059513057940263
10.500648823365735
8.359805992872522
3.5293132015142206
6.738370668498396
12.905192786494101
1.972012495424629
8.82416603345996
2.3345579019536045
8.653091197768033
5.3018885817551595
2.1885593944814934
6.860767848257725
7.6596154286540745
8.799380582472743
3.688390547706617
3.5691553665544937
4.992436158146684
5.012748545884738
7.697317846864369
0.8182360990828865
12.49644786318363
6.488087687849303
0.9225747182131657
7.387042616443674
10.864217037262021
5.670914085815001
4.598814818207867
8.03267334474937
9.581300381476456
4.14584067824826
13.123395129298121
2.2219326364335696
12.230239223776463
2.774122041785317
5.02336826929864
8.44420843207628
3.0495667564313713
4.599815290860935
2.662534320435556
3.429857430994181
12.09050969575881
15.564109984499446
5.764719387014574
0.8247970296008411
7.602088199902523
11.790939050624738
7.758188936256189
2.564637046142049
12.463216440840085
2.5598040570673875
6.850981819309857
5.944598057374157
3.181703878176696
11.247285950692076
6.08227395187492
1.5407170302828892
5.14288365643214
5.922319347220345
4.941129773489502
3.24368205034807
9.40343080512799
6.160334232442854
3.534949450080861
8.196466094148555
7.012101332410413
1.3301537740495055
6.527276514033435
11.65396486867353
7.803676155428692
1.1707476190452006
10.927578715104687
7.28714744403564
2.7440764581494466
8.526591642273923
4.2575752446338475
4.688310552643963
7.673799081635172
4.314646271148674
7.59544266895185
4.7443538942593175
6.4369133755520815
6.266144912702638
3.443928353328885
6.3110046326761005
14.992503465228918
8.529032754404641
10.107423144244626
4.970474945458403
2.1831311351764784
4.52418748320318
4.203100137521587
9.139753859975968
21.393159877414703
159.51420000000002
68.6160643466552
27.545255336131106
94.21785312487289
20.95575600905694
37.224917093453485
57.93261072459922
66.21362517397766
47.88615859769139
657.0874643228306
57.80917365621551
102.45035318205694
116.67788828947339
80.93309679359676
64.40705559205854
63.673753638696
151.25925824277468
50.12873535958644
632.258423565467
246.22029946891095
105.96921438903276
237.38182514886168
84.29121395221536
57.32412052553251
199.50335736478652
244.37353283391312
67.13286154777141
205.65388103228392
141.65354399359376
101.7446763145282
215.77794108986623
54.16019643702119
115.36079742898237
58.87145285329585
204.4720351898332
474.44686305248393
72.5487054139709
271.7805002727905
93.68872871151945
97.96263697712406
140.7602588037475
182.05725817789258
239.5761661253462
405.3035761178753
179.350343805645
108.08330391224065
72.27428802522304
198.42082343848836
162.33469846029638
197.15669193703752
205.47828541488633
141.6271881471989
160.13671981222217
369.0594349985625
27.022142827166856
408.6977618839013
202.89580190526357
94.09329982421993
31.218494380422943
334.76305036893365
123.62915116647739
72.51878751816363
115.10409945806009
75.21633943185118
290.9808052659788
237.13944242474432
30.70644571655038
39.8331637181925
52.60437497933803
242.2789250361081
139.91012213264145
179.69876272348438
79.56529778210829
93.67980245661298
45.967646019279414
174.01691929413673
50.26820012475367
221.34819116481086
129.30477496204557
103.09283055965764
120.51678974544033
103.04249862455771
163.1658449558313
149.56366941805348
48.749244403232304
47.498456869316115
136.0677867497657
197.76960426603867
214.16359204871392
109.15044133395048
135.03756462095677
41.93460919186937
61.498410610384965
41.89422962244986
22.708790283058637
199.74950088659506
239.61690139414267
43.44563170399245
74.0072832024886
41.75524007433588
214.971812364235
111.5902002337222
145.78872054093088
78.23342643013504
69.13157402138752
132.30853437617122
26.904285738740903
54.45594337384098
94.2237525763854
121.69274254493976
34.255833991044
127.75840888803168
47.9662769539815
104.54336974760749
61.751757631469246
64.49457504057735
62.2648524583498
83.79895913109185
47.469716349333204
125.37211099128407
28.114778022386165
83.78425972864343
173.2480407374305
122.00965122217498
60.08834023468691
74.55736917170906
91.15691037619025
98.77824043175758
12.322512519551802
27.34120231730725
39.36664526001176
69.27692785325442
62.376470532471394
60.086699365616155
42.389236270088105
52.66900327199181
41.257217714120344
18.89021106343493
86.26835352454309
65.89870678459192
57.8710963658651
72.37468664816122
49.72403413686308
13.093957761528733
34.72768631274651
40.27170958765742
21.562826536749498
96.53277037439378
25.499757204779808
46.846987265623234
9.015037398030378
62.80632702180555
51.95193470788489
50.26372988108963
43.06024383070641
19.63139773233801
33.59614232316984
79.16154204267882
20.040157458011645
49.02879903894402
29.31028375809246
23.61047666194528
36.63963584646134
21.426130239523026
25.682099820719834
11.0466245601825
64.07404360777879
22.701611202597736
52.139002233457596
20.8412770710593
46.009509236833516
6.342325093441622
29.75086273702776
10.463856460310293
23.59562394263441
25.722967938846143
9.962834533291351
85.08163426688158
46.94355637545686
23.255944792701342
48.497086702230135
30.405264650572843
37.940215468456195
93.18101304011923
34.65230040963212
63.742638127994475
29.69694511631066
46.05308885236706
38.431287827225894
20.536943621431266
49.754331975591306
42.69558709257868
34.807452883525734
37.54708694487822
18.89292996493862
74.32815186862689
36.60742801662998
41.762189643307764
11.336603195847939
43.88509316151931
119.79304789069045
52.31242130018701
23.98617284623802
5.792191542403822
16.373294584793666
28.19484257317943
18.51544313338301
36.133587443981874
11.42803281172734
61.30306431845366
24.518344282858745
34.48970540675528
40.33297107093898
28.466817649674265
22.004731066577932
13.452354835191608
35.8453880992453
35.23603005365327
34.54367996323306
11.38898654714857
55.62829666799307
44.38284036842087
7.405185445954921
2.7226462433251726
15.192643696565144
25.84740021256793
59.86517594325553
42.23812315260956
20.467172222658814
45.02401806839399
35.68169315203068
54.393820141874905
12.281730052654824
26.394267874884132
40.78225408045084
28.49551623648289
19.509318654717518
30.695447410819686
14.859609838609476
27.208955395208807
43.607773662886075
34.569929052534654
63.88682719347631
34.02601448712409
13.581316949044963
2.211218874083822
48.168851934812274
33.52395045152941
18.97527260135581
32.05969359664134
22.090425498961796
18.489806596864522
17.37911508090335
10.455908414223398
16.966612961165126
42.56810568046111
33.298654155979406
11.51364908776724
26.907452271256712
21.42013010227006
24.390027660106163
29.05741754559614
11.622471247731264
6.687184040448292
27.20444243001295
22.592680063682327
18.56550264748511
32.08784161275571
7.845103923224854
29.732682834866413
20.554389021347944
24.419177437137176
26.86019282617131
5.598015288618914
34.46075428019105
24.232023762443998
41.03335599468566
7.831853466334812
13.566374731216525
21.86247994361003
26.767302801234592
45.10209391736591
11.297460629128404
9.042315429568857
10.31218747185821
7.734332473122355
3.870781121500703
12.887071801535425
19.962227385429937
18.25062148262167
39.18219396877511
20.01798180386397
8.041277914879855
14.648065246368692
7.2682242763909795
26.641221724511695
20.34098370017698
13.83611883940324
28.216936582574625
18.917783575604503
22.365804516728986
5.233206021594546
20.030895008446468
10.566312332304282
9.263409500069294
29.584410982277863
21.7860433891958
35.34310902034951
17.20372606698201
53.753736163311785
31.567970388271053
23.422386369561956
16.079577361507084
2.5328308948802936
25.825484508452448
13.107448670772675
13.883613009774319
12.487106119723416
16.543472273690057
27.93723272528409
27.360192150238618
12.140459849624131
3.533589266562736
8.262013768357258
27.375644425871243
13.079849510204925
5.783001053914248
23.01948208184018
12.658150579524003
36.24584414409706
35.34473448691428
22.499670307887023
16.402176925339454
26.0048752280961
14.68700741580962
21.44875764387751
15.731388382579146
23.332254433372537
29.404232706431262
15.534579685428975
19.164819903632306
13.369180069659594
14.785637329815668
13.312313183039155
2.417025074620483
18.06045080379292
8.121071642246928
13.505016152434814
17.665069842804886
18.377770517949394
33.98312833672081
11.919870864049763
19.122756725369943
8.442320211277798
11.623932118075933
13.983011936280304
16.51140828936987
7.804784529862665
20.039552954472807
14.48937015946106
13.301416643965661
14.384237166529653
15.06310344446808
5.43286404296706
11.85850945430825
17.50646002173482
8.694013627467424
10.409125726621935
34.275596759918635
17.235867342436944
4.056380663949631
18.06383774673901
10.269528211896423
35.39502432322093
1.0925193454744375
28.517622994750546
12.16940635640192
0.6471245227866212
0.7607146416116889
13.02160011508581
19.185696622354104
9.422477590491791
17.470029254131443
7.096172821901072
24.768669478067093
16.6152900873244
11.876194395730595
3.6907016709237466
19.551569249040334
15.68248202781814
21.432107756589414
15.744359747968856
12.4369065091426
1.5708645059702986
18.89168452364487
5.753565571426553
13.008977742736604
12.638608960090998
7.785490710389192
14.831479064143602
15.190047913421374
9.09491569809941
16.38822842828993
3.526096231027733
18.390612513933263
3.5009628858016137
18.513449608983265
31.10286082231203
14.793335094733527
29.086360546904153
21.57225393203706
20.866541291759564
25.808403104531482
18.052699342356576
7.43638892320214
10.367340282428094
12.157158108797065
11.395779693107482
13.656607449263754
6.858999404904584
8.45140756224414
20.7178082763341
26.179661367292393
15.352094786965608
7.91207798294502
21.975212994046277
10.54803145711697
17.30447425329962
10.60152090826115
30.54191394537106
9.785605132701612
33.43408554991476
33.62886744726638
13.231764788408453
34.56760266267275
24.757085216872397
30.154061823257305
20.859199473470255
29.619633534459144
32.45177413034049
4.124771367170436
4.485373331600374
16.94097957300618
29.801029414631746
16.472800983610377
11.016328198932115
20.53577661730309
8.301144444296545
15.569329955663047
7.732217265823628
26.41877651078105
28.86700048089156
4.9897175182703375
8.414778646735863
3.0749659689260835
22.547072050314807
13.950885930470706
2.972965997401041
20.09257782778318
7.518183193218696
11.35568364757842
8.169366895423211
22.959150459392337
14.76375392835651
10.279924642101367
6.5322910843570146
21.6896635426391
26.478863645827325
11.090834168158537
2.773886390857659
3.3070873038022737
9.57185726745747
24.125340353895762
15.706606293849315
8.954750211160812
11.42186281540087
3.753874088285459
16.65203352140448
16.210099218303288
22.366173296449762
17.712969468914906
12.465029712639506
25.907714610630215
8.49458235566224
12.976078441040894
23.16693066988802
13.160984538964614
9.707013050369644
11.342888535278368
8.74448874122487
17.323102488582443
17.818431384265637
21.569313821529132
19.97751366439592
6.788247830151471
23.66858114991718
21.107612189380575
26.29720517518854
11.351976896257392
7.514449083717593
14.828412468139714
16.346181947474495
4.049527380030338
8.290545837779192
4.598109518961726
2.103323465559635
17.094889912604433
8.974813609404132
7.94640456831636
13.663086272054638
12.665731125801672
10.010852981971635
7.6035138164278155
12.075508569866452
8.261401846998226
11.865958697064722
10.7961631958804
15.73205311485827
14.500029515826604
6.503819066700186
4.525524377852563
3.6779327689522328
3.6207310219207014
23.717512286328116
10.419783571892657
5.400536393183632
3.2925622977741233
5.981949118341776
7.9504978890641205
9.134349286139274
13.871152478565804
11.10013750969612
9.363817097264713
15.412501205682771
16.616218328667546
33.194116885930896
4.239807124052136
8.944880309830694
21.572533177863725
16.151419412580818
13.262679015764983
26.964875525568
7.243369010125921
18.17994986575662
4.295961032728975
4.643272055664111
10.462289293161085
19.65068000161457
9.407134926215733
8.642020833412166
6.766018696892239
5.54282103569478
10.467417505614076
14.714198563493401
9.494726873534312
2.058937554767354
8.247137875319131
10.62523052604212
20.15301666970601
16.911227612120562
19.22773240110648
10.73833409995779
8.404901324194569
15.027678946140277
17.118751469226925
5.347360667264824
17.66806121700485
16.150374849508413
4.426398332876611
2.540347575876402
22.13658882177981
28.584142483889025
7.375425326480955
20.9302963511613
14.729630333293725
9.234835987864175
5.772358655302378
19.548320139933825
3.351137897336704
21.053296505689236
7.372783776299476
22.656416939946688
11.314260111194438
20.227103834866494
17.398116969133035
17.736695634307665
10.67778359525875
16.486003632397583
24.411579652285894
15.319110838678988
13.689677785077603
6.97391554101016
25.046105764735483
14.112719822803543
15.403013382234318
10.432486393898557
5.95740561819499
10.53148474691436
5.049466424770156
13.147770768815171
7.755732855535456
13.653433241718657
5.868664531452124
9.813298884526565
13.357725935505957
8.041683565402568
13.624975346009114
8.974745515828237
4.388111086762639
13.27161759606873
9.137312006755392
13.39931104214311
21.873716080776003
20.920222799757084
16.953611642608085
9.992766818338565
18.96943516089777
22.08600000530704
21.004163055594454
5.8160566439404455
7.97647392999928
9.507956819080842
14.765592237308486
12.279452162239906
12.891489956003225
10.659674112380918
14.836041076835667
14.146354335839453
8.674811714588119
11.651208264981152
16.19574109418753
5.717405066743699
17.878888972271376
8.964679872418364
16.890390049421637
3.034664912864997
2.206326267971517
12.44893596603738
6.056298526314879
6.640926503685364
19.555844304591428
15.613786435293312
14.273361167346094
8.786086494522554
12.569097980190262
10.785534608156182
12.62066387440265
13.922526966592384
14.789619773347834
19.423379447171612
28.64569965249572
10.411927723090495
3.6819063817973063
9.427865733598033
8.975289639790452
6.920710155356194
1.5396669489277073
5.275289315221699
5.1088047821302816
5.806808689256704
7.556867017681158
11.66211336966059
4.197460827877818
3.623003942606458
1.8365939772286826
9.720224142533585
4.016300646658
3.698898208229327
9.173611588076419
10.720588369209784
5.172930988299477
20.469528741938905
1.999467182312364
4.007567373579457
9.22989717621903
10.469041426904669
8.165983025020026
5.901584976150866
5.51614852694262
8.037938403796963
6.4272321354038855
14.435574600933174
10.082153472651235
3.319047142151994
6.688482843747466
9.876423271653884
11.74057124133043
9.417713973041037
11.26269182182925
4.6618460022214
2.939312606649994
7.724052779930345
7.7623416460460035
7.6657218689432
25.42567030688996
8.41972687286325
2.1135865638779694
8.946191345602148
6.815779957172262
7.011411225600767
8.307715626189466
9.049465342685663
8.830332917370022
9.903475630393228
13.121861667656848
5.743051352680387
10.026131603445316
5.441873552338536
11.974020168865602
3.1949120767139636
3.767474745829983
13.332173188154274
8.225035082141254
4.574023232731313
1.9730768558048193
11.631028028289434
10.70378920968818
4.5449117519883675
12.276806446934366
4.334874338364366
20.392557713802493
3.291144524150571
6.587904044751159
11.340096114267103
3.1621505394913516
11.82490458636816
5.177159010608168
9.222694937267967
11.8333729811478
5.571432856020444
5.791032077800272
11.591654121820506
5.075238605818125
3.3849492813744755
8.914096045113034
4.746705517974565
10.593232437409704
5.905351148869829
5.982754197013228
7.446470469783584
4.078248325684592
3.766814782905079
5.770124480021371
4.546093111125006
1.7922915808932924
17.843410178558866
4.916814446520251
4.82741188778977
8.552670488125484
6.8569846394019205
5.795342024819863
8.617374385188434
8.953659523213805
4.18200152461936
8.281218625069249
13.903304841484294
7.692891065758868
2.6070192333344844
4.077542567065574
4.3909922945546604
6.62035071214041
2.6766058781769524
7.171943591504918
6.977981552292162
2.2605028112444665
17.92318729848743
2.360907872956815
2.5396014998259253
13.116060606812079
6.383954167308971
4.266774371540376
6.593558302719594
10.298207514038223
4.881906256145671
3.7432071557687356
4.140418187845804
6.134616265738716
8.3628390422949
6.705450422490299
10.304088028920212
1.2090338395696416
11.996941149696637
6.493962419152184
8.306641620756846
8.393880520525116
9.631383358294025
2.8125212536447335
2.60450742237821
2.6003812052154154
7.540588524053441
10.829724411841916
5.736429528136094
10.824948830588228
4.697066597030504
4.357886986564987
5.0565849229128865
3.9422279432284437
3.329872076452584
2.475597621032799
3.739562928869967
5.591217725421933
5.099418783410172
5.349047221898799
4.137259792600604
8.206024913846145
6.862600239751545
8.951006968105927
7.537137107765635
1.505471531732312
5.857722960158977
12.932753288127508
1.743453488130473
7.124114385249143
7.837075726095239
0.29368545354992553
2.7283695530379637
7.441856493599339
6.770482641680108
5.9694970788159605
4.467828269694737
9.393917249339355
6.663973795167796
8.171330453247512
4.940065568096145
7.429394832462238
4.692730568647307
4.073446785372646
11.036153765919824
5.235832601958653
4.01451092616412
2.402233639641817
5.77354152998344
6.584186269685071
8.011901416675384
13.087509785335044
6.127261059918827
11.321671721822648
8.411672579359523
4.859349782519671
3.5316493036745085
5.100145375248815
7.666973299454536
6.6112855679368305
8.363691876497303
5.758088267394496
6.13675658480686
5.107078201205675
9.397529613824405
6.853763732414551
6.236734073441661
5.8422943693907445
6.074604625585662
4.674273105495423
4.256990453710688
5.267833278861692
4.609599574295286
14.942163002479703
7.013907278485005
0.8208284268041693
1.421313138890534
7.006372681170018
5.158401516918291
12.274738260516735
13.355051932315497
2.9908659910506725
12.447096817313158
12.132704387502057
2.212698123046579
1.1203268433498743
4.603862284276022
6.717885786650764
7.70414361562684
5.178479788170787
1.27896058229655
7.48555499624344
0.2833192417689541
4.572858729589138
7.9026613347304515
4.072607252647751
3.995810793664554
3.1914429212070297
9.418471593596298
5.162236805649558
0.7378291305837319
11.447801041782599
1.0890333638084169
1.7848831524803042
8.225710126238612
6.319184683959497
8.509864924309525
5.569198852640566
7.64531563480548
8.709228384844918
6.324167964665527
3.343232436477319
5.526472208124731
4.802352452473822
8.731617598472097
13.68727836140749
9.455707984671823
13.071128642805778
2.716084760859817
16.027602275512074
5.731505356404852
10.193954502004994
6.615035980171389
7.8506355209432295
6.385664562832103
3.3618667121093866
10.97302941001699
2.1028808524941316
5.964828300640585
7.5911940348558025
8.721333565726297
6.012936621967423
5.206889380205199
3.5810180478884037
3.06624314642196
6.382989240089557
1.9158213214477593
5.379636815312737
5.173073396624766
10.355041317125972
11.812180346868596
0.7090879826386155
2.4344275324986633
5.946186914175831
4.676095937202401
4.550658469367853
8.654877200203316
8.748126629502684
4.764436038779019
8.87633498337834
10.05614499462154
6.01182105174155
8.859607935266887
0.9138886304857472
10.29548894125829
4.594218252771817
7.775667199079823
3.0516261646940315
5.536004171389959
10.422046415230955
3.8606942453765987
13.663987810289631
8.473531613877045
10.080395486231644
1.9383055184010725
4.955757568699477
4.223096990871759
8.320628749802724
5.197340988425647
6.265047459862313
6.688214821342416
11.451664171671371
1.8090267157909032
3.270962989217083
6.936446395414109
4.210793469454914
3.501358098245948
5.935853294871534
11.389199475018813
4.621067489055008
7.570887793140155
9.304607350656074
6.289215048943217
7.428439126264422
2.4964482215666104
5.727260502032342
7.847002962115299
6.57383588434738
6.103156800615211
13.34532039078398
5.793557212768848
8.283478836657126
11.463540269429064
5.740047031757997
6.87320099422507
6.836585674497303
5.170682566221662
5.717899031654109
2.7913309819653307
6.50824379998836
3.4902851965228208
2.9399830897645707
6.814608495000875
2.903900496197653
12.501604788800153
4.45282803528738
3.334216309910801
7.626347712316476
5.81567438428784
11.324259451044849
11.265730715758869
4.652139637594589
7.789932625499204
4.355927623638868
7.607194850483965
12.520168888707907
8.657919001917733
