132.913
170.57862371665007
70.50786672811248
91.42630816437355
36.69502154116208
85.2172008660354
34.49095644412041
70.37207618136902
142.99509588763516
146.759256106782
214.64416401991812
279.17948907950785
363.5592477786034
135.04815405814975
130.07335642892232
85.66781089458478
150.8516873095766
50.21290410187612
65.87662716154621
81.12874981603626
159.80054408560352
109.94495528892739
35.46581236883166
135.5361051487081
117.29171685124243
41.10789109063223
140.37261190364146
174.47026136423608
242.0196886388643
319.7573033056801
148.6325481328249
176.56902828630012
233.7590961954741
76.81288999484667
146.12328135183037
338.93033046053466
78.3592592400436
206.17765045861532
55.71440352691918
43.12092750175539
165.40021343670136
251.99517250123012
70.16707581250392
30.607376770159618
164.78002822284253
33.43639808174311
253.73516709524466
252.59128399209663
84.69633193495159
102.20448911187486
306.6410593507237
270.22411314140476
39.26679380954068
336.9468552638746
267.64771238667
25.70182537646189
188.21412985348482
64.4291059436399
202.24988040206838
235.69989443642044
240.58360323495793
214.2450357671762
203.83044915155375
369.3396188562376
108.27519986615468
22.581346086095934
156.26832032241535
176.2014100352357
161.26706293617096
36.74615136091377
256.8424373429127
83.68972282865748
177.42945682571124
202.64578291905158
187.98083576782065
195.58145794738257
171.03764860126049
104.05306480556857
141.03012602152717
141.82629671251522
126.61083178517816
26.165324992998784
20.27288117128106
89.40294600724548
137.84761496687966
119.57664686564738
76.83517009412368
200.14274709890333
91.97537222365774
94.68135666496077
191.20517464208413
78.4821812102002
198.85562530628624
36.96126182598546
76.5248978040568
123.63608261340103
94.14084782113423
67.2993509985697
66.94461833331633
134.9920885822141
233.74246666967258
94.11582221567551
109.60906544832638
59.684660237425675
20.378616221626196
178.59801900962844
109.75411671825938
82.62016544037861
82.21227300861246
63.51360327865642
42.57252683786343
84.07846194190208
101.88662985973887
109.97969904855462
44.99823057948824
37.02195422923309
8.89125360010768
20.932082810272508
38.740606990943206
13.758739724996394
50.235128608173724
64.10041749019702
22.30143276276284
19.25523299737569
124.81094655804891
75.97635330100366
38.740614350229386
36.65772182787759
101.91251044554313
67.85087293089255
135.7347145020671
88.9232370645584
22.853352040917553
68.69891893970079
16.58532335212304
95.7005011620729
5.168871750145938
48.56414953218119
79.74840983174471
76.54615646523757
57.6295207850977
34.22282393353326
12.40177564258253
74.73773526375619
103.39274988122247
52.13712383172431
24.712595842919875
58.27102034661025
44.18392131967189
31.496657251938537
49.66811642125324
8.576371816361135
83.19104605102797
8.926709349024195
34.926814857687596
53.59964754559754
60.56537139148107
38.27742492461522
33.28950179154465
72.58330202396901
52.61035273848234
26.258919841203486
85.79632849189719
47.61354168617644
30.996796400458877
52.748200470707054
74.42472570553298
37.916176776437375
15.219732219972906
32.37843238307047
32.91434100879895
38.507737699295525
38.74800499145098
20.39809890556001
24.90779589678784
12.583833746604357
22.761919409557052
54.74501138451033
42.518358858803325
59.20324964250082
13.39430240649083
41.62963535247005
9.324485966702104
43.09295357436109
34.655825265863726
42.449552765953605
26.8797504253989
32.69400936394821
21.278315492710895
35.934705449198404
28.507699355651198
46.09567805060692
27.116525469314848
31.739536279285616
38.657255280449384
50.428976721129956
34.26651305541294
9.47592562905813
34.685383455403965
51.31011400714283
33.668533152554524
39.761207210000784
32.281864970265175
30.563202583892902
74.23367191091783
59.310462957741166
31.44133195224556
27.39850751275429
38.53843636616884
20.172559209377788
37.36728464831233
9.617196078953457
30.702948242827166
8.958383034193423
15.316981328580074
28.845596641719126
31.50682304941962
35.92729600382307
39.714199330067906
25.242403099636135
27.935463336989383
27.628657936327627
36.06947085372571
48.82906548741633
15.877362997588255
30.91494753882919
21.894430104426835
27.194835098310655
35.98924197623297
25.53844277965335
19.546716693430216
18.023391961718893
15.163703528612139
29.39125815047312
26.19983506823584
21.369370741705804
16.602712046459374
21.13296487513246
19.25536193472933
5.512103625017419
14.7780493620103
11.462724347342665
21.866556467494163
6.948521077264665
24.844857004743268
5.190792116678681
4.769562826499872
10.641560284017931
24.87476313407532
27.372083651315396
16.82194877455099
2.6791514500760227
16.753343544089574
34.329806455410925
13.70488192902971
15.73836232227765
14.61483342845036
29.75226729782481
20.84434513649395
1.2610431263762223
22.614252806628667
21.2790905540778
52.98743115907133
43.892201438514256
24.46253245603048
9.436191462006963
13.72463837480034
17.728826712568758
34.38762687776869
24.642730786460625
36.941433973369165
31.632282720851126
18.01744419339661
15.531089060581769
37.66576934200719
42.7672964737187
16.718606351119394
13.37887529783286
36.033182899971585
27.60223204201481
12.461349890615615
12.098090818963314
35.93151389442385
34.32461954611978
18.352460220362495
14.07585968602927
27.10848903281887
3.625234902437715
28.420371985981873
47.79331574823819
9.664771246378177
6.546785604947863
26.413252762505046
21.564586693403196
34.896346578519974
18.256563887336938
44.43708932501945
19.989584716555754
11.204484936860823
4.527390346016758
42.9876549849166
9.842790895713733
9.767193550040004
17.804695127929755
23.128930610900213
27.173620762092288
12.858422593340526
27.159231736352087
29.87636326610358
17.044826930509355
28.50940664567517
38.21826925136007
17.313439514681004
42.845270243443004
35.681366860030266
19.485612284233397
37.17558899385384
44.327268379533585
13.623836155749283
15.35063079013274
7.187411420477007
27.28245726006403
3.9900134758109753
35.459294904963556
26.861003243779543
22.55529170608827
15.19308882780019
38.54886038014311
36.922953203889016
27.290225835046165
46.2779871074602
36.53606051648513
11.603263847478043
36.50856515822775
21.38376317704131
12.20161839980163
24.421213648780817
9.028650005792663
11.627627672086861
35.51776519954185
7.3219071241548015
21.693163750443894
14.125822213192565
28.962819521092904
34.03337889086138
28.61284786280121
28.939432338750947
34.89477388619502
23.48801159266689
21.722366732747957
40.258306886473655
7.181333184033379
14.53796737460179
24.735778645901064
26.958328973478988
7.986844792061097
21.239701094957592
15.370746155566831
15.705052002009106
7.069862285016008
21.00803836199791
13.48177515979585
30.237846447696057
36.38547205785681
35.74811047214988
35.04212094244515
34.428301920366444
34.74756236238365
10.013016665039853
12.71142799349647
25.796819862231505
1.210190949234303
39.07456564873515
23.377938928998187
8.965752722884325
13.848631842067933
21.866864834883287
2.792812807549428
27.868836427760748
24.9869723300704
24.34189190727828
8.780632968541646
35.19215019682863
15.60314128934254
31.40390439841818
7.681186383873694
13.552189493519874
16.720111546846965
17.380725935576343
24.300464351229166
6.219834452791564
11.518655596337815
26.114495616999076
36.67860970059425
10.414578895319814
21.35353686244617
24.214492265848143
8.432592387393658
26.149375842301403
12.826991451387268
13.210168008388813
5.384809942216225
17.060519830151403
21.686843039196823
5.136217835920823
17.15611630080762
26.077891651825176
5.234344265857875
12.76484380656925
11.906106667714157
33.442069513869264
17.885073655540765
18.925580002645614
15.90989134491602
5.493419281195271
10.994388158920627
4.095229576612398
32.51079766509156
13.278393213994619
8.534534102677865
9.88409113941047
24.192596536715158
13.246318399401519
15.058400469300107
24.201992253889923
11.85433218419413
9.932922919838301
16.561168812236406
12.199216712968244
13.383618847019184
9.174224740886318
19.848592653078427
31.36396793429542
6.954128866285624
18.78148520139172
12.248887377469552
8.276756761691109
16.989259320667667
13.055327566330886
7.94040710305724
5.86299593647317
15.159372564249399
7.334877133391722
18.417554344532018
5.200891954415949
14.66022218593184
15.88876433054429
26.83337460110077
14.303909714965759
15.544586842518655
5.685349160248508
2.9693501144373746
23.60280596754965
8.756865608191994
12.38235146827166
11.015204097239438
13.458280725755134
29.474506485515683
23.743449004736824
15.723524640260123
12.648633034901739
11.019196028083565
17.923820584340373
17.52553209553395
12.848711540471001
12.898530864006005
8.853632086351338
24.86974355989784
6.255905168330796
9.905928357868858
10.65863557014407
15.200716892842342
16.493336221557254
20.950374905013607
17.21172731369791
18.702928672956233
9.077057239934605
10.68878435973483
6.399239286660612
17.779654265864306
38.87416301117944
17.017560345351495
8.257485915601052
3.9822017927677864
25.211093708727223
15.553583410392015
8.540732562462159
9.011301535107943
11.506116682601572
6.219954758818076
9.514488006630252
3.751100434606503
25.67460056638585
30.136790878274724
13.806348418092172
12.41389069826628
17.957482546009793
10.937149554942945
9.307673208291888
11.468950012180038
7.333213901712358
17.20879135581093
10.322598780611061
3.8189824089486333
17.53532572419014
21.420146358005344
12.68327755831025
12.666439397194198
6.3977304494564455
19.808719643572843
12.935618094544473
12.100156950134325
4.890460277700042
7.25614183811037
20.750429189946196
15.981850792871775
9.193670226711804
10.739927070050438
6.3353379238674385
7.018985187649217
9.191251842673086
10.486559225057242
19.164382995018585
9.703628320064428
27.026472245916896
10.81749404794274
10.951157875615259
14.241112993042771
14.137454823332979
11.747175884391998
9.895799944740459
22.27777744958499
7.282821328538968
16.2008638848745
22.433410828635076
15.244426269263146
13.744151333488254
14.615257435274325
14.990105160533417
6.269204620178062
6.225293367809098
5.546608946447877
9.09479757436355
4.413603122437943
14.21455194877026
6.943548793913082
10.795984106548044
3.06154272720142
10.686237110393863
11.540155632727842
9.234338207107172
15.599031129693092
20.239399326997734
19.03701038034033
20.33688623671039
11.295066031681632
5.400924351069666
16.03621544991581
4.2772378444808385
4.852530558105478
10.90115893187112
2.3307695036548943
15.624064147403852
0.8221334789358438
16.707901468141664
7.034233055694506
13.108640652302697
8.272717364375499
16.443627566319876
5.8317225282427865
15.28998636038282
8.336880938810868
14.7764140200659
2.8931344874704177
6.517518304436559
15.883018973000322
11.598620656531464
31.83830236771154
22.48503735316915
9.26389889435143
15.171998461672596
16.487444391623775
11.997881011415847
17.903778365716533
6.279735008727664
17.95230989436102
21.847465450140092
17.005887544055746
14.014035686190681
23.70727237114582
8.543026182733374
21.135832223208403
16.490559187668342
4.087873115729241
5.774420087870411
9.80594285952058
7.67456235206991
13.427708301542935
9.65521014895226
4.13923157221432
3.746729352082293
18.14628986437609
16.050597818341746
23.248285930933132
16.713343208771715
7.185029966242361
12.41924388545123
17.723864763080293
13.107294401809444
16.517649597632335
8.124249553643333
10.57481287392805
6.313144616581016
12.794320954524864
17.821568942096924
18.97971607299667
28.461444604933032
9.632685559910993
9.861332245921348
16.396911670705748
10.41319652427379
15.45354377839147
7.609018816550493
22.17974157981279
6.757189063162597
14.09686578373119
21.58284128422138
21.290366008352198
8.790881444123961
26.219836693627073
17.906898937077052
16.344971381421534
6.371780370220963
15.223482261287133
14.978493566803744
15.04783124752254
18.650297262991433
10.608829944756213
21.487477751770772
6.2212305974429984
2.8881906642846475
7.9842634291930485
18.630063210193228
1.5640918137173365
10.287175082806469
3.1680008734457052
4.926350118429541
19.657717068833495
11.102267306143558
7.579828535862226
13.016542751660669
11.087441996488874
13.353891113915484
8.83283105153492
10.749973208913904
15.557106643031483
9.723936699593805
5.538315692936778
12.214272316648637
8.75023831798602
13.864178036134511
9.528892474970187
11.160184265400321
13.40188567205418
9.456350558007824
11.544728415155308
16.06344996780291
10.514683879500998
12.815357641205507
6.5005749034121525
14.696722271342152
3.946270513302088
12.86020723514577
12.076938625908541
7.922603237156343
11.97178626635083
9.67408755117327
21.12796597460051
12.16097786549568
8.337593733338444
8.337138074363157
9.571725544895529
7.852340451896524
7.810471309182086
6.628170960156276
10.23213425641798
17.73857710810395
17.54265881086195
4.613036028244422
22.145918998227557
7.549215641883424
5.673902596341813
7.416641565152574
14.419017394151158
9.638416364585591
16.42506700386106
14.542507145688552
1.1389849999139108
6.787790640633765
15.598787799769545
27.641076024837535
9.795015697919377
3.4189425241418125
9.891196408566321
8.447122513942288
7.5522100772431395
9.149383752087699
13.557164655602639
6.330688135225522
6.234052496241715
13.590900716058892
4.632183879325438
6.133462703056243
5.868472480180289
11.229991290559587
19.685483203823168
0.8498151585899968
12.524553818242387
5.476779113375382
11.726192571038867
17.755501341288845
9.677786915046335
6.381237775333856
9.525753054689817
8.012056644124531
3.8043990606886573
3.5382257553177623
2.6924604436187796
5.947430944222743
4.720265999583729
3.136511856263391
11.806682934443442
7.09043276759144
17.013639949975843
2.478688366066308
4.4628938870641655
5.158090551173185
5.284740183477342
6.419797239788044
4.89645637361921
7.977484073014324
1.6855954525433972
2.8331202554672847
10.625269349345288
4.5414054374555155
3.297563842524061
11.37004244316833
14.800697467164722
6.362688786291192
9.54952154006199
4.0398354275273585
7.230158352172219
13.29171495359223
8.959277639235568
7.3678205661104155
7.790807874880324
14.283371436058035
12.812031771098832
6.481061529269974
5.1221237883760455
8.699131846076014
3.3915958610920494
12.840727998845733
5.953101066909809
3.960419537143161
9.184559699956093
7.827782218988041
17.001829741630697
2.3583086570130107
9.875821840979837
8.23792225609295
2.3099745633052335
4.833748088661015
12.634230693950629
1.5508027916141918
21.310511766086854
14.242260446073837
3.1713873421335634
10.92334830939839
2.3670872268214964
6.718597122924718
1.5453417090880366
5.961524144091413
9.662514678990494
14.957096167293239
12.292442483123713
13.454911236148003
4.697761539700526
0.6365354906289562
4.114975286946417
5.589134624984085
4.6593996529511505
8.617376997586433
15.783173239502071
10.287426879770669
19.11700509910632
6.3892249922286375
5.160539033461569
8.575866128095589
15.856776883532918
6.548290434520586
10.18965946030871
8.25360002948575
6.384831351405286
5.716791778421746
6.71732182671898
13.359141541859042
3.8014227746670994
5.313056612087926
4.129372059583225
8.281761328114046
12.690963523436624
4.839261257219455
15.037288530568956
20.568228077944262
4.635427448459744
5.667298356486533
7.737797747346577
15.41176117651262
7.434275214002658
15.701002596519071
9.987965077038622
10.929667298199412
10.355575461800681
13.147352806311375
5.931062651321333
1.242096227891883
9.790311414355862
6.344930397320047
11.295594963440099
7.1027866955281755
15.099301257220732
9.701970086145295
12.275066072913445
1.4273354893112853
6.426491715679112
14.081438366410486
19.17958469828085
3.000679001600843
2.603427285942076
12.260060211681862
5.54251477070424
4.5307601115176155
8.188925304372908
13.321876949374863
1.3886856999192396
8.453734441369525
8.954385745327292
7.947514640258713
14.352218157086579
3.5161921473529882
2.443767812883088
7.600983281809183
4.657422038836168
4.566383067083946
9.517062090645595
10.962272621839436
8.393646138212096
6.366752819549011
11.525098185318702
7.642160812258008
12.63938277503289
9.299771305617769
5.708186099635375
12.260048926871864
7.205764307008764
13.89385476642828
4.974509190023115
4.4640606797818245
7.252760455968653
6.151601185410034
4.597424604717517
10.871681378633587
1.0182776093776522
6.740438723362353
10.589707669888282
9.503689263837945
6.256426759012316
8.974133320527827
5.491517980765123
11.235496473013031
5.40334258855355
8.241383070207155
5.908596234786641
7.160080430422575
5.961529441571592
10.743386216259578
13.328801129918798
3.7002665383266455
12.558188110408139
6.166938765818849
4.391336938439687
3.657922881232899
5.966145952260489
6.668279990992965
9.523163822175874
2.2689148079573562
6.319837842575988
11.1389399665487
10.195971166876012
10.319516065334259
0.8675815712829056
9.453495360287553
14.38761880482037
8.49514211499817
4.227440163983407
4.352636792306261
8.452096623584787
5.71179648149448
8.948329890243627
17.285171047255346
9.576969800153773
6.2669142547668
6.961631756084256
6.552304100194378
5.4353020572584
11.35608467939446
11.61839502468035
3.3278093708397036
8.558637675351337
7.736336056968846
10.373401521854182
11.082215161193751
9.865596915494631
4.56564043625501
4.7148611917354195
2.5882121573302714
7.710987494378001
8.77813069378314
3.7343539291315957
1.6411061672021556
8.43921595826216
8.229161363364275
3.656176541962222
3.2425569190391847
13.791760732008488
2.7226121442075732
8.764887082204675
6.46622259556332
1.9765834345194873
1.3903518477090167
14.865877804507415
3.939271175395615
6.930281160292399
4.0593698823105475
11.857087920161634
4.818294485651646
14.23937303366038
9.022394571435557
6.725525317208008
12.981040779748689
4.140140308595099
7.356265285090421
2.1200958831845003
7.546970624428639
7.146757149939245
6.925548504952783
11.720972378184205
7.139359770341377
4.809276328778363
7.733211772736882
5.918881905677272
7.2565608091304465
10.879391375723259
11.083108844999288
5.230592922144057
10.45006775069247
10.880627064378128
10.882162127089565
6.767850348589671
8.254434587794215
7.120417672906661
9.253779585026775
6.262408203925049
11.02223306806368
4.109405335546093
4.540194900780932
8.786661209371427
9.961750481938603
5.841661124070674
12.595501887235153
3.2276154345817214
5.949637307284941
9.33822839383475
3.78749905136893
7.269259497294139
2.4061062161505125
15.722857920065934
8.249690414212846
1.7459147649974267
17.57785915781153
6.9764674844916525
6.07591451386389
11.305779310107638
10.937988419677716
9.420614208373232
8.724766754111211
13.333182104435744
8.524186091165243
9.884610040769282
244.5
21.83824762955876
30.755145537459796
46.97923793605474
12.972645669227498
41.36582776727499
142.5910245248143
37.73233829333248
68.52717839011552
40.64906008515575
85.81069175179468
180.842100102308
282.8855578982195
195.5941936170331
95.43629332380969
205.00017789138434
106.90634755216279
7.252998946860474
159.31698558373654
42.15047271053758
176.51597308605113
202.31344797506384
17.332708677137568
219.4754882872438
300.2983852789428
138.76879733046056
59.57700017708825
207.32439497276658
81.59461885427274
63.48057947061524
269.16202871370984
117.61027283435969
331.9961778224798
331.8879052785776
128.44539571806453
275.24271364173933
294.137324517611
392.13117830098616
121.29430683567884
163.65816785247125
211.37403784533683
176.2114839050535
203.00460212137003
45.24231344768599
222.50293141016706
291.4658292154965
111.83721497022896
372.5789296363726
156.49099430884127
361.4632075809792
240.61754452531548
266.996565012204
208.57912611669795
249.77733721831177
149.4953780124217
236.4949098652435
356.99920906531827
287.00592501716375
277.74068677668896
137.91161423840708
189.11875293725004
145.4596172744259
350.0611959173149
129.02415941221466
236.50042155343647
258.3213987167615
126.82245791676009
222.65332813805395
237.89701668606844
159.45231363557807
53.92432020764371
83.23858771649078
91.82861728936818
63.304569497425746
162.48752422888143
76.0019827783094
155.78838644040454
200.32500638330566
71.47974371388753
203.13745993529218
86.6261887153853
179.09584713829156
102.37420356645256
199.28763837014623
176.63885338524955
33.12500112656434
187.6555276058633
197.0074230351576
121.95101175988606
240.74834402434436
106.34098549789728
238.43637567788633
109.31857809633664
91.6390516106915
189.67776952143552
114.9808465990615
202.18403843554302
106.23391366284473
202.47042706732947
49.87074385337794
149.4443535032575
77.55864344528712
125.89329915565216
101.61758428191347
26.605109457292176
66.13504507750054
50.09500770853172
64.95827156786552
138.19694948552004
115.42362732868249
73.85701184221209
90.08583655459718
89.82791643793121
79.66187662538859
115.93556479833627
106.24901111142515
37.98459417907887
72.14377232203572
143.69671933691305
64.48928242322803
143.51559029309598
43.30766306852678
32.68237933825096
88.37143517150022
83.58893722392305
46.67493072351844
28.591645831032107
171.35017605416368
48.31163837683873
33.222056402128516
52.45021433075889
38.12697183092095
143.60816507260517
25.25948500213208
32.360181872590736
32.85181939034313
65.57424282441225
21.651828526597807
82.92783288542515
100.46724754657967
71.32840568424939
27.278303397323455
37.202219237097
18.795756728514753
35.448764936513676
96.14127752985864
24.58615262357453
53.488075830187555
74.44481960804075
21.29665846156418
23.53262808305996
42.758739106664166
23.121050227204147
31.93507148180704
29.627108085976218
34.83883441262294
47.72020687217713
31.754582170586453
52.35852506741367
42.53879146068515
37.232299581279484
5.998842707443657
31.0964210673938
9.544063591033705
57.35929089005002
17.11553910262274
55.36235776629292
39.84530049743149
18.41560977627314
30.606921703764957
30.60297316253625
1.8209594675737342
30.28349177795208
22.87249881251458
22.271949172664357
24.874232134136662
18.241766301714573
24.73089319248462
35.88284031713246
11.213969160730295
20.70159880217859
8.556031522277296
17.19446783216503
38.762443327199456
56.73963681474303
9.480750688542308
59.24548818768539
47.232392685952135
57.67578393789484
39.60806208317758
55.715409461760856
20.72136888295647
6.0366507700103265
14.808216967713529
14.515993679627085
48.879753651759046
13.19245965064005
44.828553033879565
24.038422924966433
76.99534009856684
30.73851614256425
44.86699769917225
37.85803307511971
25.180382940912537
17.396709849895153
9.55145881356636
20.41006704027356
40.63699895823476
57.170071652080885
24.546141527151402
17.36676476154795
33.07034979296369
10.453390126956162
32.153984905686144
17.24022069954841
39.181800429786335
8.854909899866188
12.105610519749545
10.358666162311907
23.568860253599407
23.54985237600492
20.51494456878507
47.610531716638725
21.08786458784307
29.467236756422817
52.49645252355724
37.78859018025759
17.935575843526276
48.87546200959923
18.637163055976067
31.477524835141026
29.379737705098666
21.09310124211568
31.44323192967082
24.542474067711968
53.71187966990715
31.18969938842112
62.93237710825885
58.13302938486423
30.9647892688991
44.78463405400115
12.902212475372956
30.15342075115992
37.404721761369046
13.895571456749257
7.639173374443859
17.497535562920007
45.41281416098382
62.76231899375751
38.79788518022959
24.28855983916791
10.93167803994474
7.1346735390265215
25.318127388242324
39.17697621032004
25.035414818733518
9.783463444369419
28.300601271703602
19.00061863137676
8.981691427866714
35.7161542361854
21.1522522563238
12.453066062591622
37.67611744151903
17.195899865512533
19.29817920332663
27.25622870111315
16.215326768041155
20.63070356704746
23.19458373463312
29.981923934304497
3.6228268611628316
34.225327972580956
26.219299112011967
19.710365124744406
26.526235350988642
22.276928306246674
24.86503889191087
5.517163048890881
14.589345272163424
14.9087088376921
34.19765938917525
43.101480533837545
18.80419444853848
29.05233778121984
14.942593451945946
33.6753620896998
18.339614036496926
12.414043112283288
14.580122453714692
38.32583520091056
8.898822007696909
18.467057987612424
32.968041283693154
13.886773963380959
4.3885307271452865
12.565621048692861
11.166967504675352
26.607495729612662
30.936770695654698
19.18549540164902
8.129372135281425
34.65688859186224
29.340444599720264
51.84474345172493
30.145947879223925
11.333385065809114
7.715596836756553
35.04673321275284
16.394270865322543
15.267955697383645
7.323110177213133
33.54753863413152
23.240464656953392
12.761766757537224
34.43239850954076
32.86981782041897
25.363824038193655
19.836559945929327
25.757930138092732
28.282400652486192
4.412757548181155
7.057354710689398
46.01168305114605
27.243165212086403
51.38998127943644
29.64534803612233
48.54305658735966
11.268978018085244
46.65280379137211
35.412129788193376
23.606739337293966
7.83076562539321
23.307661164860622
24.24539796095007
32.88454286904367
35.56230584116915
57.32322284971592
36.288135541252466
50.567740538940235
9.60864770895783
31.731109066037856
3.9617120884715327
27.434128242601293
23.864101990078176
20.46503013166918
9.564429036496676
34.02884688601716
44.10296697988028
31.980761530567648
23.359814841677718
32.79574496516444
27.19458240424861
22.482091971325072
13.02969598800007
27.649177745768842
3.4367480150756076
43.67646821980739
15.353071999886044
21.051790444551923
43.33747954303088
27.711290234341536
10.612397206563655
11.942206343874744
20.92663127012856
28.66253044392399
28.126243021003894
5.4359390558809615
13.001030847560404
17.48783982559458
24.85441321523365
5.961095572561136
13.001610580270658
15.956206449009416
39.17074630878044
28.219858050841356
19.003693200936027
3.45116101723684
24.27044483360966
13.335440110003393
12.766074992841459
15.544914481804373
32.90829756925494
8.334303647656316
15.93844182469031
13.816897290813653
11.820771210501706
19.69669173055479
18.488287607216375
14.798056639749099
26.372863756398814
24.843227369452997
20.23121963440338
30.79576089719465
21.08625628929275
43.15602040215396
35.37274560334065
13.946353023262814
25.893684583711607
7.649018648194964
10.898194429435048
5.888736418466937
22.266608860493925
27.946658337761647
8.394362179356396
24.9952717416545
21.995457283670017
38.34733269247914
23.359253523074994
17.642990566958
10.810808320125176
17.118833382024448
25.989463566049043
25.633058198865392
10.259909560626554
5.406397019654744
20.83447469848269
23.574599147063182
6.339582443442645
35.0747600825628
11.935579003763115
25.495239383553454
13.775594784167472
22.734188572045788
6.201740970639742
24.228679852621056
30.199128350212078
19.492184268759793
11.027858914301522
17.980105628531547
22.630984144202554
15.78903607968254
17.40128222252991
1.853094928085142
21.488751652125476
11.433562155400748
23.21247654529574
8.826691674636292
27.564665792603233
11.087634442054
30.858982037879407
6.033508317178922
15.681271797571767
8.470927354887682
20.567070580973702
9.351575194683816
16.580043751836868
33.75554710888816
34.33775962565517
36.915201914099065
13.618773528998869
22.23050411859161
22.51737077828784
10.695666317081749
42.22957884646329
6.027942533087802
17.223053790476207
20.174237719817942
12.129248980486867
20.740481420349024
10.011918348198357
19.05645789413894
15.68979285539575
28.168455921872855
13.700042389918657
18.25589159937621
27.425525950850414
8.864741482626446
27.481392733841066
20.069636004122
14.70292314417437
35.951279624941634
12.113532807360688
10.452965947126762
15.611011474792816
19.631836821089227
26.50660547351199
2.9694559134611036
49.82195967224464
9.589893880845013
2.071981652557162
9.417233198025084
18.52037862359127
31.311926279323053
27.523065367110657
4.708643985316064
25.463478833926594
33.55858145631223
11.837768830668672
22.939428925079042
39.884235088100105
14.453833144598867
6.566922790941239
14.131496450608408
9.322382629206057
6.587709331460898
10.428829802738854
13.500710662207998
9.909621365405124
11.850532146664511
3.1530076204712043
7.783680789984417
12.809013163861588
3.6959168905230575
4.981685247394997
14.453125359704405
6.84986501651768
16.558241337283103
4.311560344096035
17.124219340411294
9.930587969314107
19.560994579492583
8.04198582947265
13.075876632796255
12.155416731580807
5.674133443183512
4.07860201021319
16.89186487099501
14.931787460133917
23.307863860942483
30.477678640680335
16.749721777557316
15.809077658552445
18.906268568957913
26.319672256440676
26.259807077564087
10.901417571082956
12.689358397889482
6.226494414312247
17.41774681388304
12.121173727513176
8.312442589303561
14.117330173824424
17.241785565307456
29.16488884497866
25.434451347494015
17.18417735278245
18.367940845203808
26.141166269347725
10.521037852466856
7.539621625358891
21.154365272580094
18.26496539735945
6.956227026952458
12.789099409186935
11.061930298327134
6.423637013060237
39.61139599484006
10.976822930845133
10.406181379603265
18.608159907249007
17.361562100457416
34.39671738071613
20.329458826742382
14.908997578400529
28.153114805347688
33.33164569450397
30.779322480814415
12.827530299952176
15.747192262442528
7.942861298095826
20.01612214140871
22.778637489436186
20.428941929708074
26.048902836206043
12.537868417751321
19.245080116414382
22.801917005310383
29.523519722705746
38.56132850225961
22.041353478211114
16.419868869785663
14.51547533474816
7.026033564805168
24.728860185121448
25.41912132211813
10.894985671605712
14.222796862036244
36.20720860580227
21.21579337033404
0.5567129561532589
13.167737591879408
4.771168928113445
9.438209737676459
10.378112283536613
14.90836066754513
40.18728451066027
10.623541117574232
5.0132001969601045
6.167915271343823
14.261944169525714
4.1079823720941455
10.196052599533507
1.2472829447418052
3.6274748658198783
17.01324053558781
23.338632265323557
19.101502423423476
10.136238775510904
25.976713016887597
33.80391823862864
26.81132256486236
9.742505157284322
46.525894684341516
21.200909784142315
11.946383978099346
12.527195969724769
22.858394099782828
13.007322337124577
11.913048557013923
21.142493209832118
19.776824810055018
24.30786753057681
10.496560758530734
19.8659054642378
29.785155834346046
14.690808696848375
21.361188505934553
19.69337001185215
14.24860320228257
30.614563985407464
2.4173037745091595
12.290300940317442
6.699049456702574
22.227288087814667
11.356764878836465
22.96481720061239
23.00995787526275
8.299521060775128
14.93454564306955
14.5471073650856
1.4877003347886195
6.296495586488733
15.898613660865031
9.896725400207654
25.273538119288997
26.758781993251386
24.473673296669123
7.985310992481515
15.772489771066613
5.787970487458119
27.54161006565482
11.446763366208343
24.71241881959759
29.0428680210063
10.336865823604553
4.871072314827423
26.106009205962977
15.225825257777977
3.7130458207134165
3.080238640441954
18.956274608427183
9.229162466581759
17.904339029971652
13.96087604915873
14.078724302974695
21.575035781990966
16.797758525136555
4.899877221998632
9.326058556151667
11.304399902729491
10.108538738341878
6.9133833669274285
17.192573214487243
15.27738807945918
7.812540006824331
17.519508360425746
7.972364844891518
24.79761782174008
10.683749997062392
5.574684236745712
24.479102107542936
13.153506616491779
5.8546545242010275
14.536664116303301
10.878906693472306
2.3831425411487035
12.073301788453467
9.881852984249525
4.523155929638195
16.334913572435465
4.020505513293208
4.699913703516027
12.895889061335845
9.814567661945034
24.16285508250826
3.1410126630452435
14.511568937458982
16.009671572669763
12.74804575536719
11.49808292866945
11.874238237551408
9.852287689796588
18.45376066926832
20.14338939664121
14.962855523539641
10.154803619183982
10.053165029402445
4.933524593860554
20.189041032522713
31.283081441820094
4.647437789948577
4.980747429831993
6.874734300080064
6.005946671722317
9.0544132663294
7.445508088698301
15.616879140864974
2.19253060747646
6.7091034784393
12.264853009453631
16.58416943940872
8.88982404318302
7.891647321278341
10.178818842941789
7.253535384027858
13.656370496204845
2.0728295691365286
7.015494268840452
14.740884054838535
8.032586587687584
3.0161585621452325
4.788711468023462
18.944310898626405
8.39708721617444
8.952576894898455
6.658519448685377
7.581891017428179
6.551089613556369
18.49349524720715
5.115496054794929
2.8587881450832584
19.553573821055533
10.801655875353239
8.837788102929462
11.282875461384254
7.730485611381145
13.466433532620295
7.425130963484673
10.74748592072059
3.31616566849046
9.229056820604134
17.823432503341074
15.90440373345978
6.032043482501809
8.202024538648978
2.7373915890761498
4.217373846955947
13.096764274094731
8.367875402846321
13.12042554130606
4.761039703963974
10.958865022109363
11.401050558816618
12.58667759493354
19.583719251328773
8.719394570550401
7.533609098859396
3.521857372712166
14.450597680770153
4.0334560318447235
2.632579199682893
29.216651385829287
13.422508775451353
9.933687635435655
10.11796375207298
11.724320155841031
10.890774938149837
12.02837335469295
21.466978755661387
8.37605062020789
8.158914494849707
11.118688274938801
6.3819762771318596
9.596470078428137
5.441023777796058
9.413177735411992
14.794816705775037
1.6994916099449449
12.37732284834845
5.106495350260472
12.527134509891063
14.0543603466423
19.716178345374747
6.956147626187754
8.173875883758571
12.331747367554849
13.873161017934653
11.778484168766743
5.752217396480325
13.424352595862759
11.116684258168926
18.64454595020705
11.781364434976464
11.341403919764828
11.34998865621321
6.330690749049884
11.567076012129062
2.1601718036138093
13.18779833768666
10.374203653664004
3.3208758405756567
6.976462358860998
11.213225309046395
13.465935107554307
10.822154753662302
11.877639667761912
17.875363668466317
6.742438107140839
15.53195695279728
2.2169350096106264
4.865408023464333
16.921947849337126
8.598160423788599
4.142387676072513
0.921327329133401
5.781803534410581
6.490121803604633
8.65070890010995
17.536092342440014
7.076669605712791
12.782477946463587
12.350054571780575
9.384041299449596
5.83380829428347
16.802805871823356
12.996062008449607
7.30218626915435
6.791771728353893
5.159276236668349
6.020154402141548
2.924125049983611
3.570947810979921
11.192903913811065
0.7859590045254752
3.1356621065688586
11.679290818939279
11.331652360604428
3.9974746688472638
7.3044692201627175
4.162231327031777
6.6042987432942875
14.420365282654522
3.979812227392031
7.518505484180187
3.522239983003314
10.7251028481312
6.673215938156507
13.869193860390876
13.981957466677974
6.1816140123124805
12.348438417362194
7.837236448033991
9.421890514325494
8.488229017262276
3.927819311888384
4.092317767055809
4.916821667081132
8.389279894656756
11.35207953144491
6.42670733368433
12.779109389904058
9.394732367814457
3.853792160748902
14.300862075691349
10.113703688841486
6.938085809492176
13.416908658149199
11.640464205044509
4.7167230788743355
15.787472591372385
2.6338881784747423
8.59391362026154
12.468535634934497
4.592406597291755
19.00966157283512
12.52192740120173
4.767807474176068
1.8097366185186565
8.151878597426741
7.840745606880127
8.137080176581309
4.884006212978327
8.018579457742728
14.36682308997585
6.432154556041395
7.471318123217718
11.987057453929998
5.017870255834994
3.909524050465134
0.2590855965967323
2.320646535987569
7.01235496540758
10.486901803544418
18.46690309254052
3.209278929685924
5.105570648049987
3.3461645320855298
4.6208411066487125
2.5774745773369965
21.195259012246126
3.3618335114935114
8.318023160344238
5.489476653462803
8.07458463942053
6.273103280368985
11.62361849370756
10.954076818721806
7.496866053016809
7.0841092914419015
6.190699101022451
12.30456724598679
8.191107830239886
8.498821111898835
4.986196444382465
7.400043153673971
8.170908041434393
11.672820713582855
2.523470422801398
12.652061079603921
9.580592873053542
4.726068807382074
3.3431965281493343
0.06875517704288178
1.827292862615278
6.178230955257219
9.124880926889634
5.843717051905084
4.724479723586505
1.3850220438705818
2.3422914478432135
13.243981422362259
9.059645650862588
2.3785298031696778
3.8105592674073576
5.848227259254743
4.860825777286857
7.678466409560452
10.188435902410156
8.54607014695986
6.305002731537584
3.3533084030214786
4.864723095260007
10.343975426156806
15.960236800790936
5.282904904380329
11.362025306431926
12.278953620604566
3.017971048208096
14.673475386080396
13.553279084465853
7.590430846466762
10.683022454918348
5.77306580398742
9.61357542922248
5.24344600596636
12.097778201651838
9.335183065165339
12.709029192714903
9.087125727999437
3.9738089149920177
5.3619369590433505
6.185694090655438
14.749035009726862
6.0617608668966545
11.800291564677552
14.133097162086624
0.9136570692488261
7.499792140375699
8.244930891754974
0.36125298840077147
12.658261869099228
8.325663544414523
7.731188968407748
9.164035102673314
12.049566725397806
9.277016630996547
7.518145934843532
8.442960642854294
2.428949491518541
5.057500049216593
4.981377926755039
9.2176826480496
8.896995917141009
6.687073719070898
4.944640939785599
8.589067604226882
6.906144004572888
6.4290227534690985
2.4453466960811636
6.774544072012086
13.184167698782929
10.312857219025998
7.797646535642486
4.665427197300289
5.0964210787001925
12.746558385086704
7.093073395251982
4.201259532599916
4.16158674435254
