118.869
141.7954093957637
27.833749327840458
54.89720899930612
15.560865701046286
86.93134130588213
155.21365432207855
117.88533872407825
21.785682257680367
138.26255329870955
190.9110368208243
263.1357058889952
244.86728359597197
144.3247396314215
141.05971626301434
157.90252828239568
112.27779679413618
133.9482844788062
259.73885585977797
203.70055228255026
222.77356414270932
214.77939865756522
226.44484853190218
84.80187510867917
42.7212780443933
186.45736806409164
119.61558555274232
282.52286546836666
180.0730199748038
234.25425936209726
82.48513793097644
162.92791466321472
308.9530755217119
294.59784717547006
202.60943686220944
64.5096189486533
77.36149360900603
9.7845893837291
116.6252884559005
146.23220972695964
191.3889820314518
38.48865557475679
132.03931173383052
274.9502068909432
49.15735801446086
287.04513595822067
294.2930243555431
418.6149127994319
353.4116432039059
303.8609942686456
340.283710389912
180.64373411368402
191.22550243854414
149.4332874562236
163.99808316933607
267.6577976930844
196.35156457843013
155.59070553435188
117.68160199164181
274.1795932891464
76.48671377647301
238.44911554666473
204.42449544158075
102.15433730160795
102.00597227939325
166.16657089632483
118.87039572313897
119.23721199128667
185.77638917491603
81.44377233517396
63.94375289567907
117.76564861516796
81.62484425334489
174.30894007561346
271.35730426825046
98.77483358489981
99.48000424844241
147.48866978223884
198.0797245532628
145.7823439457642
92.82626371956187
283.2988447258865
219.05574503560965
42.593640173119034
123.31516976812486
90.01277987305072
41.74007015297353
108.69359387390658
38.52924311657324
38.42965101109141
107.58390629363625
121.9057980615576
99.32463743333243
92.91504209645254
41.40114043350187
12.998466209926827
93.53478157945655
115.44285579191465
110.3253584914307
84.6980405520058
189.63152838871295
55.829710794600125
202.3050920514741
139.68738178700931
125.18143342695001
101.90667185168941
108.53136390974109
109.97503849579417
56.4813286956389
72.82401594621912
117.65770831567482
107.11997265972157
86.79102292918554
83.31567550726004
121.05326175396264
101.61273538424261
62.95317193315805
66.32761071822672
35.132668677693786
38.24362389152741
9.549106195608115
45.73313136838365
85.98560025989619
49.70241188362929
98.64452467887087
27.04911686265647
81.81777902832468
48.491308755186196
59.5673423035615
26.377067566943783
38.118041505432764
49.23983299408849
11.951350511794251
86.96639111901219
67.32339668763225
51.59595506456334
26.817252070008294
78.50641866209857
98.13659904199368
31.300394516789225
24.473720816881848
57.95323205991438
24.210087454046025
61.82545891358645
33.02266949530763
76.37357229449442
74.69053338085129
65.42517162232761
27.573493283468363
47.153130251098034
51.66419284065724
22.28448637996497
37.35817467578327
9.753197328746722
48.49069761926874
50.086419003141586
73.31623174882087
54.01357833260731
25.371007389450238
36.48697536812562
29.572175831978022
66.3659428407977
16.42897302958052
30.80737000615082
19.919066070350585
27.264412525753887
23.354171210744717
20.570552761030036
73.29175366389235
6.81038015332014
11.843841131257939
6.859100338357679
2.6286019873472313
12.606744474757164
54.18000591457374
24.875788894956774
45.738756364496155
6.036367256836004
70.89219593598416
37.909889204166575
29.269074761928472
8.332259559850286
31.973882951691046
61.85282946768902
35.13629036449624
24.884716624746748
6.806475438934956
17.36841209056005
20.250691239204688
46.64277946036334
44.11931100452506
34.64156552197807
23.050158069472985
13.212573021174414
55.05710073554892
19.593103291396368
38.41209111985369
23.670877241159335
27.517429666748694
58.83815416820579
57.177899296281105
21.656288729021526
33.46761126827532
25.31045277874325
42.94521233299399
12.933048846556014
25.791860371072165
19.202451746144654
46.125652548236395
60.51492999102721
10.453881314650362
30.899368229710742
55.01681420950479
37.7199088282472
33.35150110769708
28.573521661397375
62.64236828327501
53.29135718306893
9.726256047923803
18.156375912390637
29.12674438836639
25.646554183767968
14.643635963270993
8.9643005871555
18.07412895592562
28.624430916223275
17.74647330344117
7.172208829939537
32.62039939996563
16.62274422230995
17.681304707246685
20.218653699602342
56.073351879106
19.286508381461466
22.313865306947555
50.16327810268289
27.297066868414696
71.32592770182019
10.076604730152017
12.390454112540795
28.605148531131743
39.77079208140166
50.75138563899823
31.60304163940909
30.485909768735016
12.107235167980175
16.2153825719387
28.226055173601587
37.80363445635645
26.018763708451676
8.240263823876885
23.35711805256515
6.929813167023264
25.881302415649696
31.9459398770631
33.44981830666356
12.255794124984481
15.219220878371468
38.531014312910834
17.44494588384289
26.685642688816706
22.763179472281543
14.785378085795525
10.71069088489266
31.27205441401572
39.15965550076845
17.406237309213584
7.185454481296597
31.390992477993404
2.7756173805505604
46.0616862053458
35.11223748918076
6.451131095014482
14.053860390285896
15.254820679510553
19.051510076758397
29.837870481073782
29.704344480779728
30.57716796829969
39.85692775288265
11.310580992710506
13.609909642170374
14.007081476270423
25.637486827053586
20.404351918933262
26.5347006479306
24.276589401181635
14.42036054413873
19.37476061363942
38.53306320552309
10.032059662355934
31.820276137509012
21.420418709564405
13.665116359102091
26.590503547695732
17.77592018346803
4.110470047180216
5.096959491653196
30.444824511244505
17.385356765636516
33.195571969741806
17.406996949103693
18.08691626541659
30.210966486907036
11.964433677340212
9.125757668017089
29.330845822672178
15.619408683856783
8.657804316292987
14.341447077678374
17.818901335425938
19.335277326535433
9.00197115565137
15.920236519491771
26.013773650786042
18.406505215004564
41.9629773225788
20.639087886723658
13.594700334336677
43.20414223721064
2.3943413219766234
23.663545098870976
49.014883879077104
27.449521070616278
19.339013837022677
19.575138509515845
20.44917626180691
25.987382646892947
25.73494378710723
34.152869181439115
29.030899142778093
22.731653165828327
14.047782948377352
7.819541994070708
34.59721644686226
12.282117829612867
14.346127190806289
18.26434068497325
18.501895092132553
14.664250428553492
27.913879375911776
32.36400001373852
15.630485945694712
16.75272460961448
42.39103831157935
21.495851084099353
13.386531507261944
31.128186457114705
11.552521243589624
43.01446118213008
13.580983447195782
6.0880028143721745
6.622059603880085
12.80827279997199
21.616663846987382
15.045726551387444
5.224571305650597
13.931045513486241
4.3678669871047235
23.515865230880575
18.586846691043622
14.370677497507165
12.973164381406036
18.022157265993524
11.304742787506369
2.817540345091904
20.54450379834978
40.7571457909416
6.5788429955843375
21.50228207212023
24.143337324156782
8.219766695380855
15.736526104591695
10.502289668280731
21.60275819982165
11.363141108383857
10.175322347460103
17.33613810968289
28.32371183546635
18.29881956371763
3.4584178900320968
11.031864522922449
18.78502465751305
18.284163717467248
4.747505933932367
34.90027598419356
25.544780885018117
20.078931835147518
16.88917651055251
26.20091370445552
29.889819538472466
13.698373823335135
37.48953349275793
21.251679414565935
19.22491936819464
11.991178031944827
3.022638527294111
18.01756499856355
26.203904061350485
30.097881077321926
20.224692781332706
20.30059537051619
19.75733193376831
8.952232068571261
9.962792583944822
14.79130920267702
30.10055483496336
19.98979566877663
19.937171134294456
10.430211107758694
21.21522836952766
6.274442852773002
9.479708263522241
10.475388867390045
7.764153845931127
7.765912359331158
7.290842351087142
31.06465210079537
20.14391161063794
10.473591330412109
12.190690467694838
12.660519806384748
23.440679218156387
22.73604858316594
11.110652926063333
7.27500011360503
23.76779209659178
18.28198612541603
11.906185513330636
22.584464175515574
16.345842315232613
8.738889309424295
13.379528316007516
26.216174767198247
9.53649690354654
15.46389555367226
11.408030646091227
1.5820732692693102
4.40079402463471
6.79252278360718
6.405487926665867
19.802166524370225
7.956261168948644
6.95593024088271
24.48462484158661
11.030088716162647
8.230483417918824
16.461833169277547
20.53412513898605
33.333001577302156
7.276238444792438
13.204046084393909
35.31493435535475
14.461119889477414
14.134197390148723
19.68756011827868
14.249611783022948
7.494989897143891
5.193845494387523
18.544275247975577
6.654009143522412
10.79544454942788
9.767870337914111
17.447586014155547
13.024489759521302
26.7738930982378
8.079087365797966
11.640187730265943
11.240444892492999
13.401723646656741
15.71938089431331
3.9776633558818246
16.133584114845096
19.55619503887462
12.144968060944622
17.811714300385603
4.2406069841774015
28.754102915602072
12.420455177085937
22.58270549835649
20.867214854900418
5.07343670911706
16.149380754213595
5.596950340313069
8.093769587133083
18.567470616049928
7.2911756733365465
10.188880985465369
4.300478426252774
10.390975439602157
11.824825475085602
4.822911786502631
9.123476194233088
13.17353024790928
10.431531638365191
9.478779143513222
9.119741524848164
22.557583865400648
6.050196562889488
2.48772907695065
18.00069938781001
5.360337546618258
3.1502528511891863
6.7261206756412575
9.26143089482072
4.365561625522245
7.4254855988239905
16.644936818204837
2.6481493768553754
6.052013788467336
14.409935279191057
21.356692444094264
20.59035874074466
5.188031694118579
10.456057287070397
12.306795591547262
26.76941881705094
11.68272271983415
21.928270128734653
16.3504481930925
26.31499055842444
13.956841954865585
10.290495342641565
12.241870416208055
14.091224342978593
14.64650148230351
10.593278303213184
11.430956676962868
10.384289760467727
13.692739246488589
20.844588698252245
12.640055130725072
4.378203921267812
18.88814150539345
8.675332753228826
0.9670498997149861
7.602113242644271
5.654339534808043
26.89948150197528
6.958634966584082
11.096717813973244
16.247716246912844
13.901632963367065
10.841999645872916
5.889538990835218
4.914950692428842
5.815764199814484
13.670427865664633
14.646349290139268
6.279845963371316
9.386056294202676
10.38430943675061
6.859723756889854
16.56210241475232
17.311780682871387
21.23486942342577
7.886468786468965
7.1511649880301125
18.394116622131637
8.177993513401065
16.223226350890478
8.257080584720471
14.650334013885598
12.920805957211764
31.936497119334607
28.414355517824557
24.949389279982547
26.823499409722487
17.91822237018471
15.864260836948258
8.645505172522778
19.59384827045309
32.56777599160802
33.79838456707616
8.66555014086464
13.4002301317011
23.5079211936688
12.087767560128908
6.742513754304848
23.75704618411515
22.775936801156814
15.942874975030886
2.810587366142233
20.818077884602857
9.118427782116813
18.217644530269627
14.37854967681674
22.77096724204908
8.93446339836319
12.966691699972015
16.369139289570548
12.596460016047148
18.43678702403809
6.572010025504802
7.072711619999831
19.099536713451197
6.694315025313348
12.801977849183107
10.545593027060283
18.611415608164645
11.626898061394618
10.227391225510313
17.200435533389246
21.4180282063428
11.09965509230658
13.576641667544344
23.20608999906193
18.215457141471646
12.263797153913469
4.7302357382887035
10.943347407265977
8.61034831439967
6.8095305669531125
3.9232308419095205
14.989978063779102
6.55418913421068
9.547852997361176
13.541498951623053
9.440270534861197
4.7482394901716845
15.909754114988383
4.7744027947675285
7.261407974746546
7.8256527962415685
8.541851022616694
11.369269573678231
14.225077812285948
19.81426422501651
12.565278199176008
8.649707063670721
10.0657988883132
15.732578101782252
5.642959560842729
6.319271416786435
23.050002963084896
6.075072562224479
8.280056044813362
8.453070553766747
11.951585103168753
14.678251491622886
9.035896325577724
15.44639543046616
15.95135460547583
8.04732472775616
16.76770879940461
28.006200217385334
9.753229384564587
11.016650504764344
15.209756820054709
14.359128643142641
21.439305055498544
27.00665230979466
8.606951875911218
13.314863404862928
4.968031823189671
6.219861066291215
11.991901792541626
11.574446521269268
15.285750879786644
12.651005212879253
14.708553574089752
5.952491995830145
13.148939082589518
15.65569633060103
12.318968438991934
13.492564244210069
13.057196021674585
10.010085420738012
3.9153400671491037
13.978808094074383
8.028571388417356
6.497475421606614
6.983560151509433
6.927788321529986
21.733141529445366
0.39323927311700135
8.130585718286994
11.623405304984969
12.194969604663067
15.13066230702861
8.052219405063122
5.89143994526938
15.783945643171108
18.66231558444026
4.532379533892134
4.296160905201937
10.343777984547645
5.953142400073181
0.659428401755245
2.5159263687090387
3.722215451715606
5.861830506334157
21.046740219981785
9.102349772011607
5.705712305595068
11.970817411525694
15.60104340617135
8.057350874181827
0.31577073505962483
11.739884217153733
24.94487822997196
10.492296304223194
8.828499408728339
6.3474143955361315
6.061051420785793
7.259399166788002
11.477575432041826
13.463039720488707
5.902538149234296
9.70691937116212
13.167228140712893
14.643819065106277
6.145376873776874
8.173352859839909
5.486412379915819
7.712474733963573
5.337335517546754
6.703250810525979
3.088726409710111
9.68765577489312
8.540501709741802
4.041453697943567
11.097784142805214
1.890407876110082
9.229920287152693
6.906336572682219
5.50826791960181
11.345569954634229
13.498420617260336
3.574140370218083
2.9390922588952613
4.228800033359905
4.963864231834755
12.638479197327172
8.409657563198246
3.6082758500356538
8.051788945749575
4.103055544955702
2.4317779512036912
4.570811183386085
4.729917984868248
4.947642853970348
0.8163157697889589
13.151362618482402
8.70836034737408
9.943022832704697
7.83002745154842
6.506132478214334
9.932536571356886
1.8799043333056806
15.210737679842284
5.294626757644702
11.296922183352958
13.959980987888786
12.328514406475328
11.774835855755892
11.155202282529112
3.9349282784224946
6.456259263081361
4.3515633764444885
13.70245006858204
3.0025819294091307
1.6948093319955202
7.763060978344151
10.971384594959336
5.549906049282946
6.252995459846479
6.116258484714598
1.9809710151308104
9.110683981507446
6.187402416420122
9.440343294692667
1.687836636774489
4.752165482806106
4.02229022546588
3.033757739872226
16.22075159884763
15.79961806561569
13.302985986161978
6.453879704414172
5.612770784343225
1.9690861811759555
14.280889471726898
2.8714677267916144
10.495930107840907
3.933847103241173
14.699777928258461
12.467118473968519
3.373640297330651
3.7090291734937377
3.8552132216613293
11.442012552091303
14.130225432824863
2.6063076699640266
3.0387034011579868
7.976146517756799
3.2268456123636295
13.463858185841284
15.145381370003104
15.750061031641376
3.6082407297860875
13.999628209833096
11.416240766590011
17.29104904716986
6.31729425162956
8.021910230229622
5.9887074696586815
12.258139194635392
15.28618514094596
8.32716491553439
9.216685314333796
12.426709749508772
6.114117876936691
7.6508028396591525
8.66914105764609
6.513779841288276
6.524620286083667
4.396362142031341
4.12398319407046
6.6670512241653785
7.7836136634833295
13.856033646072978
0.28003348406814843
9.198735783353762
5.771884709563455
17.012115159718803
7.5369144355824185
5.181006081231664
14.0876177138872
11.416353184639735
6.74739157864018
5.492652282109042
9.352988522454572
8.4487188338728
5.564091244473731
7.675417965022216
7.902590333107296
8.666473449790832
5.024941965114013
4.485847150219265
3.4644814550141287
5.562543329055184
11.494904141630713
4.260413148915483
11.632529901335834
7.013621064607342
8.429354726420394
4.893316939786774
5.390601733230238
6.537589407238723
18.8387241985188
3.9257577041478253
6.053222069963304
10.791989833416423
12.126776440531387
9.79205311144796
2.207944433220883
3.8630820800579264
4.470750115727114
12.411756842322319
1.838879839842912
10.248939353051421
4.566918659377485
6.932733485876017
1.2852542687171584
4.191107465736452
5.283762872765664
3.723272122377952
4.286928721163522
10.660448688392226
8.766741474463114
8.590846157803815
6.16449820272721
7.2392099053371535
1.3753037571272058
9.967806775474408
6.042301011429711
3.168238373433943
3.005535332992245
6.756052291894424
5.634923686740444
13.412857141331623
4.633661004198005
3.502293417391419
6.18226844214575
0.8972118841917155
8.32908610320509
2.180616949548902
6.558022841671216
13.463498009873803
2.184605101366135
12.735187377843602
3.713925852549645
4.176575726313977
9.865612024111005
1.797570905493334
6.088506861755738
2.076613282882476
6.04010479214561
8.8048115120476
3.2237013545155584
0.6540781275150138
12.755886691411987
5.045562664592117
5.576130580016834
3.1623434689327015
1.8613131217840788
3.7286396222927687
5.913732520330434
3.5467171664828587
6.458494966780351
4.349246023738164
4.856616060712406
1.9876889631167343
5.735632141873921
4.330014878180973
5.720562398464565
4.197885297237134
4.5140053920085625
6.203243454933681
12.68649615554307
5.201568141045823
7.243600215300433
10.856850913659724
8.432896490384392
2.4062365805054275
8.292945289551897
6.485442397133876
2.4912504704012757
4.912193781850913
1.6042825050091856
7.560200420443203
6.909831016426067
6.368311128350295
6.216039487414405
6.2227445643919355
11.16326205691291
9.53653747840489
5.885766503911048
8.142628545621154
5.703620690629506
1.8407415199616113
8.290903693623326
1.4476803796355524
3.588284318781568
2.142975876646943
4.711213495475906
4.612232736444092
6.461867815073828
6.4477615075670345
3.722516775918113
2.813877016845966
8.86910173135072
5.49333085563043
10.811338702395574
2.9864524322020065
5.996767674728223
4.065786535662908
11.026441437906653
3.3155547391353632
4.5916246300325
11.882373250871916
6.162034347455105
5.586529306878502
4.845951670082941
2.1696552262578153
5.744654265598096
4.737587457445039
1.3649248125695106
9.12008627114869
0.9472437557607071
6.781174094814703
6.730617538196121
13.544343414058599
6.7983773315337555
4.387459074211548
2.0063902700446543
7.550649947448092
0.742823322156869
5.797291138394683
9.250752859814
13.967441436113578
5.347099755209545
8.070174204428541
1.8324691682577996
4.528027160581103
5.273127101257531
5.7060210751969915
8.72424491565096
8.072400303921924
9.378057759915611
7.477235325515326
6.629347678247147
13.40138493355105
7.530564808115046
5.477544539073453
1.626378360050466
3.735356720062553
7.3260966172488695
13.672732066445976
206.612
16.271361990678876
11.285788433137272
49.9746102665455
13.356373651073932
43.55127497672404
155.43251037290577
23.500829619654052
75.57056929902531
38.47018681618939
122.31281422868854
164.2364334990756
250.4595488545004
166.79772301598405
113.5480725956109
196.02058738211124
118.75574388068263
36.966094016973564
173.96690863845316
57.27922886440778
160.95928178244276
175.60935218400775
44.69839232405067
166.8792182677258
354.7383031734261
101.45873617862217
133.9971361197796
146.81767139383206
123.21656975332118
128.0429170296582
250.26146453935098
90.0072316213341
365.25766409248877
286.6331958266407
174.24816231699535
342.91112656198135
222.48605864329284
364.58235988237794
129.41166513288334
126.28542868702944
181.71133474563837
167.97861108171048
186.99523187196237
17.013803144374315
268.0485306304084
302.9342326368452
106.54527385488576
374.6745286418653
192.17681121358467
339.53087097702604
238.29727605845707
280.8085819021617
126.109202429283
324.5554789391888
233.64982076305947
165.93449084846347
284.05807419672675
214.9331879199604
230.85901285691602
53.84729228108401
119.83183423141452
74.16975356056274
468.78981506853427
210.76311605446438
132.5095289347575
135.31154702242506
53.26931534267957
195.75815768806288
135.50462388106143
219.10684788067542
110.34035754284947
118.58933977995454
147.5554708468915
20.25527387740463
141.52840371223408
65.9886700414051
108.78085239790384
150.1223916538586
97.23297735588567
228.68338227104115
128.6924529575085
216.73210976623957
137.8946998976022
168.40568109906533
172.0476461595741
17.696385880337
163.4166796236404
224.4218136248387
119.58560281034516
248.13957263330187
128.60314160197007
225.93075784446927
115.87487670465342
87.92467966907785
199.70267294303898
126.93298562313674
186.26910102682353
115.57933862307681
192.9315175312345
29.453764781852456
122.93366751499427
112.3045210474269
144.52093281808703
75.27288633250569
75.57005545947413
105.63669220951829
55.997178799947605
98.50487886954902
134.1900237303369
73.76065337832226
52.72510261535686
64.67397447831927
144.62853244331055
136.20762311417053
173.3562817524711
106.70705868171528
38.29705444978155
22.854350319446503
110.06269591673848
100.28549567946199
166.73557683394714
44.49795729155331
58.16215699516767
59.3507519655321
60.04936400441631
63.36237094968142
16.227472967233567
170.69137302767277
44.67518920503292
1.305299657609347
80.68998920006611
63.455251930777344
125.0230236450165
37.72918850251016
34.797140934164226
32.651064464966005
59.5296505505332
31.96201139719251
73.6042346168828
104.45547887185138
67.04558941361255
20.18732444585128
55.123284173253275
36.30107049608696
27.48175016360274
103.7076791230903
37.1386708246271
48.10555455127466
53.673280071673084
12.772590305161481
32.42102594624949
36.012395587051365
18.57765817540792
31.028314416108184
46.78836480501848
24.534317822644834
20.498756360563508
14.903423477071948
39.55689327676851
17.188696727605446
33.489427334791124
32.01177708895169
37.50580375656815
20.437366161818016
68.62296949860723
19.445927021485783
62.57053458364441
34.632259210880356
19.50794092155253
37.71828629406516
26.60839982073703
7.965453012705832
32.92329719711718
25.298341125375554
19.353964330148965
28.724319527067266
19.01935413233652
34.75300433245175
46.82028977381155
16.58378417424039
35.719146419182934
22.46581012587698
15.100364146198688
19.20811516743832
44.866815422580046
13.783151860759078
71.22942227921259
50.73589183803659
56.98106438836593
39.86223431509317
51.244251122016934
13.908336730515513
13.923185806432736
22.6348711581652
17.250962291715314
38.41695192988027
17.926055732111568
41.19402788235116
39.61175578939499
75.93895158735168
38.41070792971092
52.89886695561497
31.587673862634954
25.843523322223486
15.620552709728596
6.625253168268288
18.133012783914758
43.32334631435204
53.803433461845124
18.26068850711062
12.034086550227101
33.782904010732956
15.478230499083692
28.268655018858475
20.666741658666385
43.3067134893831
7.810371935286744
9.900895580632193
10.205819831750594
25.89042327820435
28.698336953130053
25.489626977415202
33.76894108108412
26.147687502006345
32.585763614905815
27.307504449459216
44.9047480229873
36.00931610319419
28.992854994290735
44.72712103353972
11.197517615375656
57.413344617212154
12.028733235404363
7.007214601805988
20.130804155784144
33.450898656093
38.49712501936127
79.46755240696424
40.63813101702719
14.71675334577296
31.279826478933906
26.63818823668207
23.687475086481026
35.76632844908236
16.786524458170565
9.023750070665713
17.552965669670176
49.65760812519407
54.04205154738931
33.83098203321459
30.106209091389754
9.711578923871569
16.078430268074293
20.453897745352027
28.434528838051992
31.099115778833347
22.68451590025463
33.29613343999556
18.656887434237568
20.15273056551483
25.158926226642937
28.490918940401766
16.76525341137507
32.12702281914244
21.681874879405328
22.421068886705903
21.11370487958299
16.818213969533577
26.35081811776091
14.72600627759289
21.706390606594297
13.833424398411697
39.50956063906935
21.863497597901986
24.697461258445887
28.420821982961712
21.074391555705045
21.002513570997152
4.617317554671893
22.351404706993318
10.43313202562554
43.94977871251622
48.303112382310864
14.018056230630432
18.92698503865603
19.876967580695922
30.464234129321227
21.11978008618127
12.294689010688748
17.655223352941313
37.09928753177813
15.254500171983484
24.649184216890593
33.344555658574116
15.264966474009315
8.78687811677562
14.853720787060311
10.580233391910976
27.39564985518935
27.887720000102686
13.4756063833205
15.445850747037039
27.416061343521818
38.23359326166831
42.98478454804167
35.95572448052571
14.025121999459879
9.83485422830762
32.845572087792895
13.860917840290753
20.61799424682933
7.2638967500857134
33.30355594703037
30.893556315597852
20.358520539727948
21.327908551392607
18.719208576054626
15.935378167420971
32.25057453412925
14.6432060561306
19.3760689088084
4.9529973351313785
9.165748801289254
51.66588150277787
29.17144852421652
51.10774277135957
28.463329756940144
53.17505097883877
12.846518124565655
43.456921745535496
37.78581782751925
24.612690251832763
7.095400325384333
25.19517992473685
21.923437000746095
36.89547275127991
31.3387291884618
53.36687247976642
39.38708792336547
52.70032930659653
10.590933205489858
32.76124348567684
4.843159829415105
26.388406713691893
23.673550050722152
21.014236405214657
9.559454677934909
26.05057671660648
49.69418493824886
22.639332425128618
21.656075446693425
30.24265660500253
34.08739085058682
16.094144123630947
18.575468881940957
22.60287689059654
8.08049020567269
56.58262385002309
12.120189041272367
28.89985043763314
30.38835581023346
38.90191195925453
6.623576430680786
7.881148379191293
34.35070639481804
24.517341574501426
20.895588579756733
13.687561456678173
4.3878399402730786
11.257953294158881
32.536211389456554
10.804450459834818
5.367928824218961
12.352961092569242
35.723994826107564
26.403999152987257
23.400922262873816
5.828638599411472
22.777386435422574
10.726476059704776
9.081967885731274
20.839621675299494
28.196363114679553
1.6555596535241435
25.98658114215822
23.999742070501906
5.470568486028924
24.214718558084456
12.115968431295226
11.214271146328606
29.85614626082565
31.531613157533393
22.602453377579902
27.783039257849293
13.167865846677593
31.666591861835197
38.01307137695273
26.23281362042337
37.66418015479518
18.756227385151437
16.303462853877907
5.733311085862062
17.61686828126285
29.11178519459204
3.311731338202738
21.639645634557823
19.73274954163271
39.667584474649274
23.684014023917015
16.97035877619224
12.130525175990075
18.059883063759845
29.165215340207297
25.432980498783596
9.207270444465863
9.543042642624496
18.33941445886518
21.768680570407216
4.2962720505484775
35.620010827098874
12.559568284454445
23.34012922422921
15.120098519778393
26.693072698564443
8.426857382231182
30.91911523000817
23.583474282667627
16.70761752767908
15.557556983247148
21.861484425963013
26.896222802818475
14.873820133257949
17.846952082907716
2.8944328982931884
19.001858532386382
11.172319968574584
18.277495493690637
4.275235882104985
19.847041115344215
8.284459261568184
31.289615740108854
5.201410524142098
18.434742709281977
9.269715741351323
19.659942047206016
11.889400015374376
17.629702458168325
32.229190027897175
34.92942099295217
37.64285050630384
12.607888814496947
22.7639790346428
19.67074775208185
10.600939799995743
37.59184533742136
11.343115142068461
23.44055692861584
15.81982021562531
19.29231730126015
16.531957269868986
15.466782165030326
15.872205139491797
11.4545540251711
28.800087789799427
10.177293459406938
16.213510725047296
28.475863373989917
7.579915221414276
25.60080321867409
19.739177756957968
11.523208246718896
35.919881161891325
4.9507078704721135
13.360804810175496
21.466096429735476
14.043747073376059
24.956592227562933
6.792681947484641
50.39328555556839
9.411225314063202
4.139260508631264
12.803320677831266
18.15664257959217
27.91442419731662
33.74465861381069
14.29620017326457
24.117902014230996
21.665153597801357
3.00280048813712
36.06523548769589
29.783986615873463
21.67917641798195
8.670578504442744
7.84793757807643
14.149214839127135
8.68508081826147
5.878924713728775
8.22171992313132
15.451385158319926
18.016745653683312
9.120973639895958
7.800361796571519
11.930857295804234
8.197982107609029
6.992774043498834
15.406023978548554
9.219184382175206
15.984143742661463
3.4167193507923996
14.518619000866321
11.651989227663305
21.419720072397464
3.013755481923595
18.020104986313477
19.255036109940548
11.091649381042137
7.355155627136863
9.853370351712188
19.99275157336599
20.24754158229412
36.66249989337929
14.60327285434881
18.028772139540674
17.62394233206919
28.93703945212989
21.48618257040249
11.994631501484402
10.876806980010144
4.984276390845566
11.601045745532216
16.76355896393171
18.215981599301053
22.387660638700776
11.539429818817242
35.83865006535339
25.537288913464657
14.546744021333414
11.923021140047371
27.98605626548198
16.903745436064195
8.449291623172112
10.777126509693305
9.422681023403808
7.106652161331737
5.371397412508064
5.9745486377894945
10.748343161706154
29.091800987389522
6.7474752220658925
8.414339128967224
24.097155774587215
16.485248501811856
33.094048744814074
21.65558710816526
13.868015972875297
29.616856952801907
34.77347116113823
27.730220960557116
12.057481889284622
18.339867925828653
9.979944886176895
23.490490957273746
23.756938042805956
18.803923520531562
28.121081054005554
10.949036717258133
22.073351636178554
18.66731359472088
34.5474173030621
32.96821634429407
20.206539520794525
16.85037195257358
12.907825545105313
7.088449567671328
20.84045240064368
27.689961202107053
12.290769480923272
13.77179111150671
34.86105023455614
22.139568882319345
0.8690801131771125
14.997803595548007
3.465597640935642
11.010535069414836
12.872714719773192
10.733458351004113
38.40129446324307
13.964809094255266
5.0554480821794545
3.1614622842388296
15.48636047381039
1.384291813303047
12.476315359278873
6.805537358636995
8.617874236132545
10.127596650564012
16.06929575399705
12.00283117171468
2.964267648314065
26.968720905510814
33.39493940807705
25.70107561980532
14.760473170869133
43.80343486691071
22.70234798823118
17.266226805012472
11.599618043046663
17.933627197419945
14.458209150649408
11.755904937007106
16.387051364110803
25.307690709936914
26.744936264330335
6.260927419378726
26.13380442158649
23.76601233515613
15.368480582512197
19.989481131524634
13.412584334471296
10.4277840042301
30.67321642133341
7.687801676746915
8.158505254862602
10.636884364237334
26.04268409424567
7.8174895954678085
20.753802473250055
25.050648057151083
5.901346162473928
12.834794239729032
15.485300656122135
1.676236407036774
7.497415034477814
15.052139370282644
9.806249220236536
24.674417139543117
25.48347368322022
26.637418837056078
5.415829676654983
19.083589594473327
7.990485375959428
30.96983769715916
11.869664656340866
19.179105864089113
28.363243478426693
10.793752932214852
11.843531233327315
20.150223774842114
14.804778673183563
8.62878266089435
7.254543139439773
14.306367959553175
12.638615992047695
15.23069029051756
16.03217886285162
14.212983712161371
20.805631972712085
16.60378310928654
5.692681785174371
9.372902348011824
9.419362738873193
7.777256074739922
3.896373264200944
18.235934978345394
16.954858712477055
3.732892447221126
21.257711913034754
0.9048857282668873
16.765785216774354
18.525922892280708
2.280663231534189
26.64209691660914
13.910544447852839
2.1488884568403175
13.508906887015163
11.420994848673267
1.6351063901798513
12.119567370445916
12.341929729069891
9.859923099146474
21.189485823865557
6.138777139217873
3.542769518815217
9.573504353023493
13.245742222236805
22.43071767026404
7.577441698806922
11.403196983135032
14.232301445458152
14.560529812049582
10.181749547772526
8.512832925811905
13.533580360692852
14.204297591255479
14.880468750422226
8.651740328701381
17.26082423794778
6.609552720398915
1.5112967081213577
18.779788544080187
33.13496713945545
7.78856290490536
3.711052958581115
5.648878372143907
5.061339030699206
13.534186421421
5.837803454589166
10.24722917026015
7.988819530681382
12.048419599628259
12.112757726490722
12.51452817442653
11.931953945130358
8.077538757904016
9.285504999309582
7.054281774344926
11.096594351711872
6.074322683406783
7.199687660973652
10.481036603094832
2.9050281752579097
5.069893920874234
9.365676194396617
18.545276766819054
12.936824932543349
13.63738943005839
8.06461274880663
2.7505590377158513
3.8963620737286333
17.63006208579478
7.853098211820113
4.535183265657225
15.287904778244114
14.943778003036034
5.138668122605896
11.952564441939815
9.12983114570814
14.2558383411355
7.240217156672653
9.55022023777365
1.360973066465918
8.649396069971134
19.07338841019133
16.670245891390728
8.412457829068726
5.168234877521883
5.395864025077946
7.3439043597453955
15.97903790473912
7.637252370898204
14.69683950899188
3.21881423886914
8.319177339080955
13.174968740633942
13.851479235403202
19.56170563493207
8.918130437071325
5.732820179743425
1.9793259725416334
15.071892120600994
7.330514737367383
6.5045413573422435
24.30878752648205
14.243398483453024
13.410848917407547
10.751654168845674
14.149053927479219
9.765973641901256
13.092185769820622
21.00856797045346
7.644457907502167
8.982238586733352
12.952228784894192
3.4099614025594485
12.94913041882071
3.6386803917984345
6.335788785963497
17.708565842009335
4.543157697004048
10.571698979217732
4.287535300237853
11.82830885276421
14.025735561822104
18.804081648811987
8.16263329187572
5.649582805440295
15.262976354829343
10.55176312565436
10.653579991726538
4.523185106929991
13.802454644583555
10.496820750309759
15.120815535011108
14.60904684343661
10.623546054168553
10.294446755753727
7.491842035693659
10.538998340982033
5.240664712230178
9.968905082492304
15.457110049450813
2.7788661254494635
9.66517754838216
5.0862991209699935
16.020958324116297
11.041617053772981
7.656755515411468
19.4951413252782
5.472805912511822
15.623152837958592
1.5716249922240457
2.7583356182938075
15.922747215247767
6.696937545433521
9.952446779479953
8.086403909513765
4.007772780993675
1.843397951532388
9.235168549089902
14.346208487794097
6.371326940056762
7.308360419890679
10.59797890292517
11.109719850095836
7.22516635056532
15.827507252224702
13.00340586518815
7.019187920063994
6.849098759167554
6.363094081048918
3.8342962684105353
3.4406586553796967
2.557013869394852
8.722427926913303
3.618459008020875
0.8118450247530683
12.829344454062847
13.69333156825749
0.8804534052283951
5.934881295688696
0.8684371619420364
10.113338535312886
17.177661680582275
2.5708643405102354
2.6980849206324153
8.968014901715888
8.341910949683877
2.9619067047553678
8.560026782203074
12.057082660678672
6.924823372089193
8.423004924556643
8.269532791509606
12.160791361874393
6.09204063302947
2.2022569056129515
0.6189519943469779
7.417313791978337
5.798132840036263
11.19470057538629
6.645870914597902
12.447609152756417
9.934979424457666
4.425396904278918
11.2287745355633
12.267154699898215
2.6040310940083264
18.20217745974979
6.362035361562384
1.3497197418747604
12.71283914579381
4.749662413173024
4.347823173445139
10.356200096565685
7.175737647264655
21.88084383319235
9.576805570331814
4.798395004179668
3.2673869992473232
6.134932404128144
6.275229521115683
8.852153443220633
4.744853970495568
7.371285467103107
15.756323063650962
5.190931783874342
5.151530030761676
10.997325357946977
5.707975331845908
1.894900871623585
2.1728678157603425
3.333850404216829
6.763598171056183
9.624754402218327
19.64525963109971
1.749808020506369
6.229104492636915
3.5600838025724704
8.792471860754853
3.6127690325872854
16.779167818482033
1.1784244469231142
10.036951579498957
7.711843988993653
7.500054820299168
6.880934760792586
10.07063307876545
10.320603117635367
9.005034276112864
10.230749492103978
3.305714416785459
9.68612806218236
7.242603616134338
9.647643156475983
6.341502709158522
7.665756984976862
8.344858088771192
11.227945760465296
2.2346422680605844
12.652777642105121
9.487251217097466
4.247547407991588
3.1906955860995363
0.7929319672237707
2.5534332696434037
4.7684382509294405
11.30470319028187
3.7480935681070964
4.483608170089159
4.00496104551727
1.5901959168245576
9.682138049497846
7.27134121820817
3.8626877194702134
6.67465359097892
6.058566550646571
5.7557134395092495
7.535288773725317
8.763277412924204
9.46890923519111
6.055802958139652
3.1730500689728784
5.355208531703027
9.268097222547127
15.388329603575077
6.626600996019537
12.718287571942914
10.0518497680659
2.4547301526793435
13.87227987252883
15.461231488998589
8.954917321713827
11.470896716286225
4.587737712511924
8.739108596910855
4.7062327546110305
12.246772586845424
9.9571947906557
12.571774764210376
8.912710992403168
3.6105034748514884
6.178229399346471
4.624536306700399
12.332365433630248
3.191857161358247
13.43867125759647
14.352365286948395
3.6966847914783636
5.281309553754417
5.521150443042359
4.977380126874827
16.263306788810013
8.14850161855318
6.512327697223944
8.804095959895314
11.859575363808991
7.446295615286439
8.202839151491343
10.012554883762254
1.0255588353157428
6.143354356771633
6.408171378854173
9.453341141446426
7.637594399205773
7.950312633103993
3.4225594809085207
6.883638503264518
5.908353739966894
6.740446533804405
5.688488211521059
6.79031151301477
10.504286372889148
4.714406697992358
5.740496827462497
12.109818857174032
4.829895474033972
5.171485301655438
9.33834906232095
7.794134621047744
7.9368455622714436
