108.868
35.137131793412735
23.408786213102644
42.31455380710131
96.71860596256548
258.7594970887483
489.00280909371423
223.50727172906363
244.7686447745855
132.57918397652153
161.1539740647236
363.5865393490357
473.4694174299346
303.6296423596774
172.89724330730044
171.21911920922943
222.50262694332974
229.98514140178239
205.48715152873922
228.59798751947827
116.68533007007792
186.70886208301232
155.60022925737792
78.5758047742381
265.60988947383294
165.66802514353094
13.164716685843112
48.232117097487475
163.06152031456435
397.0949294836441
251.91206580240907
67.38626306638797
40.71150901963857
157.62144203670846
182.5493656471672
76.83468695396533
174.50663721712252
60.18513054773096
84.43267384364196
110.88201404282226
228.94489875491283
124.6849513740112
207.20351561086807
306.6946826862893
121.45219159169255
146.19090847671737
235.5399551783213
247.7156019699097
293.8993805068311
126.95673245501006
278.8770507292114
163.66221591772913
126.44816651090736
179.5876316589244
172.96324290536958
229.2175805269826
245.22860739055838
237.61211065835278
47.29390706981282
154.79555610978682
189.04056106295837
215.48218069981922
136.22459794096432
15.445617824788023
53.11091487497699
234.41384137983624
151.40977846346206
238.47191415086243
69.81887327293563
169.220350167619
223.3117634930685
103.79393668940203
34.00226205729554
177.3747024645147
189.50853434169053
73.94498501030793
44.960374278317396
174.34694557544717
34.89855292432589
109.0880735838864
47.0307555291244
183.9509136483032
51.01953298772416
71.26711527702314
138.70304278375403
215.42544558827814
45.19382283150887
65.79349081446698
184.15523273025406
34.30193582203452
36.01903434187761
151.1906327776465
21.433631266292398
117.63513949308593
127.83954154919117
102.21656257763593
70.14234970659413
96.97945766834124
122.04716171103952
81.55513790659205
246.6604077966466
80.89965876198191
186.05230951356432
192.39415788486227
69.73006973905389
89.23384049810451
47.929005120464005
67.56728557427853
45.59548376288085
67.58007201867375
70.22056005030052
83.8396433916936
85.5215781678125
87.63940645030637
21.491258992220768
87.62803087458342
23.629225259186132
22.539462465682316
52.746067714805356
13.713167330349968
99.2050903880036
99.30098173827592
26.779554504492094
64.79132216125561
138.96180744417637
55.49124226070026
67.43208546641951
94.1646989421076
72.10006182924533
62.64896275643015
45.21841452218211
38.09081728183954
25.218428528332435
62.03369353484129
49.51266742545333
63.41127250328745
74.64753967357277
25.856520155115195
46.935824976678774
54.16768510429663
64.02130527581319
45.443163925392824
102.77719008668943
58.08908435914066
9.061326431853933
15.831243275123295
45.56876689275982
70.77025563487426
61.115086162245674
82.64284347628798
33.96445911100656
54.01239669060903
61.514257727995854
73.88721352453203
25.689885987060382
46.77980517084767
20.12319871785716
6.312092726882682
26.376155001484513
81.09918943911764
44.47663277204333
76.76741559276094
56.45793713231607
33.44260619732273
0.9799806343577279
4.879501157348129
21.96015055224898
48.715360988812286
56.132135257708
20.351593331277737
13.093971732391093
45.489121853997986
35.18504447478643
63.501205892840986
57.29332269907028
25.106626244759315
15.120088932350551
86.79209951269189
44.13688948969651
32.350238811432234
41.54956133075654
36.62840510109325
24.97545258261431
30.899157647328902
14.138008796029204
1.7718913780558665
44.85567630940597
30.65609129838089
42.60628006930288
14.245656585974135
31.240629712394817
41.502607536505806
9.900946736753871
25.953905859879487
26.18976413543687
12.044614022145822
12.00690877057008
59.18093784535726
38.61838479306073
23.41566905765988
121.50135756316085
24.079835968260006
10.186029483401667
24.921921777801277
63.59342911123329
12.543086041812437
30.686395884256186
25.032655944756097
10.398798733405988
21.338973727539926
13.475081965745128
25.57742325071977
36.517986324678475
40.32531163543763
5.958487453880017
52.49924315811136
47.27495954854149
24.09932342732622
28.36606420896104
17.368634478061647
28.387343266823645
46.310396031634355
21.489384812489057
22.78497774413207
40.08311498788892
16.202469237329574
11.830387167756017
26.660073810198647
14.501014248432678
21.73517160927778
24.845517342178987
55.98336978810141
41.91534387865283
30.708071429861164
2.256439355736097
27.118542863502054
31.53203881668913
22.103177496271684
26.202555540068126
41.84780694568874
28.916395606744818
25.257404923112755
18.909343566459228
66.07950637630373
15.331329780829604
8.01207811671458
30.536099246598226
12.654541663929688
26.792766955918353
29.790124780920657
31.02429042366554
18.6998633420818
18.614699653359256
10.201473452133081
10.928605631187358
34.51884644206257
7.173982323202963
30.282275938761178
20.236411870226867
23.509814694300346
53.25220417664143
48.92295637422665
12.845621125603946
17.29650010929716
17.152147333088212
33.14442199541057
43.39105424220254
22.446723408983065
50.82677509336458
12.272026882286463
40.28524265356646
17.746525079904796
14.236469988250532
29.858968210435844
21.066632677056997
21.34450869426395
36.135803386940914
37.62378688183484
16.07462482581126
18.75746070808907
19.35852807987275
10.007370691418275
7.6914420552321445
12.39805432535242
14.047331509949872
13.340173845234732
30.72910040160051
22.444097043913843
40.78333767069924
18.827459842293727
38.917351973234
17.714589901732452
5.545421438873292
47.67889244354311
41.59463861282439
40.32015457984381
3.0064559817857455
30.446405688817112
25.923757610760166
13.867479513228998
43.7648652780131
14.942418965415683
25.231860635853305
22.779474857331238
49.37160843809876
41.636763354179706
13.529033993627113
38.07967109975342
42.26150680037471
25.872000558245496
13.44630054335407
20.239296205606625
24.67640577514072
18.401150643296624
17.729599870758456
22.932871829103096
24.776621837354632
12.418990400310818
28.078973795023455
25.025079690053406
28.28073141021409
24.140613912775972
11.169703613295942
13.702724442297022
31.323582227729236
5.354099051787758
7.913807062557177
19.080059762840715
11.425147985873057
26.267312231994392
21.984238794514482
25.24176096311486
21.98356538183
13.919467104684708
15.85709226353208
26.929729371033737
33.047844491875246
19.689041557640216
16.57952144766513
5.953971223390547
39.14142877117981
10.241284070268962
10.93930199249926
11.378303544073505
9.046843965883857
21.256077150550908
12.821484544867834
8.530384167547481
11.426530776961195
18.029691978932995
20.013652175527834
29.776929151970275
8.602311375782216
17.976142410286652
15.108641290438484
8.13419089500344
12.969487068277015
3.71388922057633
15.80012077368315
29.520683231720845
22.396430755906316
25.582026333667198
8.022948473225192
11.714261294751802
12.348247936687306
12.026273343056353
2.3302180463871647
16.434562162523793
8.288081253206192
5.913084619955452
6.195199468291998
11.628102316488201
12.179519129093478
19.20443679260705
15.546878670570125
22.977064703640547
17.479627446168976
21.836059282219114
11.160705243271533
17.514096562416924
21.231810213478596
32.311800708953896
3.440930746796302
8.031012045444898
2.88516317588548
19.42561433064167
5.161510914928238
18.76647647786599
33.73118782229688
29.927565552682797
7.50627213252563
11.683363531503565
20.872678894472113
11.290851394735027
26.670422407504205
20.902114807495355
25.65092659562202
6.432369142039184
6.65171272496201
13.044077815275802
28.44511875640882
13.873162127096485
7.001479229955735
10.911228604520897
22.420350106362164
16.36994820288693
22.235031889287416
29.52205272175507
12.841878685633558
3.3438009135932503
19.63101359151008
19.74413210428464
12.816905196579262
15.159672801143536
13.776559814455611
9.714053848883646
4.607216651089196
13.735989250897711
8.85235170186666
6.318844539456838
6.124991407149501
20.820153336743772
6.4416294343053835
1.930803191625064
26.64626816093476
7.5356349403566565
16.196369055757465
10.366437623128544
17.129048584084746
9.570225630229764
18.30033541162139
15.913989483383618
13.058385172501575
11.827349097081383
13.374181920397234
2.7849176859657057
2.117785650303206
23.463259616554225
5.026312651172427
25.449437839816444
19.521181345496544
11.617195943963807
7.49890281094781
13.848857677475333
4.642220127896367
1.6214217425394393
10.84396023503044
13.104119477324923
16.059038941182347
4.132391181873239
8.70101208508244
20.96022346598877
19.654970852807388
16.5067475726393
19.671150451798386
9.116942341607409
25.938550818013677
17.97535891229942
4.998627421364504
13.007866225359061
1.5092040583089739
10.988448439111927
11.334378418357035
15.58894210100451
16.10745155504161
24.241501492870633
14.45543200028889
15.618824925869312
11.860270914699713
23.916219326454918
14.831930485534246
11.737517762486492
5.489946232024622
19.216828371292745
13.268264323177629
23.164709457604527
5.861870966103406
6.971836334538366
7.9871042619899235
3.1806394381954615
2.96105619826901
7.0503011272988525
4.036357865655922
6.0691599378438985
18.739425270405498
5.772832358868877
19.125528561432542
15.894967025300463
26.177491362602062
10.86042243936645
13.511808923289484
2.8546826499112057
15.493364568626655
9.089893769542263
16.531853865582086
5.905126454382816
6.068257922951864
11.474567478913995
1.0114788212735173
16.876726524567072
13.131651160769401
8.322740736386775
4.178689138822558
15.578493749036912
7.006365925097377
7.13286473413513
11.90887567325775
24.703089873618055
22.97251328378171
13.426595809308932
5.156517641688664
15.734336556748753
5.66516330697339
3.984806476681917
22.4656491332839
10.582761248458006
8.045874784239459
6.170673171901781
7.975116932375248
13.618542421508632
11.311427185674217
16.85100842007942
0.6112028051286497
2.0159063020045287
4.114852652714223
10.521552928492858
15.287508098983949
18.33821208335865
20.243954622720562
6.770104579377843
8.165750413672189
13.750911053407128
9.442126733118913
3.9157285856785258
25.022284767202056
9.713950965146434
7.054053815956534
5.7105457750900905
4.850748359215921
12.761315318054805
5.348584045616837
9.928153922559583
11.785515815692877
13.997713202210864
7.610243369607781
9.842868103806907
3.75996949019238
14.38227738950088
11.480339463144025
12.606943211387895
12.378849071241708
10.863243803852194
9.951179027096364
12.089155320685675
12.191893840930426
11.68843999893773
2.356408348426365
21.903467094378644
16.420064423694992
9.259804684518768
9.851742909761379
4.689969268932911
17.624051535685478
13.267010689408922
18.23040795285148
5.26968875766166
4.264990645786995
14.224488535458919
12.781452590766134
10.76788149568141
6.4449138575133045
2.5343119973573844
5.6721367357884525
7.953966748587331
14.395379413308653
10.716724407487968
10.463382717506422
3.0308402365902354
5.484173861905099
3.9343432153853812
20.44726130483519
8.710746127575542
6.74714953141812
15.76271455135714
8.792359240877946
1.4400834928352773
6.830587798193378
9.96626190043851
11.883256788104498
11.864789322606144
8.414185030936837
9.337785670312941
9.950098695241579
12.229021078033986
18.62514459070841
11.710834056639962
7.388296730548909
13.974950113266843
12.559197907716705
13.197872776731323
13.421461958737497
8.567252712651255
9.771795526467884
8.692363175676709
4.003595785498133
7.270055274663464
5.662646309177927
13.32361219549924
2.4547933367827155
9.101559325436575
3.108568406650628
16.1013505508577
10.54809187107881
3.0486714219650426
5.908001447984055
4.7241802731541815
13.805225898510093
3.6914278171348047
5.863774295333202
8.213793529873518
13.659357821776693
9.609456869917828
14.088870893918061
9.071133052670868
11.090190081416447
11.023348044327669
6.310007792668005
13.609211017605494
9.794658685666649
4.526567371551391
13.799672911742732
15.790670922463816
6.175193425119789
19.638499376421564
15.805714159272705
5.274648002691305
1.0858997908715207
13.555416948157498
20.514711415769902
6.772763762919409
13.136737496451367
16.725281087486977
4.502831498819837
18.072282009229394
6.040024202892729
7.21911714484062
5.670739745071551
11.971341580186843
8.789583329695287
11.245356526714376
17.499356621062525
6.523723139517172
12.369604343724824
19.017662032940077
9.107480753820107
12.928694792255705
8.25614514005402
6.459624103022157
3.978931691304098
12.782925528328041
5.610868832940176
12.085037099204833
11.389222323285383
7.279606292206481
8.080094646062484
6.2160477204923925
10.989779060749393
3.1439608319149923
8.944805441247878
2.620070454021833
6.546412625336388
11.656931766634013
8.702342794552546
8.914323671545983
16.134049918591273
10.487499782608486
8.957002675520398
10.678854198401664
4.582651519199459
11.309721309771566
7.996549099180323
6.087822039723605
9.077973322069102
11.827472954109064
8.225166798847106
10.66692505044146
7.435241327669678
2.1855790012848266
5.908665256014696
9.320403460530317
6.594428145818631
9.207862327683992
4.4570219989511495
6.173529734351873
7.503963835732536
2.1162152188560976
11.578480539533103
6.3143402511691935
16.983092043973024
10.072580359937644
19.397143752303485
13.615024882985077
5.150843730361862
1.3214227343143683
9.299555000017124
3.726207186689967
3.8071200425207667
8.145830080447794
4.898434589330736
7.545086931160325
3.783116175862997
7.7739569297114315
11.933260239389655
4.964126544618347
12.98568569113527
0.8394391132689378
0.7064096867098993
4.813711727919966
4.176211163048797
3.186402872675238
6.765752071947596
5.752220008994449
5.436753063437527
2.3874016582239785
12.230531697192603
10.481429094458989
2.4283646121955673
7.93673729841987
4.5248512833745425
4.891295576494329
6.049479475215902
3.8729069096662276
1.8183417564680346
15.953353628310891
8.907019671152561
10.431669325070343
14.52113750747075
5.02185345778173
4.847037207630034
7.916257413748433
0.680441116820029
5.1293870753712065
7.898896306414177
3.097733285221288
9.636913382795434
4.910431664969663
3.1106413302051474
2.798740324953151
3.0109225846188754
4.535380064780759
15.725300772673945
9.212464713257573
6.826352407669023
7.928121058249333
2.851967947734699
6.398882779776545
6.555263129124926
3.592237446447385
1.635522845599902
0.7091708705984237
4.226110319064142
7.874334850060298
11.746033375061966
4.165148108446029
3.3564321800920434
10.64534762316112
7.518143988418114
1.311648745354498
5.907170907200243
7.275637970562175
12.15937329437434
10.524310656714405
3.8679810852268313
9.60094483260683
9.922504106981117
3.321812715855839
9.916960892715643
1.3266394198506968
6.0748896670355474
7.435030961877418
6.7509766347189695
12.13424799087614
3.0140787526075807
4.335423130178012
8.731282986282963
4.428749845492123
7.857869582796226
10.229768596163158
9.610724630996216
8.704069248579206
9.132168308545811
5.085972334650596
6.491974978433274
8.273906322724615
11.534731535185967
13.737126985692305
7.621507782851544
2.785432300223421
6.680376844353507
9.369377139474745
23.386514373790988
8.402397394249071
4.946097459682327
4.0630427818746
8.883040845601567
8.837209172490812
11.066406002265763
8.720560444722244
3.473390854537118
4.192487466465842
11.93192588221426
5.21201233000664
5.763596879704348
4.125755248149226
3.499671964848475
8.53567016090321
3.75848420726509
2.640486885435896
4.041840412203042
2.422640924840555
7.701390595316663
14.187197412833589
5.2863526731980235
3.9017683721281826
5.3203282768402
8.38323120813923
4.255048043287558
12.29443760063665
5.100615675689328
15.576821167834625
7.053712382931343
7.937023773924094
5.737084292510094
8.261332810065472
10.000510995237903
8.130545867433653
4.994456470012301
5.000680255567634
7.5647969485381195
6.897132463766506
5.746145509172061
7.876691055196147
2.689253293357516
5.77146267815381
5.862166265560235
1.7905709917882136
11.46132559297287
7.653592509428383
12.21435260077777
9.645334304116155
9.957103900093186
4.41112443365897
9.35706914852127
10.325612073098707
4.703589348307707
14.520911893927964
6.801018591513669
5.359951293940786
11.189229141300371
6.647981789034888
6.281956806945683
7.6226077757790005
5.270155887286057
1.2023623580279266
13.162061370293582
3.415768197133042
4.05836508984677
6.044120392302699
1.4617723387324748
4.6665479213834455
3.01193927878056
5.568431578652764
7.316754992638751
6.9912765425987615
6.731911787079657
6.948553016497042
3.774019582088277
3.0867856042032242
2.6452564508001277
2.438389003429842
6.6009087778689315
5.839043560223186
4.501861693964959
1.8168859971611127
10.678442156421335
4.217426444694193
1.9671714498331
3.833769345220491
3.1576260641605556
7.223454711010188
8.146866877150517
2.8700240609905365
2.2017047799753446
7.450556863958082
2.3238761525551044
3.5425516790529783
5.565434367892073
4.65034977129865
5.629428612873838
5.768462654763153
12.320045394095308
7.064058575588386
3.7559003991828446
8.408420173521183
5.049379839881657
4.444635333791268
2.326554702289984
10.103606769709602
9.547882799624462
4.1292670987671585
4.015974130160871
10.160877119731678
2.7088080034820687
9.011580340397197
11.893780126800397
4.743569172053887
7.128963301029599
7.301604404653354
7.832132405028885
3.508453746855897
2.4698842362708624
5.080645297753598
7.394941106749794
9.750941660211456
5.646258682486307
5.235261570012237
5.698364602586273
3.256782780071414
5.210573540790719
10.694139348957444
2.6324177037988754
5.376664468372556
8.044912157521095
3.2894012204851197
10.961017784868508
8.328022151237851
7.722744738577206
3.4338840779876003
7.242052823956894
2.3483434408092103
9.63504000968499
2.852763344156078
8.162788805770973
4.268981712701708
4.927429416754251
3.45884580831844
4.621219095399574
1.561615116081024
3.6264499694073042
4.188108766635233
5.222350835713787
2.8368145973413226
3.611380074362816
2.88799769493623
9.304045091578873
6.522407265642504
7.866706448969165
4.651017512905896
2.4894195504605574
8.370207553202754
7.437554970872622
6.731996641437543
11.225093316269993
10.424085361157234
2.766004548340152
1.9634709870388736
4.010405447101102
1.2926138490403796
11.93308809328795
6.426861608606573
5.410462154728905
3.6903932284610814
5.56384029042844
7.424344653303427
2.7906461926138624
3.8288701286331683
6.0202821584112645
5.7203291910644625
2.3356791776772368
6.266006608713858
1.154494094031309
1.0795825559877938
2.9974985454611507
9.622459522429832
2.4744535110235604
7.270668443112506
2.2606148817429723
6.6346129058579955
7.592841504084396
2.3944146855867072
4.241134947442786
0.7614030724099717
5.481449470260472
6.486971631933451
7.772333085582714
3.600551212078083
8.867728064751432
3.257095255494316
4.097352138706806
12.443541960134338
246.36399999999998
41.33190369068174
10.144827976440672
15.030915132310138
48.52414052385766
18.29707593463236
21.050777454708136
82.91170405528507
80.28425778507493
104.91575569509607
52.928052837090185
147.44101679930364
227.12974148874923
122.5048795303901
89.67633328000339
113.03224455477842
52.886051969025324
29.00369736364259
24.19458749890925
29.097691116969298
43.280019224291024
246.45792408247112
31.132856760211656
408.9367555108151
267.6982679204692
106.40598363208112
190.16471802445537
182.18475187292808
379.6022287239524
212.93481258756577
103.92090489682239
39.70131358399644
56.40535688096166
295.1571935206099
315.9658702773043
356.2976101844833
156.0958165048571
254.96053672936293
110.99657452513416
332.7644880381484
314.67998928398663
471.0151197688755
273.5643325204625
181.72580630095862
330.137881269267
187.4508642690358
72.08883385319562
222.91190125976425
26.157588806021742
179.3231935852351
194.60891616887943
196.06844655030486
161.34164863612997
318.71693163071734
195.63366606464876
55.03572175968956
98.23167492755545
247.6540588841126
362.85308151214446
331.77768141736794
138.14945932249003
97.16544531435581
336.21360604076915
246.810570600856
145.61525400810748
204.08648696901037
214.6142103878666
70.38653423211284
124.87210544150454
285.5881042769627
243.04809632724573
98.03515570379382
115.98468057368439
183.54315159238624
165.1602750990133
199.685973132503
185.8102875166588
179.44398642825172
172.16431572962748
127.37119320060445
157.71426837473675
166.11541788292158
18.42225007484394
276.5598135123946
233.14527605140185
144.31734721997336
23.341092627131072
117.05339028405632
127.44895553273818
90.46032459065967
50.092404919201186
99.96593166979166
78.15694090809747
70.65081141976589
59.69193372413804
127.02473285921712
205.3155299444329
219.49366454625928
89.75913159121473
24.964755098266338
250.48883168142694
118.07836096542846
58.4142456554477
99.06737435411392
30.760198065052258
70.93435007187217
91.54055448051794
119.41100064899318
123.76601150481653
57.41259780190134
136.29744726079116
14.99512824354503
108.94548906931749
111.28429208266603
43.02055220371173
62.35239004782404
113.23064600938474
100.80949229559674
143.6859723168441
57.69064305121059
105.49582741086992
136.85868388808
68.41041882965904
55.16535130000883
38.99137732668957
59.35662702458199
95.74637637616179
76.83789699867148
29.283014819024647
61.461521314849506
52.27158034282977
81.5699940360014
41.43396554507087
37.576277958222576
43.13326523963912
10.79533640545633
42.12334234857738
29.62893770223156
22.981098691893006
61.47064892692253
73.45762812079148
57.77498553261278
11.004011012965869
51.85137799416998
31.35847682545822
82.54754923254667
24.914406841720048
78.54296638451524
86.65769647300958
38.87700629163165
54.508865327172906
40.06246009619352
41.87894393438865
33.02101446267656
48.09035020421388
47.016165924613695
50.62016973647983
62.062767637842526
53.01935093069921
28.44575439615119
35.82819991301147
41.140909491878475
36.44989420987074
39.227138213722455
77.2451577081418
9.497065246003892
68.54463108680767
40.39005129619829
22.924230354849097
14.644519891883931
55.27245363126035
22.455487970526175
57.2543729359904
57.03636413488034
71.71619997244314
61.68059773786998
68.30326903109257
28.457018090984924
17.87587757501543
82.05795938119978
23.87551350807681
46.265602898853615
21.17538343463502
4.410551476530686
11.342681649348634
23.71509058247379
15.77900474604581
42.52085117150955
2.4364978836002815
63.06139409991937
14.208582467446613
22.343606403242795
22.337556530045752
17.955843679999113
25.240393723219267
14.357065132099438
62.226737958865
51.974658150129386
22.787890043669208
9.771779457552668
75.80753334780165
39.68949783676484
31.311774377202383
15.536498134802349
16.021082096538795
25.154077488161462
29.738753384560624
51.689839058468976
24.52581689027857
4.328378954358742
56.778587293158715
27.64416857548536
19.265616153978105
34.01548505434669
29.946502676167754
18.05065713189943
8.07509233911791
27.094718795755544
16.805496334160004
36.33535964453627
32.21286021023038
40.67390059641182
39.5189833957543
42.37733594841304
20.680671942499632
39.52320952084722
37.18472322489753
28.017684341409637
43.019963935521766
24.147164260382365
31.29593084818939
20.521594645024415
28.313087839066153
27.782697713570254
25.884264542315837
40.47293927690168
22.653264223847124
39.7093313997155
39.105810818745795
29.985182897817307
14.59384879279593
24.463732821594718
3.018691094618866
28.18949241843081
38.57220877140707
9.389089379686602
24.348936766675116
19.02906338589419
26.781459611889513
22.722597107254487
19.97383631337744
23.224999402990463
34.025528758835456
32.77694885934574
10.167831099113373
30.858829425899682
5.048209363951849
22.6122356392914
36.235175598771484
3.976800073529236
24.47326968129224
12.040572189461567
19.64159024597018
40.85209129028897
22.414903833747527
35.59990774299953
17.087403595349254
17.245183690503858
21.340378437710324
2.8717562292152476
25.77920152884035
46.12714831781746
31.048004115077603
27.244174002450713
22.9833531507445
22.393829966398236
43.25799295792884
29.534326827463257
1.145611246113168
26.147698396455457
25.496909798561457
8.55719398999275
4.9067922085328455
38.30507184499697
11.41247187308606
21.326378904817034
9.125170152930886
35.236957030878024
16.972000284226677
19.69310131821094
18.751682927675585
12.48319284272375
11.472971181076865
12.270849621000057
31.141173168427496
35.59765687963196
10.79924467325914
23.361181643209427
25.316047740577527
8.376643733824583
34.02076086139578
14.772985646727737
14.816773275406707
19.939226010838688
17.67968526477232
13.906913565738705
26.254301494823704
34.95534530532891
30.579948730409754
34.54774417546479
22.3440140024194
24.30210304522121
8.730136963316822
23.89650999926899
39.474640197028805
33.88872357597411
49.7195272086098
12.741050208315771
47.412694448323506
55.25522837315883
9.314289055429878
17.381372928769384
12.047976976999697
18.72957210545128
42.862772690623075
6.740161807561626
14.132142609191057
9.881459144933608
13.284993386949424
13.276023504834821
24.716096091919695
26.254932487845632
13.539730376886379
32.43934924265556
22.897493676181647
10.509223351023097
41.01338713795927
14.999062316220309
35.954483328388065
42.41522297423758
28.832542014612642
16.24987566620875
9.882360133379933
10.057078857313245
9.856781320306405
16.571246029503566
21.755613886203985
27.28429090671091
10.303058356528428
33.43960563355773
38.700766998722756
25.263425633724133
23.021592582132204
21.423183813815175
37.92302043939601
2.803873467944307
21.533218556998953
39.33744498665837
21.387862058437044
21.826123073421208
34.11934860017704
4.124002668887059
31.593483363169778
22.74842587265094
24.771481187726216
20.646607805912126
45.41963009137269
12.894376382688687
23.520512401786842
30.672717683106228
23.08784018246803
41.55168097880107
14.624575590819434
32.54220945075042
24.71638280995323
16.93213150079773
7.293539090974054
14.738059888179352
29.59234915419427
9.226859752774038
15.106905965341054
51.342559976882626
28.84441857214913
26.868718604440176
22.677387892075814
26.602184701259826
35.92159951286557
17.339613697225968
26.40113833089568
11.539938865656877
19.14600443927369
15.03729906987426
16.376032108363507
16.207175796403284
21.028734634922642
27.066829740830013
21.33423245774316
33.66969379853774
6.387799346789977
2.5660526104020676
15.185984906365427
20.644138664297525
19.884812046695362
16.393629545710056
3.6881306288754274
17.57972016496277
22.871326889905077
16.42613659537698
14.790029174137217
13.52526632808307
0.8908331503329343
26.884779765516235
7.341372935940665
18.413297129237378
31.538566879241575
6.232928725003549
13.701763108074974
14.62350198212409
19.496874561961253
14.77026158845752
24.440597704985578
10.60034257690473
24.583582180006424
27.558379217237903
19.12560244169685
17.61264121464928
7.34365390334876
2.710153775577376
13.536830537050758
27.636754356799248
20.878669741977202
3.1052507456609053
15.719446173341382
22.555557395604673
11.701890035949543
8.165154874237011
31.25718889052737
18.072991150604576
4.027195559071827
4.670938277895318
28.499999357953904
22.51404391077427
14.461358804783357
13.601334135509875
16.606342235161673
20.135898703150758
12.940744614394928
25.237025325354725
20.983853501589504
44.222975078292336
20.464171422775543
18.002966364585326
10.873530025702797
11.307381705941584
20.77882239585067
12.74254661328578
10.394763136578243
10.235600299387814
7.0743595846786524
10.008033023666137
17.281709459531914
5.675039972657464
14.793050293685825
22.233546361720656
5.078590797646472
21.110947793034345
11.933446323998766
35.47025276014316
10.777789151727964
18.559665535730108
6.292247286866525
2.1249335308535566
15.747042263962213
11.54292262087949
15.470774938326098
14.511253585438919
17.70436000898885
20.79823797957165
17.392667356309342
25.468438512339727
12.771581393674339
6.47855310140379
11.522501543575933
7.943856127325286
41.35496355040119
7.713646813653569
10.41350985112975
8.748606376257744
33.001473550314465
17.675168244320115
6.304226362507379
25.702746995852046
8.631008926140472
8.140502813379761
6.577169312072209
10.891818053926556
21.78207703300552
12.081665875187763
30.439153237687986
2.2324023878111983
3.575812526935435
11.580705454811262
9.11156287139402
15.258818122203644
16.3505008399651
6.171361807076123
12.132452466916993
14.697829324619388
11.78146456999393
24.513966534130045
15.070435735854948
21.025863782758467
3.985274059611287
13.788034877111748
7.921990605515258
18.028359063659238
11.883871386284333
22.543309005167902
7.43823339237068
12.618976090357544
11.298505365591161
11.778930840192587
14.838436577759316
8.20616187890106
5.944227716484827
12.58121400858329
11.167736483428268
7.771898670328927
22.113483995960305
9.748957789190754
13.039648752213761
24.131265589942796
7.23631711061743
7.220076216558364
11.229619890187676
5.707107771496222
10.755805621089223
8.75672603054898
24.969377086648272
18.019136852238578
14.149250003975883
27.508825768396594
13.61297828685463
6.538431227377614
2.540037586302849
20.528529500578685
6.912970373334036
21.355995972713426
11.009811863632903
11.107347852738222
27.5969203427048
13.733169584696673
13.253389702437802
6.144905075810213
29.386430680414588
22.32469923142486
27.957679842872356
1.4321411815967424
6.532186713543633
8.204027346543587
2.1934824700388598
17.577583501083595
22.25859977646865
8.742824694576067
3.9337958661456316
27.72225099731449
13.127452371409593
12.214811273479453
0.9985303796188821
19.230692298212528
12.37290322540031
10.825467137263436
12.409391565275422
41.14898930288235
11.976220221850442
8.724494238548449
2.8888867893322314
4.656332852424528
12.073933033496283
8.951155315924671
2.3466573280788343
18.245395057990102
9.840162088326691
17.710149144753018
11.193459330087888
14.195935665730323
18.57049000968184
4.614137357850036
22.055204213445403
13.00452623263949
9.9302344675812
28.206427140126486
14.072505895275215
23.892440709806344
26.608011890104883
9.728260042445752
7.574618148846383
21.696795694802393
12.640032013565062
19.03658000860723
33.37326493144151
24.553313745709097
13.120495182342989
20.78053079071514
18.055697764001028
7.625262678472205
11.144033839847504
12.082880323503172
20.322940086457717
19.589961491205482
3.434800259501678
16.074493637253212
7.414297675840488
10.321722865937428
8.67034334234932
21.617548567324434
15.845044140180985
18.65640079724656
17.55173618463601
7.042186127756305
3.7593039730354065
10.677647259124878
7.224869401584708
7.397039294405209
23.656358463364185
11.244639719605521
15.741245480812712
6.240306940302073
16.165815245942884
9.773518245366436
12.401230728871427
7.719603119173798
8.835234265155822
11.403497165448366
9.005198780215759
9.158486229189084
7.126154368148292
15.249257328987154
7.6465642697871115
7.390442759130531
7.846244240776135
13.459616765409205
14.98427322201767
8.578742883814595
1.7199046080293787
18.762144669011278
20.865070373841014
14.047432933093088
3.3641207064428507
16.13776047275133
17.038292044048358
9.818558751863764
18.31701901644454
2.151465970401508
2.427616445779747
8.245620434028131
8.66731591386424
5.6472474736135325
3.8417372812472417
5.058865515481515
25.844072791486273
27.620024832271607
3.939188293493543
4.72940862299074
8.901416881951844
11.530058021615988
10.524408333327386
15.289217069487298
8.666681816595567
4.673137460283309
7.977418556480094
4.227592722837795
8.809573546816463
17.31121545332345
7.672873404749505
5.639217142164876
14.035588615510965
13.317013219573466
15.714778616679892
7.41319369786741
8.503519091783836
9.66356392786836
4.147596216537168
11.416166603655824
13.203825444406831
5.327814260930666
1.503301544119481
12.141467923145964
12.871124912042387
15.067386314700043
13.78411948097554
14.19355994554291
15.178909929768114
17.078233366188236
11.33203151306833
2.638486078966504
5.187760702069026
7.971245575232894
11.973324380382047
6.676169364911457
26.940282639617912
13.56061537332151
9.06849609878761
10.960951966745194
12.299969401165407
3.3583805461753355
7.7300142916517425
11.634149596662391
4.523263059636762
4.634771444138685
11.303884190687182
5.308649395180069
8.527973201911452
6.2506148012792
2.137311083891543
15.87206057534781
9.355962844283704
8.232422415129085
10.88772297056242
13.127687047968974
6.9075031931827136
9.88035497988847
7.898396050298218
5.471433031048678
10.80770630242562
5.046049866951521
14.170072455282641
11.705229577106069
1.8630832303142908
9.928989615003685
4.941197352528096
7.729141831032835
7.108008303687663
10.786338132424977
3.451181885270421
5.821782664235467
11.458192221503046
10.537641495338715
1.867379606701244
5.711204687857884
10.018375203983913
5.641563197926934
4.764096815330464
8.872770487832089
6.854173291656294
13.197550223184345
10.647482533490935
11.183765110993965
4.209317726532165
3.2905781394118314
5.404777956596563
1.4228595413018732
7.21390991252992
6.4468235727961405
19.1274085091756
17.359512867112194
11.95878141885796
7.481739082878458
2.466948307790925
2.336746855321156
10.510713982723589
21.054265339047046
6.308620363230573
10.12504343490554
7.8623952076752825
5.295166463622655
7.540832173844676
5.0064164179906285
12.76374930055737
6.481397885525602
2.4459735711354202
4.444541083229914
8.157367206372218
5.465388925800684
10.585483599742025
8.201929720759175
5.895011861572914
2.6483435553022168
11.165311500458595
6.396693250860657
2.6683705143940264
4.666338033733894
7.050008759447563
11.965923251606574
10.68806816550831
5.694236001803701
8.78154907617776
5.9891234883640845
3.665052753785545
9.908072107695158
7.182274385088106
6.877823266369381
7.395131972135585
10.48423546124831
3.9779319359958287
11.530646627096818
8.759530072879235
8.658739314755751
4.434439787874986
11.755365684780394
8.720685031200725
8.335481971332518
1.791253359434438
6.584197805472367
10.738001774728373
5.488138158740871
6.4536063894319655
1.9191619101289714
10.524817892662336
10.450049072135107
2.0709840341663197
11.200712912914843
13.855739273866387
3.9789101565063802
14.12664706544945
2.0406516537146726
4.156052679218246
10.861946673765965
4.8456465388308505
5.410968587204365
8.286247745165587
12.302828864043068
8.762005831074788
3.660620222180775
8.15409958215804
2.420433841291909
9.306406522149443
10.702836965477346
6.468512901834084
8.88346258312087
7.008110803678852
6.172348578486139
14.138028667079771
10.705935772457384
0.540253227402958
2.127661741170727
8.323611094421707
1.5777495458596864
2.195256540962274
3.4616612858641145
12.72681159153108
9.584470721276615
5.637684847821435
3.134636423348574
12.812238202292026
3.1754241505306258
9.333268367756716
7.021824748769798
2.705624545359626
10.351418139774221
11.560957127945441
1.4671933181905568
13.38284218461219
7.332204053849352
10.920119306909497
7.139260752312114
1.0458186030817929
5.6066983423569035
4.018391402225743
3.2339659014225273
9.00709828723208
4.034465903405189
3.5851600064801663
12.503401951786007
4.213474112895034
4.305664398944083
4.996156107224906
7.770357080710192
7.774546882075715
9.16941434266606
13.095103614649245
7.874926679449138
5.728400477177149
4.234939934093627
10.720238126634172
3.461783086773746
8.740999969615734
1.09927774279104
2.376820720428517
3.037132871662048
12.437478402776339
5.714704442164575
8.13103192684154
6.155235848936701
1.7209438303119877
7.2483126529411654
1.5758402773391587
11.829657934170912
11.229670451631899
10.964293260844961
8.712419846112738
1.6076199591215221
5.791640801735432
2.3556204769098628
8.089930034848305
11.230833904717715
5.136156023818155
11.335065228495626
4.491544243646289
7.591628211150143
8.925173865703513
8.192971945418604
4.768608873784941
8.103180117910906
8.783732599202017
3.71814100025624
9.45537900908588
6.398880989610225
4.020228288416407
9.985287669817135
7.227257005286147
3.705445973564609
9.443480977835959
7.9468569773162265
7.597473528147688
9.88402894489639
7.042623088741388
11.781682489466872
7.753422506865024
2.9879976037359532
9.241862493325266
4.60704228813309
8.343830091227778
5.810966903037391
5.977784006942846
8.354024263265972
3.1162845140258515
6.689727646805708
2.7324325732411494
7.069002959898693
8.114032625444155
10.260428423541047
3.8114228499234715
6.052758251200782
9.920733738092585
3.378305920109227
4.196401689491718
4.7899672003078315
12.298042083940143
7.0100924981021535
7.888928237162438
9.623651279562246
2.086320997532389
7.573569263803254
6.329016568527928
8.297986348671985
3.679970748556523
5.710358823687449
4.126024942924898
10.65341969412798
11.384579455990467
8.564204037733086
7.972866384526783
5.264359396550905
8.06986808773853
5.277846527304774
6.016319604910456
5.554527808762131
15.712073941609194
5.082437104758195
3.938172807262981
2.53125836603079
3.4016213732014826
4.690620414729196
6.046433734461183
3.0645887159604808
1.9911898837322706
4.094211709085968
5.522348939400052
9.083792259402536
6.567967337228537
6.413184549486814
2.9230547745303284
6.6455409409430315
13.41398989212286
5.361156149206591
13.362864495133161
7.634169581348357
2.7047414933161407
4.752815565349482
7.276850346889613
8.089240733928921
2.0194976001506326
4.586504835488873
9.187961070731973
7.32431777943732
7.886484306899342
8.954360788682884
5.674149801794759
2.7493642175685347
6.854416894402755
4.940118415552701
8.006989766702185
4.530108241195284
5.0442477346102805
2.747971316481238
0.7473144104963886
8.104739803753084
5.57757367175431
7.088551346582438
