185.014
16.722326354391523
81.50171853572833
60.282118384826916
76.14885542593447
52.37469453151902
101.67816411219158
282.6587109670679
523.2168174515667
299.0956877898426
136.90319182988512
42.59994124096201
169.22008224906193
327.05836810025306
149.27898196707852
241.21713856388962
287.8168230408316
312.14927927304194
302.20010099123175
101.11101197197681
163.04107471163258
211.24350608349152
199.1202586638772
219.20627378996565
58.371562616881526
105.72962930760572
110.37018805197131
47.23305785134771
221.5606314687762
71.96195832884152
70.01628819370971
160.29974412532124
208.4466861419954
82.6319487555501
274.47835573899295
126.36221816255444
125.26973595642505
25.016754544948
155.04688700615853
152.30335712470986
227.54303938535995
157.28925289570236
263.7240186345972
100.68662184508109
355.4127798076785
57.13485593778973
245.68396952705484
116.10354003741669
161.75551506281113
650.3832149102924
171.72817122941424
180.70228586498914
198.19997485644197
209.36969745888976
161.15284954846572
180.10306019040752
127.56257496132966
320.90316741248887
29.506804188586933
151.80987341162728
155.19266423369788
122.99846528608087
186.09482355727354
350.56525041779787
52.665502770049805
127.14577198911562
126.76764471324847
164.8628843338303
202.42272521971907
171.03695322492948
136.829837222341
331.0051477824302
170.26548014760857
214.06991917969114
145.31719335675305
175.21882251490362
104.32572666392471
129.03153702416614
43.206336635088405
111.02756556542515
114.110543638396
20.964571818154116
117.06314256537944
165.72101104776743
163.86850309079963
54.878185412338446
73.65256473388064
94.48627968397108
52.033497615180444
122.93442757846228
155.6737921982026
102.21555061104391
57.97637785541702
192.0491125362917
136.0614223857259
71.54199577897015
105.98892254660905
73.80068236618553
155.03519713028746
84.2472978716872
316.5722195140144
5.906532754947484
36.370854270337254
153.48390516812364
108.66873258913677
48.986048171693874
39.047706753844245
80.72693784858181
43.7939392810667
128.23983648171702
86.14409215785493
189.8348841279725
142.2564438575269
155.05740518931714
99.71747107401812
44.811007243908946
66.54659451745742
58.563700937286875
61.80104560345661
111.90193038507554
52.733845869022055
105.47776571586017
74.67493851386901
117.26804843866785
107.35350263851282
99.17294814870172
37.075003686051765
58.422145532420544
38.348147587789974
116.5314833383043
38.63916177370918
12.716783061789933
20.753936540434005
77.69314371203755
62.310527655413516
60.71415020863693
49.935603843442074
40.17447314767431
37.76919659187635
41.0713117206649
58.24613550555029
12.204699448821243
54.457878813656826
126.67542862381619
60.15489923187977
95.85172410586561
47.02648912272067
43.326824320385626
44.0442579726218
78.0212384441472
33.22373928286761
74.30513262500742
95.4182647207059
33.5620773247163
75.45829062902877
76.9627591485278
14.393934653428953
26.47527905553462
29.940526091028325
17.350772506072307
42.88116779765473
31.99608841960003
51.11852203791097
65.68953068809328
37.62452076135734
74.91903198235583
31.564330832986187
6.389347186190651
59.96606861902775
33.08427508539191
52.49185814106537
18.214982632760986
30.1103754150058
81.07576466682961
14.756932605703238
22.5973884499193
50.21775557992177
35.0653252719533
36.99810235179302
14.660992879907704
29.75628851789881
19.236781101339623
28.169438549009833
29.997392377911783
19.546980635577317
18.562201698560127
7.452227578497208
27.930555381883988
53.604356946333375
73.22241319579537
20.06013015868148
39.79646419401723
26.788495473685437
24.63913676395683
35.8542917857211
36.75818102405479
35.70908821390809
14.787927787392203
11.47231086476802
36.13153473740272
78.82545139409348
52.761052144127504
13.070386816119134
18.968384638874753
43.237131856794264
13.909254867732292
24.850229514320407
47.40156211852031
14.405775142960465
11.632863811216575
37.197352253682226
6.190061416291163
43.43576859434881
30.720154216773658
20.02637670385759
57.30236455003794
25.21346232305806
60.31812465642537
29.259802490702107
27.791753957799823
13.573570382242503
11.154226694311648
26.989351434466872
20.82849106691224
27.726491901942882
17.31941013104308
3.2523775888640785
16.207322512371405
24.27481222727779
6.591155303310092
36.45699127766749
22.178293672533478
23.096120232519347
48.29724387517926
17.134330852645657
34.65042024706155
24.928454652819454
30.136998432809907
18.900035415010475
4.808931000311291
46.705015158683615
6.72397544282569
5.839327137537252
16.271193163538808
11.061324217100177
11.712271651844956
31.58080760350565
25.767299524713753
11.626981854079485
16.669056539309928
52.9738495821874
34.79405294625243
12.491531486812102
18.85234675639338
38.61867935393966
27.597878478736597
21.103029028796243
46.39097379090708
25.71992964254837
9.374582069107573
4.526700376014317
7.761169861413888
32.89209779477722
25.35088219420897
24.09446293317013
22.22056752456749
15.899826552757618
25.378193475821114
26.27339275547376
6.609450955854047
27.206122116663714
32.03318197093052
17.0039284321453
35.433170842958354
17.2983674809428
29.238952523859023
31.536444019212635
23.81581313620105
33.9167602308883
33.433309230011425
28.333781776482663
37.24595628189735
10.806185186354828
23.095961213372796
25.54896220620413
51.88855059044947
23.20519456945941
23.02284174354657
17.737158143773023
9.660718295318842
9.168719220772081
9.582663746137426
42.616805597569
3.0512421201530104
18.096457101424104
54.56345389598545
20.887155540018323
13.620531383074386
30.548435890425722
29.55168218341713
7.698909558215978
14.783908629177473
24.610549626918736
33.832013141123014
10.641709549671177
28.918481853870933
12.892357378901513
14.922100054035813
24.507530452338354
25.52131900772058
4.678389512562114
11.43424147218745
7.667876740450082
36.2481570624011
24.15411853360381
14.496772635516974
17.002263649160373
19.409021041074016
23.84075919549287
42.20715042289712
51.76970315840409
49.48465533423082
13.900984937321859
16.590121514481268
15.34816823524134
14.853333943480362
31.10996208344581
27.442331645832947
36.128583676014294
28.69075202566327
21.991103187682604
7.687268402859456
18.552055149872164
29.050322670611283
36.338682880417345
3.3907422173223325
35.845769131019
22.95050887263824
19.458988841354973
34.14492804468727
8.963883619796013
13.300097096884235
36.57674091870519
12.058346032612127
14.834622082355919
9.264407386156664
36.789603271490286
6.101428160098889
30.373851818996744
11.563815981022117
23.169553766879275
24.710425577723157
22.879872561053375
34.65524638865103
9.79123541532373
20.593687476144613
4.642325203833807
43.30871015262166
24.831405660958566
33.09459879325389
22.487133140461232
44.76184257144062
19.284966725839652
11.232424557786445
39.33542420644349
15.350238577042942
36.72509569466085
27.26493159605827
4.976834137200429
17.812774838247474
13.333777615255437
23.361872199331867
3.3422156699102374
18.978430975795085
34.384538153347776
22.445697429454643
21.081658387538372
6.533723224433751
10.647043773517831
9.952809375106956
4.806417682248633
6.42340264747009
8.19812497358126
3.579169330975518
22.022847841631513
9.934996207530153
22.850051602352156
28.74702981134966
27.668317450591456
32.89248598115236
12.981065459379915
10.448458865946863
18.196296664932078
29.924870149819256
6.61841286915619
25.563906686636585
20.834764368633945
2.9937995274059666
18.658124179498934
28.10234671268589
31.34242003770439
21.212709676671803
3.672439461937512
15.998415124932823
21.30377492132191
8.943645600820076
22.611791887566326
45.90199330436661
7.526668361087549
26.24655381457221
8.352717865503022
19.469422173557867
9.407408726771068
8.338248140003005
12.994210418584547
3.28414461139601
26.86126782441678
16.909997474402275
14.621087060355798
23.485522886879757
20.25376063475668
4.10172145156903
21.84289321974416
16.802943500786725
23.361015684216962
23.476072352544218
23.640239515016052
21.734492808243743
31.445353261677504
2.5852280876403335
14.298869718135716
17.530650137364272
12.59669787697367
15.27711634898595
21.05489816195073
6.697742886137582
9.684972159719772
19.398621675703996
27.356383839099966
28.581856589686186
3.479014276691876
24.967019816603546
14.98312973934131
12.819386968295156
17.131402404885957
15.592331085926391
0.7904224339498661
6.833026755876067
14.41717316390167
4.354706483720541
22.63834757458774
10.121557481359272
25.233553237396066
9.282272227347462
11.55195996217884
12.176499675406012
10.629895812270458
23.848871793972453
27.20043403795579
4.883684468066252
9.501531014838044
12.600512264017322
15.303122801759379
12.697110365512122
10.148464469873707
8.042601619491222
9.195760999155006
2.9056814555824255
10.133582251077415
27.380663391711767
10.25656576795348
22.471813465330428
8.327120083660457
23.71176827289281
26.67040744288614
10.046607859630505
28.4613949329179
11.63703273650463
5.395998975662285
7.7716257731557254
16.159508703779323
12.549696122852326
17.094946659991614
8.833977126002752
21.3012279762568
10.946166647149775
5.321402557509015
12.827859986041316
8.593699710888597
23.869110024716004
19.952672704782174
16.778459062403968
14.334701650694067
23.046796653881337
13.249951952766688
18.60670467170218
6.401292135459485
5.738654932467747
10.751737035013315
16.715441677201333
6.890866858524563
13.743827322131244
19.175849509472723
14.159516310206197
7.937939258501799
28.31209923616826
15.7799038211168
6.273963508531327
4.615592777169522
6.3403056836946785
13.178504508308412
6.953552092897928
17.497658687293526
16.651389538419693
9.108979556941401
2.6994198204177793
2.5030085259224464
22.968821171796606
9.48315240312815
10.02359532650101
14.583452526140698
4.163835888801578
7.475881353217808
27.385953397679152
10.015384109427979
4.400699991930731
7.797816008558892
14.809369790528157
18.60347848286082
10.154073179742474
8.547345092047777
11.474019744634909
14.115495803749267
13.165065119460856
14.401234946441324
18.303468447848424
14.928442873971965
26.929495867601062
4.110850114928209
10.357577287322302
9.383027578825647
20.2823412216399
8.192302834963165
5.6182307013672705
20.260693228164957
12.101712427081372
8.097925965919458
4.254184177984046
2.0433317231270927
10.044742688246444
15.038844698040664
6.329553255101931
4.933369643675262
11.110907375715323
14.495632538751689
12.717901177804702
10.771815471765459
11.878944954870448
17.989357693374245
26.676536933587624
2.4586689840927423
6.377425391749158
4.583913622336494
12.99697958139517
7.376239995894968
8.433260943461498
7.338717662717612
7.231233245115761
10.092611819411532
10.550599886540954
5.745248965128653
18.738079320713023
10.985636556804167
11.269713796178035
18.00789640974374
6.157694541076013
8.526909392161354
4.389313224381396
3.911606003469167
8.693315454426688
20.051555590423163
23.785524589610475
19.258965963556683
16.032893881804387
5.821285552986148
11.94623207398432
12.578147481491104
21.26271199089574
5.2772268538141445
16.552905537692002
13.26650558230569
18.188878265433786
25.289503459858675
13.79550572296589
24.701811154367526
11.802913750635383
19.991265980841675
11.979552593856505
12.318981773200173
10.092494645741608
12.70934217456
31.444548221359856
7.595655697095511
6.779056876124735
13.559038667714363
20.1894536264237
21.025281675603605
9.865766983911284
7.548888221484081
7.166437494465251
17.98608056661237
12.030480348396432
20.39987724163918
8.985892033602452
13.23819601552152
3.082425346222112
15.307380557741007
10.610458767769467
34.95551206271132
13.945063214788311
17.376250597408166
12.262907729439728
4.675462894047362
14.784686757623794
8.928408635107997
10.254490291975918
18.736668969546432
8.310882349547466
32.45147044942786
6.278048383985923
19.186302601451114
13.643005700258575
21.5780222354482
18.926250062867357
7.841401859808112
13.374250802873512
6.0981658447428435
14.571833338019271
14.122461669061694
4.283752547923295
17.980971128696314
21.674103035298607
11.943860621143902
9.284277511614107
13.25197894059703
22.128376638520812
15.026726952447875
12.32204502103212
9.474432185073747
18.96366702424286
17.400821701925597
13.412352708960887
4.997596763960836
11.58629910374007
4.1050491712574
8.350282031646886
15.534683191591832
8.347442455954027
19.98151299419994
10.00481148300928
9.471927737487531
15.36433695620638
6.406610758478953
9.024447911928872
3.6179915662176687
17.6117732857107
2.6442568038143808
4.019013599952878
6.6291636816856
2.580838333111467
2.4900340550525173
18.184635024550083
8.134438100180967
7.79588496494362
16.208309042930928
5.511192420521163
12.794637350269994
7.537511269334114
6.243212320309104
6.9081119690536585
15.011461132729279
2.1365830542658055
8.819492043760214
11.011669469910217
8.319955450292058
5.969562180419977
19.48021377313285
11.937700931510488
10.180965312047977
3.64248145135866
13.920942856076529
17.526891323930776
7.317306902626562
2.933497497395272
4.923335138944209
3.8889544368655415
9.987426497982934
8.296501033869605
8.251265327489529
6.476340437750803
6.82541347696655
5.8271174395388785
13.13583093463057
7.956954657967139
6.591981645063685
21.234860235250878
10.782769772947178
3.766906681977024
0.7642048247646405
8.962398583100207
9.570692821648068
14.051907727772567
6.753702173015258
9.826802235700205
6.4754524796030335
2.439645364735982
10.164278088185453
5.310198970842365
2.4430023155283127
13.170168889307593
7.90109348647897
3.4203842152641246
1.5758725251430157
4.500780337157711
10.600965962393301
6.520247126592004
7.175293599253256
6.361619796469664
9.595572010836612
5.832589142576848
6.971579171631425
9.729665350870174
0.4615799655644979
7.0413393633672134
16.720551726193968
8.492271817126301
2.3396582765510288
17.53576334234674
2.7414229390844196
5.747000018584715
10.648875937742853
9.133714181044752
16.162253997112593
4.257884061264272
8.63967987367632
4.727815801756542
4.207971113968944
10.971066598030054
7.445764538595257
8.239564875995617
4.375549617515726
3.8054636946403404
6.984184721786433
9.882964783241277
8.937748534961065
4.728865164060171
4.597092976557829
10.321258461616923
16.393792882361222
5.828900180717705
10.979460140097512
3.1078781471677575
5.340681448332784
11.79073283494223
5.238448865490886
10.6445891182857
21.566929712205
5.053360053205034
10.226967543564387
9.185640120656583
3.1412561414369384
20.353314601883
1.7346748981114064
9.697350474337094
7.461372808631528
3.2835121273376924
8.48369455932587
14.668028965569228
4.939045262819034
5.253941395273115
5.566119875906572
11.138227283156489
7.5238126053594625
6.544424959089867
5.755191989634176
8.985871266038316
7.281568536859892
3.6449907017965333
16.251771626640668
5.9679905375479025
3.048111997841755
15.847271160872229
5.631152888644791
2.573870052962889
2.5634740799660753
7.429787971542443
5.167244747097819
10.191491154130796
5.018009417814125
10.972533825564648
1.0879516793713382
2.7540716889896597
5.956315744009938
6.150103124038083
5.812441371219573
6.086732383028339
13.28730456357438
7.010380411251547
7.602243976290166
12.988759335168533
2.7268537357888474
10.806873146594956
6.8182048632925705
7.8839911902008675
7.260510028355942
5.3795405693305804
7.648134879085344
9.26226002901011
8.37442897631989
2.8986005469221916
3.9137210518333685
9.269663329619647
8.959247700123818
9.266991540115978
8.207107594596431
4.623902524063187
3.7053202613055722
5.757057874565441
7.468736884283419
4.3944004508155174
4.056033745863578
5.624714163264894
7.962201891237069
6.507830262558755
3.7305584793642805
3.7584206285901804
0.7946777441495958
16.046288166244764
7.63423679366169
7.824376116954563
5.718919147316405
8.749321357561431
5.8190901604311955
2.41586502422918
4.148060758097483
8.13611866887813
5.601141069753913
0.2252678235156356
3.2485589598679967
7.347287953370693
6.969250699584418
9.100578471765354
4.1507077243410935
3.70824117822737
12.294919948818228
7.65022900461468
6.350636089036121
2.988130136767911
5.281401722760387
2.196005748755619
11.594579166947145
2.7862607497398018
4.9810036820796
12.825426348172059
8.304121462088073
5.988413715164811
5.691268226941027
6.583319399189291
4.8352327844255
14.143685315497258
3.106799596743037
7.641363986887574
3.934671284514876
8.78771073670664
4.219380458835905
9.522789262146851
12.208596134014503
2.5657341733783356
11.6593571659095
4.964200370174023
2.2157862989086983
6.626595201494945
0.20040625714315285
6.361610577109579
2.5083716030278413
2.0171369895722724
9.810310621776308
6.517223671907116
6.197123004670544
9.085054818247892
3.427285360835767
7.257247758357044
4.024534416046672
7.964523845742399
6.513198072110535
9.224461647322098
12.317294748100453
10.463804646949109
6.940122660669759
1.900389520687835
6.7092829996997825
3.953423036959102
3.5654589119050146
8.052912903862232
4.53569668405346
4.926321930458221
9.357837601693163
5.0454082381915795
10.271630970523592
7.1848742826121175
1.6072483297502822
9.505813836362147
1.784386726696014
1.9558796713392086
10.252246441838553
5.531935878332551
7.416813383266761
6.770169318276749
3.407466456178289
6.045784667076791
4.149225445168985
4.731633316899925
10.894902126257453
1.9579240973563004
8.165758520417684
8.376575888145481
12.779627752467713
10.335902678518218
8.957849502731635
3.1000307788879518
6.107147261021414
1.4490243717734006
9.043332430568238
11.997104547282571
9.160591282418146
2.4120612522980025
2.344158097564414
10.071929064458416
6.616121094526286
11.439614105263884
2.6465397798070285
8.633528093366877
4.165353608733711
8.596756115131582
7.6135728499745845
10.887447079517187
5.266779407915667
9.52464101950443
1.1084416812851952
5.209530840641373
7.282651868461829
8.037410401535709
10.976544838785685
2.5737616456786134
9.833235401179673
5.682223032965662
1.4729876630449956
3.8414032550398267
6.0758945975689045
3.5561129465190695
6.6174160088176235
9.088173235894436
9.574768562649988
8.869899829917841
3.7350458330666867
9.446462114419747
5.5096622288236405
3.487999611957836
5.360828950940277
1.0284819598037676
4.445525572150372
4.1265664356940155
13.973667070483415
5.031929785879198
2.415842001141545
4.7029281508851275
4.530993116875778
5.025458592472373
4.137868646846748
5.70700947391729
8.923908893373902
3.5163593950651086
1.6828710608505313
9.187893312371003
5.390709340709449
4.852643856096369
8.798379380317074
2.5829597403971944
5.288313484171534
4.6386073078205925
10.613132526858609
6.509764785344569
5.775182508419349
7.516174991997093
5.7669202574251806
7.87899340195929
4.529372256965905
8.562862187310301
4.831544303593536
11.99421255433352
219.506
31.504921694557396
26.85812710702732
26.25589422946408
10.082484415102645
35.54804911486338
59.937270013439694
42.544976849525135
107.08510117184953
129.4775935447368
44.47351555142416
158.40274742170146
205.99757938000383
128.58877161344162
62.20058885530626
135.71797388025493
67.48587933531725
22.30567458028181
48.1692271892585
20.363208264397386
60.32742268499559
266.5985127538058
55.20688539652676
374.8029402600588
311.6519039117465
51.949187857095254
192.64890669158487
248.8085224960355
421.7721063299748
288.9145226592509
147.13013112830117
44.24687673674311
23.319977305281583
301.46471501897554
296.31675007123437
378.6281314016035
119.81420733744369
254.06040380392753
102.84269333391265
350.3685585693793
301.289053991712
459.3587142785144
269.6955282677552
176.41742592600113
319.47887894834804
195.90801933220084
81.95784601088542
193.59656939779947
26.97718153442132
162.8233572197217
176.031700306908
228.40427209391478
223.61661503145118
265.7319113787084
167.13316376335246
102.356415477531
59.27573560855327
212.06337602983652
382.82581115702084
344.45989802293434
142.38100977237153
43.26385956808953
313.1557726353813
308.0778899474958
86.97903958976914
146.71936215222402
299.76829757054037
36.53930579871773
54.864027254181764
380.4388926565194
188.9244689102269
7.137874210026652
192.63330180536602
241.3313719390017
142.38330617903287
248.08408211740053
259.04135143784254
92.87154502545201
242.60133756098966
209.29423470959225
126.20122583687889
187.2191780780203
80.5471279176171
226.6711461188246
261.9088187251837
110.20225831522406
58.99712101290493
148.33665175016742
158.30398262386393
117.09418523854897
38.37968732232737
117.69062704301463
80.47721422642745
104.11282574268353
102.2566772273144
95.59093552894663
227.91059304206368
228.94490509429997
59.99854881035477
60.447301032232
246.42774100967685
82.9790396464902
85.12859563726872
147.05495229970322
58.13564398727701
33.789289935347675
115.89918984777175
137.7591500965613
118.28524464656043
96.58816612382076
168.19076810028457
44.12887611596213
49.62830582636985
49.356882149159894
103.62781771914592
76.64486782038199
104.45780087542595
65.05051358739227
153.0120162770819
47.72860722256044
94.39141798780601
141.4168032004131
68.81052139920227
80.82368437157035
41.30883021624973
62.47397124565153
126.17717177610257
57.62667666470011
28.23130079810255
41.37941280066693
30.815042237105295
104.84455558465248
75.16483036018803
22.030040744417686
36.038823518819754
54.38999491880803
70.73663837482799
76.26763067663218
32.87728658517624
89.0767501710386
59.12295714585469
63.25311442825048
22.946105642118944
48.79686586370604
28.0645786201479
64.37538532461566
14.527021484138928
101.40088080243733
69.77577845830781
29.82597859533416
42.74610377674752
40.48089960420438
48.06161013529089
31.748642691379786
29.343577843915234
17.60122825055508
18.73833054457452
34.02845735865865
17.108642306009347
5.648116251047248
35.27710473856056
64.34211385825189
53.26629469296892
39.89157596174451
80.29524765449625
11.246097506270486
76.0705218012448
48.80408385353813
33.72727274450587
8.929997215908486
41.70321941985201
11.697085968695498
81.7797770821618
76.65167531797121
37.80980199684042
21.063983211018044
63.53976473999496
35.25134260976718
64.15844785439339
123.64433190780123
32.05042893027868
65.80699130040061
59.83348070877269
33.73621919400197
17.514381768001407
25.00305813069557
12.538225891957639
47.92341586523146
11.693990109599147
48.29515829680942
37.26502902478522
46.30101055271508
17.259492413861032
44.50358085546935
9.810120636003413
19.743950347819723
48.25591536912476
72.08601489563425
7.886824232207109
27.5161791529189
59.02680859650833
40.59901630352629
34.36874386525646
6.6615045434584435
21.516825862225023
30.047193220603685
28.094154709912015
61.05055500097461
15.902517331492835
18.79528595515567
40.079236508225854
20.805443293686572
32.12056643199364
41.10863296541561
22.513519257762596
21.0479469812793
7.14767270289966
29.14232284826073
16.955846008173474
43.95269335025054
26.295217546752813
34.618849843676074
31.907382279067036
38.3299085131451
18.739464130185464
31.368377573494058
35.28487923707731
33.93827048736327
33.56033937385344
23.211660695860562
24.985013223722895
18.966560513051927
28.797804808290742
21.49694537607774
28.97956670789245
41.36085697652703
19.32091005162888
48.67424634432129
46.16324109235564
19.110239426628475
24.950961113432694
26.005092241627473
13.281326602867836
21.873697726259483
45.3774857453036
9.252168900134228
10.433840471458888
32.94184530102133
34.72336530815405
12.847611507842334
39.01895614114693
20.852368549383463
15.707573411727921
18.034089348438236
19.591616629827026
42.26658935364209
15.107707910459748
20.856963258496446
28.561499525503052
9.724553104543409
21.268197213815288
4.399262234035669
28.83277901384013
43.12758937876264
34.16817967285633
20.885000493923272
11.353365241634474
23.243896472651695
24.451689271756408
23.99942368597241
3.718760276039244
24.517780817642226
50.957520975451196
35.430300466494515
30.492666896437616
16.90113560538508
51.1015096172206
28.650350430250604
3.557657970393801
26.090938581759822
26.852605330004693
6.362296299541133
6.735255985414604
38.44381676014055
10.359692731245131
18.43954621379232
15.321196544267444
36.09496536679247
22.254249132717728
19.905753553438064
10.608658394475658
18.99706054494084
6.996171951615433
20.3796656734226
33.61893111308115
28.937206952041517
7.46775120625973
15.465359328020135
31.487237135482488
6.924359612462117
31.421107356844775
4.630056141171529
3.62602796465054
3.0266677490094174
23.515172426954994
2.5718690373009405
16.94733558507504
46.0492936041552
41.24719287966297
43.11314003225004
13.962097918395445
24.911813579136485
16.019378628205594
28.38724113058057
31.618182925555228
27.968644334944464
51.45429514382293
6.472462873844198
51.13846798593752
53.82090589940693
9.236894656719294
15.04850782260133
14.04294439029879
23.69781769923708
31.766718041682186
19.496000977369217
10.795849409237881
11.217487484350048
10.44527999024173
18.7153047104456
25.352071533577345
31.583655739710405
14.882025011926784
35.23198060737102
22.837435062397525
5.884276525415572
51.60239327074824
26.898878358698102
42.2556051328087
46.235448119719685
18.077312244862465
20.6196006040395
15.887029481526076
10.50801524248976
12.479545505883742
14.721628178154951
24.021852769303155
36.43052830055876
7.1354980344740095
24.00031203771658
26.220993582721395
26.88612992646183
32.40932521666148
8.046484856441223
30.102636909747815
8.701830063494729
24.26638890600052
36.39978102963624
23.611731666285987
23.680614382389347
30.184588833539383
13.260895312987476
40.25776817152231
30.91712169313249
14.074443301714185
12.451297997033901
34.97515016111072
7.504029455020975
26.750607388155494
34.09422919734219
22.128849067659107
48.063492982867196
6.7245992479027645
32.64445386756006
20.969107306289192
12.709240544797582
6.44924991153309
26.98932900660374
42.90361626690124
8.789061020017085
25.122148036701933
41.00294917145706
25.782379545900124
15.566323347267064
24.619910427083138
23.210333104971124
31.893200573669866
14.591988581044982
27.27390404585006
11.012136369275623
8.941036592997476
1.9617766605594018
3.6235072836926627
27.61444995203207
31.615501068092488
23.581152281708093
8.477440424126085
24.163838628635464
12.834040058362119
6.924601930963221
13.952950549646658
19.41408446640339
17.071686463817116
21.49927245998212
8.638046716794745
11.566161360248106
19.250035991928105
10.810446875425448
20.539317900505985
18.27506692335429
3.1952737566002716
26.396958111737344
5.991625596470022
18.472219527015362
30.289376696971825
6.240761367476142
15.600642629375592
10.729961428810793
17.10432212055745
10.112809364173373
24.88010259519249
4.669243768478841
17.04708047781864
23.9003272256154
12.216545099702087
23.056995293957712
2.8309019365077215
5.739065822265111
14.903490356828723
22.97926610362656
13.203979248666297
11.73591917831911
14.599174248913524
8.747188602735653
17.46786249015944
7.602489390149113
30.199461412962368
4.082887865726496
16.98907176131086
12.050104179842178
19.68566918675225
20.64329901315565
17.088686603271203
11.9615221941381
15.292169553206628
25.24849206479632
7.414791271975115
16.405414554433747
28.156306040913815
33.42803367826063
18.61178606469009
12.237121527771302
19.491237582679954
12.516604929185501
22.75206058844966
9.417644470451128
12.051543075489752
10.307549791523126
13.777030392283537
16.400528106139028
10.561341446270795
4.99240718865288
12.957648055446725
25.53245775278824
5.867129035189177
20.73145527075014
15.449244574318449
32.78155762286962
13.635954884976437
14.629108544658653
15.569848422387453
14.10823660173911
14.843736097750904
24.679039636824424
15.690334801440127
7.957545911640406
27.186268460852137
10.776065766847381
19.753047520227444
19.520571646576023
21.692835352955818
16.32480379752962
3.7602352177779865
15.380688530754584
33.29254082078927
18.63981925004231
7.455357525054511
3.5944349443038917
22.99953533087127
20.42022428365786
12.462050355218214
30.522421261883103
9.228635248586313
10.51992719142484
7.886416956353292
7.323035487258374
26.595475381526366
11.354332629400604
26.804196649924055
4.82989960437902
5.665987014883171
13.847824351859108
4.85142928081016
11.595910327521874
16.463428619444205
5.454239231876123
8.897554870283683
13.83676763801278
16.102507159579837
19.290153831836477
20.706718159771764
18.5094028285707
11.35431680235577
6.164705616628102
15.47561091414314
9.978026422463529
16.75200179021822
28.828007373651417
9.208395435158911
11.81665468593558
6.654532415820724
5.80073098463464
13.173236946381605
15.960016186947042
14.51756174526764
4.977337724910979
8.970104624904534
8.199554855054386
13.807698860356346
2.2470782918691254
17.654918323821235
26.28257257009667
3.756957026098869
5.173947675244082
9.126691662242058
6.067793237901728
11.765974358111768
14.119414976472608
27.48199644925939
13.202899367715633
17.187736891760707
17.219899672174584
23.997479651756734
7.939035293990572
9.000613023536008
9.204187032835545
11.803934835693395
17.16942923731117
4.710362989839196
14.572723348583303
23.487268463315306
19.47338952190214
16.95680196822221
12.266483810929723
35.37229777317207
15.615388701340098
21.342180335375943
6.811854938580165
12.11615636341199
3.9671547644936944
6.371223520397626
21.461092542523236
18.18067852938803
11.585297415504533
8.85033549886258
25.146164546809235
11.607535540441056
13.094636500544947
2.4738943434372924
20.660384640401514
12.065236485947015
11.075707801492165
15.207786502600793
38.06572862773996
4.548720635354005
17.570465248981638
9.962041137230566
7.321733718497808
2.626068872875415
6.9932250154301485
8.695690718680643
22.785174302212077
8.914371683759146
15.434326383450452
12.609586818936386
17.464274145701857
18.794041263051184
12.693228666666748
15.466069350114791
7.107413829027548
14.388691035432359
16.80936897199784
4.964689826947354
28.383608530046654
22.53091202657347
16.369223624539476
6.341251369347832
19.002294000070968
15.749935899556386
18.46679270694109
29.754274591171786
19.961535056233743
18.670034291086296
16.327861740659095
13.94230852640554
13.654546826695643
9.363674753681423
5.694223297925452
26.7428166091478
15.306249501400476
2.16879874268886
19.852581256602104
5.615955549992785
14.774070843718404
12.482272696037874
18.654445999112806
18.247790761989442
16.06668213153435
12.415609070847816
10.313660345828342
5.8035183409232
6.041302466497855
2.989066429164763
10.534407967115834
17.12621773676305
11.838241681945266
7.813725849760004
6.772966686328371
10.734878184391093
14.131983214870177
20.358917535253966
9.826500701221892
7.684634158632456
13.383014756427889
11.663936699025134
7.468931213900879
5.648203962320786
14.699771371594496
10.247064693464047
7.194598830959646
8.78031656864115
18.49828174519713
15.508633144218582
3.507572003606155
4.282397262648135
14.57000140371558
24.521681739352907
10.334103676789905
7.012256689856598
18.658617392829502
13.547101804516503
11.275022653893844
21.07605669199446
3.807833647732274
0.8970403856254521
7.72631948520361
8.446658806806282
4.506770882984688
0.909062127156376
3.3142833515909977
22.214976874038037
25.833114545612116
6.676851895952452
10.652890094248669
6.948543252381859
12.276632879893508
13.773031807580058
16.877877977711936
8.652259380341516
4.975465670357271
8.556787753060771
5.327856606634007
9.581140920465128
21.611263548316742
2.514832652614306
10.168717753113496
11.619636609702027
10.227518137324767
19.251593266450424
10.06608195253629
4.559639007413451
7.369416351015611
3.3543177709779823
13.227669503485547
15.241232663537081
8.37898322217218
4.978316751400024
17.42656000366262
8.182749427408716
9.583033581893083
13.222751489326537
8.455536750898464
19.834695744383605
12.217934948956145
12.646335031110047
7.35659131145749
8.396761283487862
10.55067642410418
8.199351499692831
9.532778444615545
26.42987549439231
18.549862980093078
8.949565835461945
12.451402381578836
8.552118472874266
0.9439235403475531
9.768833645973588
14.167666088931187
7.5811277936096
5.345439354114393
10.637621369250022
1.199695769733987
12.834711791026665
9.92807551235144
5.819680373909789
12.946619727242801
6.766451106476009
6.856594009261617
9.94935658093055
12.816763835788606
7.556424993343718
10.021839879719993
6.09574193455817
7.010638183591047
11.943083829365433
6.192298913354611
13.926451578132774
10.969244464908952
1.5490964784459602
9.62176825835936
5.262853041695261
9.340242720647632
6.752233850628477
9.983068233641943
3.842654070854059
5.99482579520721
10.478274203569155
11.026425631485672
1.0591481771882159
3.9720749038353613
8.048701757200954
6.3761254661993725
4.01662130938002
2.1438530715452893
11.81497516979306
10.597288557763774
13.444852638225033
12.423238969767151
6.582153487552489
5.041172795459323
6.809215006709594
4.68403209202338
8.228177451549934
3.7850060722317016
18.180056537054913
16.635431002307993
9.847104604058446
9.959246026017423
2.9573211713302494
7.449456101911632
7.724994658738587
16.91318028882285
8.024019752591677
12.81207541116083
10.339232819206265
9.906087263343789
4.697424205447584
8.168108668856723
16.13339343341317
5.9477127944961286
2.9174027012598343
9.383693173861811
3.393106690244288
5.873636958421147
9.446039412216932
4.402082616862822
1.402454306966987
5.764452276785705
7.791437197109498
1.7199969624657485
3.8924517793566094
9.269011614028697
2.228263542031646
12.295074956712693
7.837085018199652
8.260388012174687
6.766520674634762
7.173266821452747
4.1456066629100885
8.926197633068409
7.53323701987468
7.155944947715091
8.046092257385068
7.9947719616554505
5.391301801145731
10.458075259670355
8.422966926006676
8.37371074901866
2.164629408216457
14.92025907326793
12.733866277524127
3.6624855460919234
7.32692843610047
11.377154143338258
12.070927125673046
3.747666969062151
3.2812812571429304
4.29035083358701
12.311732140198362
6.878706336868547
5.8933185139681115
7.256397405346066
8.334339674706328
7.136839930141083
8.30947425356288
9.038507092509734
6.147040417567905
6.498005637588683
9.262395720759836
3.9206133049484495
9.661276221836122
8.849104187307066
12.0002306970765
4.123879072982135
1.9748752839957866
7.364918947592342
11.239080337066177
4.973384016544532
4.978725053530617
4.1312727010078705
9.36452521574199
7.6445125366905575
13.380730499536684
8.825433206560813
1.9324423747855255
0.5615028505105405
5.657924946156391
3.0263616766560033
4.589394271581401
5.034666414273432
12.111802632694713
7.344360123055781
5.460081168013688
2.152416377853872
13.956938982907467
3.1971438357822075
9.868232750652265
6.41407650773739
2.887921693066817
10.002506645891303
10.460674966835361
2.0191674121549545
11.482209475004867
9.733530924940002
11.889749030350792
4.051703688481332
5.4705591262393725
2.5803422212803446
2.0669623312483743
7.134996254813351
2.820210773859126
2.2307057673480877
9.343158203890265
7.513397998860819
5.981069062485866
7.324279525464145
3.1737212103014314
7.9007401990863935
6.741283421351893
8.312362812388077
9.438636896336096
6.6264495722186965
1.3120773406053772
4.893983197964646
7.423212545107016
4.986196686883369
11.910112367238181
3.568099842267475
3.7358103296052994
3.316031858382297
11.791861011183812
5.858857169692427
6.452684279740478
5.4548001634431795
8.422564665087455
0.8221835659164113
8.24514397397371
12.958717571539665
7.582386130328281
8.006989020365037
6.781733713334786
3.994043681724932
6.414249159489448
3.1678359258435633
8.346943146993066
10.851831162418007
5.110218808336801
10.198721700071157
6.279359512800941
7.016161203260371
7.925076675716687
7.814264521273247
5.888944202001366
6.435379477681152
7.76509285689419
3.631025810730164
9.409705372569102
6.8960725913306495
1.9092767788966738
7.864546847414318
7.404191151746224
3.4579759329840964
10.70839450812925
7.3183422998473535
6.440106688514515
8.319919533997561
8.579408812672245
12.513957806421935
5.662784034222113
5.690268742667741
8.969180677207735
2.397266961538776
9.622095464382486
2.9276399898258583
4.845427962179379
8.637711293871089
7.408752435086209
7.1386621423806105
3.9995129997993857
9.22214277437834
5.597844457935246
6.9099392722099084
5.828774373053206
9.079935051399367
8.510933781986743
4.2544920076857
5.0093312173931475
4.058748508364144
10.5027686883711
9.347811674890183
5.179860422790631
12.747078844235972
2.344640865741185
3.8188252354176204
5.844689701043887
10.623892900422785
2.162916548489142
5.99289914631637
5.532708512106523
7.673932795552117
8.873136856097297
9.640776811890609
6.386010323020011
6.444193541145754
4.701185107662675
3.9310835074997037
2.4757608151858355
11.095080287801125
11.654166157623255
11.002690083365982
5.045226973886668
7.705103685636219
4.7392301268778905
2.49160939437011
5.741710784120819
5.84939018799757
3.022961887693848
2.01232747252957
6.170724013452489
7.862704468669331
5.302658503891068
11.079899570543253
8.367677009008208
8.320940204435297
6.041807790070402
8.655961371686526
5.9226220008779284
2.130321763265736
4.3031363300355565
8.332445754514913
2.9156370586405203
6.85444277327834
6.356155702368527
10.079220683530139
9.655020852256255
8.461068949307686
3.2596156633076907
4.6093430195722895
8.451829341921401
2.0118618710690965
8.321375265437425
4.979889918882348
6.602344948993257
8.16736349720717
4.662746099706042
7.57315327352175
6.087989213693856
8.289611332189311
6.985827636889509
0.6894038703335323
