333.71000000000004
31.79052505974125
41.54886094971581
27.822874737834997
61.893607878166236
84.42381477840377
49.56854570038517
89.70080720284076
42.62745289851484
167.50315171586934
340.6723999599778
670.103764053457
549.4958119728116
213.93293996319485
117.93232027860925
60.75482307929547
80.32632199614079
145.58726034226993
68.62739222846324
179.96282591883013
125.68470976878524
287.1249477258144
126.7925562861057
284.80753367226015
58.26338886518476
32.22363552518923
216.52297715784857
180.94741354133214
94.52440728218356
263.02775995643356
129.77136775573064
323.76919019561734
41.25588830579644
42.78319049777736
337.06280159014506
172.14514458197718
89.50428684964903
51.70180967981501
174.51641782974093
167.93723917450438
217.34241807719587
238.12178690763318
106.31219905437098
212.14105687086337
197.95535928572863
58.63768570833079
272.00819495743787
114.82735290210266
158.03340185881416
207.0540993544745
202.5197940009794
147.4128504658508
215.78797145389692
124.77178718772439
173.42654727481735
109.07194176724911
378.3382593146691
142.35589703731304
202.82138527267006
156.01476916665428
120.9656047894711
297.86135715824054
54.445624631307716
65.97276627584212
164.29130016543448
275.38968191125974
194.28203282092724
90.87391252223642
11.342466178931085
178.28429527643047
127.48086000817777
14.746234322205504
143.34604466452052
134.0628906034383
72.23884027446839
145.14748903265158
147.97141184455884
44.04075508805908
211.75872004560748
89.11185598864046
102.0117413111212
222.3847496074943
129.76388299464426
159.74383090802687
168.8588148104679
256.21281027205447
155.98976727247992
159.76209763289648
108.60176027913982
75.81741882233311
124.5360191156987
193.32898735512984
28.223734837496345
49.34594046230073
162.26149973684196
64.25545211835336
75.32313533468277
112.6100972020038
229.9892875250916
153.43305732687176
148.2565906995345
65.3079279571877
41.393676355804644
103.02393912892265
71.4298884957303
63.683179983560265
41.966608985256364
9.675218437796591
41.921438776969175
112.79656198121477
64.58329896892715
59.271210572976784
80.80747863677422
33.218888090437176
72.58200621294789
93.34499186087875
57.72473871831365
151.91244340663152
40.61500376486319
116.83611069772093
71.00209286417454
44.86562437667192
36.15162195694845
114.32486078853691
106.66751744860926
70.60668284925661
55.86321272786816
123.0729525635365
74.06962648730692
84.26061107038907
23.428860505582996
88.60202988769849
89.11330028922825
35.168041618037584
34.62199497364144
41.97199819631763
49.07408975113627
33.26403524614358
53.64729312775947
76.72861872225818
91.35969187352816
63.88724284145524
32.954217887659965
72.9777219606999
98.09910832329315
66.03197029123027
30.04330947889076
16.796254760379334
37.297308122078796
80.04866416538118
32.50405194211812
92.93047240751287
31.24114902712946
6.802898465650185
80.00426281392157
14.123118647624256
37.59544512289994
46.246776812590205
17.010990237224156
38.56409616034002
57.57867959329738
37.770612279959316
46.633871641620225
10.832844980338983
50.44466148209053
51.759648312903245
37.00990086154832
12.595160983707283
45.804060953206665
66.45795885320405
38.11424895996917
36.25447080017174
38.91010053309308
27.431477084711894
36.8119693628
33.41620384168725
42.08232624475146
73.31219436702582
28.50129697652464
51.44201310448899
33.698022654561385
11.44533301182519
19.77542632145905
55.0666413936103
21.308948051224583
77.3461744766361
33.43032682553944
36.22541991162488
9.97071866466609
16.566430448449168
4.1507601040111
30.18747963460592
29.457536793677647
21.16735960815199
57.20583822231449
14.422346566840949
25.115929256988803
48.26250426628541
27.385893807493506
37.97685165139987
77.1141640695829
43.73282812408086
41.36687497223027
12.512080431486295
48.37928012691775
28.961409505805488
18.311915357804278
30.321849884771453
3.7930759589025564
32.553206202300494
13.671823892766811
49.46799910156308
8.603322513837858
19.150393825310438
37.687261795549595
24.693267665980112
38.91517100412909
13.773700533747657
22.92983497045815
59.173142891293615
8.830726242810362
12.326926375365547
23.49770210199538
25.09228680736406
41.62089274225491
58.30357989175791
44.158446290384454
25.763309856562074
26.854727576909124
26.77530070654409
13.50021671512787
25.154195326483993
24.63319675828596
30.68668756111929
42.6774258369183
17.927369914188926
49.411641154945684
8.003391972298816
10.231931499624565
32.73129567891749
10.836203994497291
36.35639216941702
27.289339303939716
23.022051984772908
38.577154469301504
33.43515363423055
42.144177513139745
29.7886859582953
20.36378409358284
38.64577136631045
55.6671961129052
16.086150265264262
20.150548342349477
42.052824104513675
32.33848211637464
43.9114656594762
25.81378160858887
20.598949491811926
18.16865808766025
25.140474792179173
25.134156483423215
14.825438433263315
9.995544958577664
43.24211849463934
29.964566239477886
13.655240719904306
14.574442861158442
27.021439643801127
19.126369993776578
18.331348447599808
22.594484169629933
56.82489381459017
11.591265183495258
21.867043997251336
16.880794920137774
9.524649155758679
47.54086924897754
34.31126082841804
10.637312856083899
5.715835913278557
12.338534593316773
11.506528184186813
26.77724527270553
37.02286200214097
60.043006952851776
17.220960796736023
10.644651329006443
13.154492970805435
33.427272957921744
41.45669997567122
19.464221675029442
22.98554598947868
31.281355969403283
38.11351103214229
10.054631931888586
27.483956706505996
15.337880498596737
17.06298312269296
12.04383521880864
26.767910596019107
22.11451811098106
8.407643710507262
35.98899020643883
40.36326285413581
6.4473901187122165
31.684270997413226
34.42336562427759
27.1916616581786
22.849482139889496
24.064385835565638
20.659696360884897
34.04907694337883
16.044691291671583
43.36900368393822
18.68014905237766
34.64161395860409
4.526971825624204
26.887950903217842
33.41509034191637
29.258406062616494
11.277305515367209
50.07767715795761
48.55445071390343
32.549333916109596
43.91263154515533
36.40814167592299
6.424840760031465
5.238755906985581
32.62614986933364
36.44618635547084
52.584263200755466
32.65250428165525
15.82903354413503
21.1306510047359
61.22114802173227
37.602213050917676
14.154417355410981
16.955868525906993
61.51344632596401
34.208588312413546
39.76075713104596
61.64827781947721
30.829040247709173
27.023076260483485
17.02766675504606
48.78834273298859
7.370641789111601
26.39012115042054
24.713939462241367
27.7207963917674
41.74978076512138
19.54953052705716
16.955127727169987
42.87563363006017
26.497519887144293
27.045892826733994
7.285146315565329
8.70512053010419
29.418350818068326
30.53844914624552
5.3530356214307036
31.33460541363517
11.049516716331773
44.11183772463094
30.845388900804174
11.568693558223588
39.76848440524908
37.886639506622444
21.873347192511435
12.95669196327435
9.947075856863806
18.06089917991093
28.5431944685251
25.66514778576826
17.50946698120221
8.948148689336621
14.489300477181526
39.958587022131844
17.082618536149482
17.602872882865487
32.170502642644905
13.679436252884562
4.300706956680927
17.72011403928637
25.913212356007158
7.882179861112849
31.43281858924232
49.787834968969776
27.594915995286282
5.1099488368936665
16.67344316920823
27.531412140951993
4.775573489834689
21.406774241700475
15.973422858541543
11.67044857086146
22.592013474096728
14.927376478739218
15.362713466245685
16.3423089411353
29.944431917993448
22.145823526481767
16.675070659396127
24.858063335718096
9.61010393989222
20.86461629609613
25.351906707435063
5.851015176972744
5.984845280396633
39.32437161844474
26.688379617052817
14.373765956685965
7.461066566722984
23.229121017146497
3.138807313997012
29.67421580167158
8.968676425880803
12.547171786140067
15.061775220211082
27.202402144809483
14.824892466595253
14.284379573189591
22.11367567796015
7.851418512038742
29.142625821272475
14.321939722755205
15.710187743266822
18.916499709743565
40.69872374037945
5.806173755607341
12.937030567013945
4.849495581719263
16.293833373812962
17.47064053610212
16.259046754465363
12.2957733030119
25.846257734868107
19.870660618778007
10.069197307844613
11.868397374187738
10.452127169622173
17.69960616625325
8.11934557544542
26.73524612034815
17.864595273678308
21.336950317816445
9.741617780370008
20.20797194121011
21.26375802156683
33.34210422291918
10.553769037472717
7.887155232971753
10.733996349281771
18.661920747286114
15.474237617753678
17.362880275846475
5.665222328494739
16.169592589138496
30.010903685255716
21.03174692887181
43.33315576672517
29.962793373744105
24.777385119148295
21.852472666925905
11.466070061310893
32.870512150676106
18.33076174381454
23.684600520987278
37.16888945714282
22.842661771081467
12.908230992345207
15.969932944146525
10.904540998795696
14.008279883787198
18.48476259257862
1.4602426535031678
5.677514208370902
27.47885829301371
9.429726415564403
7.854916326464245
17.504467671373973
12.626064055911796
9.860786698664935
15.84769937310673
28.304534095904923
21.096468711679016
23.15382032109248
14.26524195866121
16.270411266709438
22.226933691198056
14.670328604535705
11.792592581324515
17.696779627680858
15.837582137152507
5.339655976482952
9.178505348000144
14.50858768711049
8.535907396599665
5.92772338227668
8.943961180224433
40.78906371506877
28.20005116749848
14.730648464743664
14.610098566261819
26.630244705246216
18.87895706891946
24.290351072170495
8.726294475308457
13.416729398176978
7.612139056258335
13.647068424521379
33.95607921441033
19.431929392005117
10.625526119343988
17.782051949096935
11.270326737794225
10.030264515430003
12.289337903355312
14.749059360973027
4.650979198491989
12.667331191609984
6.501810203768142
8.286096015177982
8.42893603390617
3.2623017964914447
17.307958476090516
8.689008396010511
17.132377712596686
14.894619552199574
28.262036501532712
13.187160204989963
14.20034607793978
10.37991310699667
10.776226978953545
8.936449310610746
5.225734081406987
5.667588323235216
18.274963002152205
6.42108617427115
30.974380827411007
13.125963575033015
23.06777078784677
28.57372408560228
14.158025925413659
27.049837774147594
24.76753041919642
6.011106716733572
6.902458104401987
9.778454308352986
22.578241288242914
4.786182421913164
41.71434842561093
27.485052146146455
14.474747289474374
7.760762686548033
9.886243583251524
29.07891847231241
3.7260058460224994
11.545822268172783
1.447864913761943
20.17059501779374
19.344157905720255
28.06765854831269
14.929070690476642
17.462623534350545
10.06861628419997
1.406655434144815
19.137991091323528
13.867912293804615
10.87471213334426
15.121371043557593
7.572946660815519
38.667087153974876
5.503300469244553
13.431568762674914
17.547340327880686
12.022688599029653
9.124653498633437
22.008687474501947
5.0234316097373695
23.738810653419478
4.863801727153096
22.735386337342398
24.075196915099976
12.00214641598026
13.882871698480509
15.205937049973398
22.38755766460618
6.8459342020779905
20.692935753080242
3.269430663402161
8.681818308932291
7.875522243891281
5.186356003130434
23.30449667202604
12.443743317821408
6.084296815986328
17.94972462611429
22.91494372709374
13.650204495511527
28.49939649314473
5.67603015725362
9.277820331388806
32.785015931889355
14.036669189032066
8.055524937368796
0.9704278935822441
21.56490400946207
6.347168779475049
22.053341427251013
23.66880398203592
31.98110233175443
28.091960038123197
11.209428803157289
14.196059099949256
29.085025964616822
9.24137214505358
15.705721934025757
3.20570318118503
31.37249826624655
14.446232011483232
20.373168196887022
24.407261725746256
28.338822361619734
38.97414461913
15.963558459476383
9.459895886156945
1.2621070505775358
22.708023450344584
16.948524889693516
11.632474499302527
6.498001436420197
6.3309461830789555
32.80753668879484
6.298373228971186
13.089677185120989
14.476689061235813
14.802189497415108
11.565151102876536
20.80023083684466
9.560897455421108
19.38486735835303
20.516897793278062
28.29849454664159
24.48673441481768
19.038394323100746
19.27690246125438
10.718562895508253
16.78460179811778
4.805064137451396
11.876275689243352
5.100929345081015
18.74659247457402
7.7074879518109665
13.543318650067343
13.259155076293517
7.202652404314085
7.378578486013774
9.132097569319951
25.092956370756962
19.334006342762034
13.377189378625111
3.6666467366852955
20.033312605783767
4.973978751144467
8.449050922220893
21.90678249688651
13.491942451856415
8.948347001606379
7.316547649572123
6.3431675305360535
8.095489342050078
9.13121222940509
11.145415623084043
11.742873470873114
18.303049016475914
20.360192466008193
10.034222692917508
11.32520137301434
5.543873825547935
12.741371112831288
19.800162862708724
33.47782119473853
10.31670220675839
11.083424905859536
8.919259388915386
6.629716266280597
16.85197673183943
16.656771642580615
12.841661909174281
7.980787455274506
12.05238093851534
2.3019139652370706
16.850313663085107
12.96101311474234
16.493114560962184
8.977199655812187
15.333983267460384
7.3185316375463145
7.608092659197272
18.176403113424122
7.116751804116902
7.4038464154678545
8.484437105217959
18.142330666582886
8.452761498945295
19.917714331178612
21.215548160128037
11.031651004397299
9.328778128249658
4.845463499692449
12.196416497237742
5.647684544656359
20.70750147199472
7.4611716315295205
3.067465999670444
27.297719005661083
18.829681209535693
12.668720086319883
9.597087665648948
12.103976603642982
4.966962339975882
4.5511808272183085
6.140372450828465
9.234408436434784
8.309452035330203
4.53918453404003
5.26530981270578
1.381404065643371
12.488814984511963
4.972666691240881
14.403600337864367
3.5340945549708622
2.166332186135127
20.631279507273486
6.433178236906226
6.853976623452653
4.1253257976840745
6.251930159428482
9.878263841891435
14.7857034526239
15.818772693387357
7.512033327885157
14.337365309408595
9.27323606301421
16.582118344080527
12.810986400276528
7.888490152638263
7.476207969116831
13.355882692272148
4.392689977794855
5.572936585906351
10.954938795514101
8.138011480067792
14.978986667831837
2.03318411986475
7.394922196043059
7.146160009854212
5.809098475564344
19.37878053081959
5.5668303199271
3.9961665007572433
6.065391022116852
9.166095607464284
7.418828277439354
9.111602222065518
8.162575416372237
4.278334947272578
6.401418691506242
3.6383276307889267
1.6023040984146426
18.12364803226252
4.420995765537456
6.326892405451577
3.98723851987259
4.005710764494365
15.548617116928277
6.924416907313509
19.234847928986312
15.43589779053537
6.130411025624602
5.481801836635243
22.091456663001786
10.461187381351255
9.1806844590696
6.610166715625944
8.593759227388826
10.678877549790597
8.439626083096043
3.5069711540897806
8.327426995077928
8.26109314058803
9.87874989456208
12.167537527885473
1.3916799901470769
10.27752809238004
4.775822454168801
6.164447087228061
1.0521083282841748
18.379174903402355
8.284339623946227
5.398531000228934
8.71011777821809
4.857576345017944
5.545714007503724
4.036857253220137
4.519875411208978
8.256714944013416
11.001001308185371
5.81785055190679
7.539920425847283
4.483389743024132
5.207342599803752
2.7819044661638754
6.346655189591199
5.734152806901563
10.381954699177204
6.624223704512891
3.7322294315873803
9.710749498313435
2.8108413890118844
4.032852549583097
2.517856670105302
11.796889652705085
5.430429393750016
4.183503876558991
9.128441318597314
7.871473099491569
5.1721034973870985
8.524173369326755
12.565548131296756
9.43490043972384
4.613068376377875
7.451368818504424
3.2215019356903047
8.458675122304625
5.341758430027014
5.308619672671124
6.106123274232566
3.556227849170671
6.901263093653068
2.148930029058207
6.512882339130953
10.123180430514509
5.507858502964176
9.88696355943581
7.005922115435288
7.770433492971045
6.933360675750353
2.598610219120963
17.942697813688024
6.629238544263371
3.925953334315919
3.2369744701541605
9.31634822446457
12.701236040340225
6.895366431580151
9.389515339969655
4.818592959792971
5.265990973020395
11.68272216759798
6.654759314485915
5.673727251812298
3.091462297687139
10.56931979653201
4.2044484128018835
7.512828190903318
9.45014041871121
13.828918544925322
12.292156374852265
3.5446330162105433
6.6619200825235225
11.620520935314385
2.459371695238778
10.246556983305412
14.195017599329049
5.839445284634893
2.7523287974778072
10.10152499449689
6.753668514295705
1.44256913221857
7.92648196822482
12.677733420452142
2.3076865650307106
8.037641658910236
2.3527982152453406
8.432317586990278
10.173589791976429
7.657427659418317
9.424529053882408
4.222855898493597
11.431470559559662
7.240080148978541
7.741442009487854
7.778179041695132
7.924222609886763
5.599042915780557
11.933170201230974
3.844664993681031
13.248366134202136
15.090409527124411
3.4230582353217196
3.971646037363933
1.8010796610603872
9.573967716240336
11.366828264299773
8.003773696649157
12.215187923769788
1.3560493342196955
10.149458588851338
6.708397453198414
3.0973483180109374
10.275499054184909
3.5629003204438026
5.537571264743622
0.721140085416181
6.536424403802215
11.368648427193541
5.610127084557692
2.783313880854887
7.408788711329161
10.480708623316376
5.924051542405522
4.478181420798395
6.9133655415944535
9.584045590649993
3.018679701536914
8.787742836450686
10.3431036492767
10.644700810950729
6.771155179117326
7.400289843523938
14.38276377136193
6.566216521532024
6.64761026789936
4.174750334871331
13.920279086733887
4.142172650014591
9.875962730258268
10.462945020628142
4.73173432558943
9.607706794001654
2.6491797705035904
13.009071403554435
8.414655741542544
3.553326832542253
4.052662015772281
2.626460139410473
11.988340551296819
4.583986238211314
8.452006636747877
4.090290731273946
9.443512062791767
2.2824925843933315
4.10361011337552
10.165805417679179
2.725451101136307
1.5914462212400893
4.64219865666165
9.505341193712155
6.008165319910848
5.249303019741832
11.117296804931332
3.8254012359230303
3.97883810424819
11.365155717303427
10.641184995345862
5.150158242760265
3.3798677290267753
2.6205814364439908
9.127147412960895
4.0340125964910944
4.663965017813781
2.987525939946829
1.976748445465642
12.888177706609168
6.845776431429426
1.2508226513382958
8.37726330012483
4.164055825571134
3.4120334308640836
3.1661573290371194
2.541094507956796
10.32313715152106
4.62899240990674
5.560251498348709
0.5803888516490388
10.701744397207614
8.229662499353914
4.538581202751658
7.015858940247416
5.861531533605463
4.47686733858197
3.844233153693128
5.294108018323997
3.399822290020353
6.765783531525211
4.742934617246447
5.1767817224578065
8.229078807269158
266.908
37.73473260262357
16.94461254302948
6.054544746204197
57.9695052578666
53.31547982259916
74.00056581993674
77.78164853364584
156.13776318020237
199.42851513051377
127.72297232082259
315.58139447121494
303.43635031301426
79.25890012445475
197.9754584502641
236.7698373317911
44.036940836137674
66.45269554548405
119.74706663850074
41.48108326592252
91.10557909612687
233.03917857686065
120.21145996790541
336.1937276048228
242.2533103862393
42.00968509302918
158.10490799525542
186.04274767302383
97.00765849972923
29.926155248759255
226.6426705229043
93.89860856924514
277.21198663249277
359.1545209045854
102.93384243122263
326.7405336771043
190.0106950100499
372.7980273476773
152.3569877196179
87.85144645494329
122.78412295275929
72.84395356131641
128.58525310551818
236.0478359989629
40.11916875758378
14.304748089344477
288.61864845922815
141.85072931367404
38.43466964981039
263.0961815122084
246.80771759923653
387.0564970339166
350.1757567397526
68.40813415194673
216.1770600792977
78.04082710133106
145.88200168183369
257.2271101066267
384.5485835248502
167.40679159617744
174.93608171675754
192.67258718770822
181.5145697071044
40.617230095968445
150.5571528839349
202.76037433656646
150.06781353009413
158.73179142072127
142.6417921869784
214.28187549954893
70.12315977254842
35.76757796005307
57.26331696381569
91.0015875206584
126.72229722868646
45.113432068751464
111.32407100523027
136.0124863406951
38.302483827319556
246.7140639784857
38.832954196009034
191.6262835254999
126.97381395244277
205.17567612195992
157.76060011661636
47.45349460996922
141.36416346666817
195.71075949939708
164.31678344152
168.6653891756542
204.2141853919772
126.90606921951331
222.6092820815386
150.29359151808939
91.27054967148642
196.9946566945351
179.50945702271494
159.08681152534905
127.0496424725738
117.1470832668451
237.35327379538074
66.29949768424969
38.85115546224637
19.861338657902238
84.90322943261543
96.7526247083846
55.4329483689302
43.589353150278754
157.2334410289095
105.9968400380763
44.626200694332404
96.78622502163735
37.33755382738614
18.762345999088343
53.37316148564348
65.88815253622113
94.63658934154523
7.888113194003778
61.830606672290386
44.053109462731605
163.29874719980782
123.84462649951188
102.20175874341302
102.15379923235575
13.669950902745224
94.33065917453476
42.00433815820691
107.28342582206321
115.77352277371416
104.9874748635669
39.31118955340887
72.038097614046
100.74079658275343
51.387058561968935
39.002718377319454
21.18712692422605
36.70046414723756
58.36334894861434
49.093657248814125
70.42590150612517
88.80829282309543
50.00471650168203
35.14399700961285
19.081452113222774
76.39388945452296
29.219218229682642
70.24488046814956
91.03897342682122
61.489482850134685
49.79526379567032
30.754580032150738
31.607647345852694
36.347811394622305
55.01659228175864
68.88297546137647
41.641364621123515
31.6733725626734
19.165489709454928
61.96241329224139
56.076304301625456
34.23407593719681
24.21791932077421
30.860016725129203
40.366795420593114
34.259852408381334
28.817672567912748
50.361660713576654
46.23813540483511
7.9039606778121145
44.89966043328513
22.4106873199984
4.347993796865394
38.52672644426315
13.52936469474943
55.50065923197647
44.03936521064345
19.65653252649048
22.147269162959883
18.136398011758626
7.118385656915061
32.650900725854065
13.647047907806739
35.877383817184075
21.527842293388503
57.81715192960853
29.06940551534671
51.12613401841565
36.48447651516022
51.463844608502946
46.14867348588765
51.57978451323092
22.913651001554125
20.096796058016107
14.620709211417568
9.83607834138883
34.580536220150506
25.530206060324396
17.539914866492477
66.69359052313256
52.918578177324505
79.70387669455732
10.293174710700338
62.34679900989394
17.936254003423958
9.40912538880348
11.425675976430847
31.912377495566673
29.54425819184686
42.173979114212024
45.337653489721454
38.012384624392304
24.308387037615887
17.24675717384147
35.980044240195596
0.1054897433342941
56.82945382383957
28.939457873753575
24.271694799937457
25.748565934378856
31.217093556821332
32.19046160866475
30.36433042261168
33.52213474057008
12.638677423195091
21.463629494164085
54.43810724538102
40.96447978251011
12.742064604220781
53.666777283328464
28.504531296916088
24.301508067746713
34.1414000994873
44.82421989974767
45.26652292674489
11.127305418128852
54.49938576480685
27.502574313626116
50.742019375367185
47.604765294132164
25.220738308112495
48.99089846474956
18.27943438581496
15.951667327531037
30.19835712135314
29.56935789371198
40.863808719217786
46.217578217592305
28.309981557584106
68.00943217490473
24.036191271379245
18.481983204114922
19.11049523962185
6.50563415489724
26.892405305066898
36.79819201777491
16.493295306545335
13.579332274106035
26.759038214114504
24.806386652951353
12.899868445621637
31.99688624407793
23.480469952204288
11.685388357837885
38.567428124690764
14.782492139175279
18.171428663320206
24.31267533605529
19.959905295395348
11.03891316365787
10.321110379485937
16.076696585159688
21.86561756864442
44.50020023639224
31.04112726739762
23.276807131886002
29.497272910524835
6.599183654761775
4.602195448377782
18.343170481259573
11.577508618760728
37.05233447303843
28.317726772029946
18.50219850077611
18.130178148177595
15.475200247437087
35.02775497157231
14.094168836337666
17.504663655441433
15.772332889601731
19.248041138431624
11.353668378972788
39.969593160654895
46.00233626318279
14.754697890832627
4.387695381074518
19.892545750403997
14.57119308954233
30.875162221705715
28.699219718090365
8.517013079617184
32.16773397022977
2.2873621187169895
29.488498190772045
25.942317021482573
66.05149826182087
14.351863158846001
6.613599873499777
21.44983118149413
32.3792508178043
22.58362042408234
22.96750069778223
9.147932220071556
35.13246130524311
32.17613030194431
13.258794257796314
26.823341559790045
20.24483506728776
16.13884440705954
17.511609702675532
38.04779893864607
42.451132200074824
25.228964209202893
25.560840230909914
26.228334095107435
20.667907088165784
59.70308751334934
32.01583607047695
43.62390932339646
29.841388322485916
37.26278951787424
47.29827425191173
30.275609389821764
11.517101829347752
17.73733088589211
24.045982562323534
35.9105298418047
32.47158418831635
54.6431822180379
38.74397142453539
53.08776196949289
8.819565578531236
15.618358532510541
18.102315823166368
42.772339712396764
19.124933729034183
36.74943967078343
11.665907165485129
31.46311243816484
40.170116334698065
29.51883925246987
22.730876309946858
29.60580264515162
24.59867405809729
20.29194458086349
10.405930735716584
29.212986325110904
3.1948815909366974
44.57247430753347
17.179781545820276
24.277840085619403
39.41139904131272
30.950972823805788
7.132026510409298
15.791950721469483
12.22539445418586
39.05122040698894
19.293285318922695
19.482901411096616
19.21237073104178
35.09819796848977
25.275873095605004
17.97787974932662
12.950816224828182
13.737461141258953
43.31937339628758
31.67287137425954
14.827219601726759
2.779990121726025
20.073835326503346
27.700173254211805
33.66370234482723
25.733568175419023
29.428299702798316
19.744412315826686
32.14391787809789
15.858451634209992
22.54885433422667
15.39663596385645
1.767544926403258
15.112371336112668
22.086364697895096
27.99228893946837
19.319382047048197
31.81130576616573
29.14838949073426
36.63616365678764
35.35542214414013
15.598226126440958
27.599459225378084
8.142534914546891
14.337877989295668
10.280043484674769
27.565790988194564
20.070672571897095
7.062501566740214
11.15776407510767
14.576431688604808
37.837458289889355
16.04966889487333
3.26808030482558
20.542003281605826
29.98532167079953
13.788299658263979
34.53027134687707
3.8547139645623645
10.975236322192114
17.08601049052597
29.367872827407012
14.189064494143235
26.153934112474374
23.045522518073486
34.98135423104184
13.517497753260175
15.371677887003337
2.5160141316402735
24.84842506524063
32.24154382425865
15.18807435966761
12.31345179865316
19.118396441609047
27.776485038934357
14.825423058881505
8.180131884866313
13.991829491792782
21.549114788051234
12.750889149552046
31.421830014835813
10.004338448189847
14.831960834754614
12.414224112000369
11.190515821379135
23.661442303681024
18.46812707944578
18.6098511195192
18.213955455027854
11.548071710178817
35.46287398623688
15.886080690905713
27.827841527379267
18.92690192649016
30.46802615257236
10.969823132132044
17.700005786891552
22.653749860834697
32.42503307256181
17.7844405473674
12.919318810345521
21.898775346469687
8.935150987210601
26.84771539993464
3.4462790966388894
28.431890528781814
7.597643371164835
24.896874277212177
16.90096724869824
19.362321407726014
24.259309521467408
14.585465070746096
23.679830331395358
13.892828199560647
15.738465618694107
36.82439282148298
9.417483156137889
11.839301907093361
20.079062470421437
22.344235330138396
19.470164296716113
17.766948133418904
33.52314315556431
25.575107284021783
10.140066412473505
5.224479003742626
19.549497051984535
28.540916693081925
22.686418538992413
14.943493490452429
17.75757634307768
23.738375558708054
14.806517149341232
20.802333073252928
45.27726891729822
15.081347687354823
12.586790712305216
14.124128288414944
7.328955569884333
3.1526227679435412
10.599942598507228
10.883884902926205
13.12579423935715
9.392232334547208
7.6264034100494005
22.858164416145488
6.12130409923585
24.25281595608644
18.26328786091741
4.482180581791924
9.013261248913071
10.275396708966658
6.888532519287074
10.284266761438353
18.575261941166502
10.41391380597456
18.83335350259265
14.66201843227542
7.02079765984303
15.20533358175683
3.6927534443045826
12.90539711713258
19.283225973184333
17.038596248708988
26.918057489461987
20.113067050569384
11.057543704060677
15.415618145793868
24.481085954397077
28.357055213812682
10.083985663876753
15.482796522947657
11.012920166405717
22.20991225887397
7.166958931169629
9.251862730599198
16.529591261461135
12.387272237221525
32.874133730102926
19.685144144012835
18.1023695351809
22.44894743555583
24.041729546610732
5.580710447136611
12.247287798131069
16.183802665065343
14.787647356227426
7.602461978358926
16.16926278865752
11.439230572405394
16.6882225559489
23.456341427680748
6.511985310127783
23.86162737404174
13.798152832025833
25.908279135656585
29.168753822526842
20.10181582383726
18.017791779682447
18.368497942259488
38.6015335050462
38.359375803393434
14.188120028672323
19.328651855399574
6.69636558214517
10.090468711763565
34.82763702569081
17.15266534325212
20.07322010223199
21.169328235900352
8.887662251130513
16.395730541209545
42.05324515683031
31.21004331179035
9.705867774192376
28.88849370263955
20.068661496682097
13.546193859760296
26.44669034376139
32.800405340522154
4.079317672863201
8.592092925392508
28.41101813741349
27.022603333816157
10.43125291050223
11.69452861508514
18.878102454178336
11.381272140217163
16.18672525222261
6.02805069977999
24.65710697383672
18.958083928169774
8.790040177376836
2.7136264623597746
21.12438100755076
12.11093785544947
13.53754515355005
12.40060944982218
17.391467096309615
14.375220929339315
10.518408722007873
12.835763594830288
10.276621745647207
14.420438037476547
47.38159354254917
29.119927960097566
5.036260362433314
42.70350908213829
20.291313843528798
3.347582879784583
4.911575740311823
13.84962477413532
14.85846446199526
22.63120760963055
23.112580539239573
14.46233810500163
21.19961224661893
21.97112200570874
28.659150957070718
23.928260997396393
16.590894393336768
27.0002242825055
11.624131128013092
15.658615235052242
21.966875701191537
5.182678110299685
17.272594387079756
6.169550252654109
17.945445326145396
10.911850389943282
16.847234357317145
22.361041400679913
9.016573039324363
12.78708326225452
12.677204771679824
11.680281802977794
9.375562626393508
23.052340548945356
14.295224046173113
22.12182261052862
16.68212771610267
26.034644629674634
22.47664255521594
9.075147591163839
14.91430554244922
33.044813642717635
4.912827664203153
21.66045852953597
18.85374019513128
16.347460157892577
16.109828693512625
19.596197743350906
11.362015776667576
6.816251690238438
4.023229173216023
15.753305037374949
13.937708076064984
18.405097747581284
12.78508218716504
17.956313204423193
14.161541285971541
12.944018423454494
4.2111910165943955
16.304495861440017
7.4024835994535305
9.726422387337369
14.591227430885889
9.285717516555232
9.865856017036556
4.769858334483329
13.041816543587471
11.630254883911372
26.107728033041205
13.13070538679405
4.962976024545145
22.36902454954573
11.01102551169176
7.886694626877006
8.820457724008548
16.224969570799868
8.765059301773341
10.659195500269705
3.971686830589727
7.413214957617844
17.536164817052313
10.574089581643994
7.647697168193069
5.998973118155012
13.94269275424825
15.153853872420505
3.921605856697087
12.409390731017215
16.247713367057393
2.912999428943399
5.120922771080399
6.540515420234189
10.689100827179075
18.65292031690509
15.781108053394298
8.900068308038511
15.755294493964755
5.429388140098992
10.086056414403489
19.24437955165336
27.809149557260834
16.609154126604924
7.596919265058965
13.68740140707058
9.003416648595206
9.47921994503342
1.6026600622041942
9.803559177063391
4.924462384412063
2.88842355226564
9.955996098668408
14.409786289296413
11.139348373725923
9.608619440485128
9.959616116640728
6.251924752793432
11.726944849413048
4.956803389660917
6.526270218458653
11.640474710737898
4.285716069457987
3.7688991280617192
7.217088380548099
15.301890851997713
1.8355848019531908
3.050630047843442
14.825083729597113
8.807078601278166
9.524344612838279
14.446820173428344
7.78912829918344
5.037645548282054
16.2888404470487
11.85247316588841
5.245748129119761
5.179097473931541
13.89903614240365
6.7708204493028745
3.083214554419988
3.944745842078554
4.4193227377385425
13.705563152755845
15.026004901246306
6.636605176427382
4.076332718747494
12.439559357534032
7.766246507973683
8.210432035226946
6.500558656651407
11.336879866257343
7.342462765058599
2.9477461565725998
14.65441962892695
6.03118854942188
2.4370561630449243
13.893132638566195
16.261652741183543
7.388217729763542
5.853108817781625
10.709893657430904
7.106061156319429
15.4398274147766
15.156492793184668
2.047256464086877
14.622287098048302
12.898548826477548
13.07764803020576
6.809965642827068
6.826893503298885
20.937999758717314
1.521107417674123
15.645465997132558
8.470655575639608
11.748123983817615
3.334454461263434
8.873313417227838
9.274562403100095
9.767313212827972
7.424538135712783
17.39287570168706
6.834696843964535
6.425031948276241
11.897481245397998
21.22313546038489
7.342639712223447
15.876727145411811
10.889001027065497
7.328757364281622
7.571431091377662
7.60918743926688
9.316261927954315
5.072376455032812
11.888351177307559
15.25721561492377
11.094415354704973
12.174894962720687
3.8897501950777733
7.033087202612176
10.31582182844976
5.350501036309892
9.968670184314353
10.991437081322326
12.454232844207954
7.757140744382322
16.4910998755613
9.778597883808796
15.355670359212146
14.664565225064663
9.338933538024357
14.731052000056037
6.726956117506473
9.210899501106388
13.894014206526208
7.915973436390234
5.677540768708071
2.463010075838954
7.412462862210585
8.249580802889177
6.092920375409097
11.915325342742394
8.92997874519465
7.466860055857262
7.59203352879406
10.883998633645266
5.788777546608328
18.484155722653377
4.953548568640822
11.801430557720213
2.0884927596327767
9.48972902297832
10.914507303290348
6.548056437057052
2.70339955904672
10.098307920476941
5.283746420991431
6.6249369214537985
14.30972319863709
7.179801276908741
4.685507185699548
7.456998344700725
10.22840497074624
8.506481126026642
9.335326550855696
6.070777785235442
2.883921283764734
6.889638186551759
14.590773613063067
9.76635441976043
10.885217553295188
13.622785807770798
8.319544241785694
8.623154110122888
7.733291825224814
5.265676709434697
5.815054071943635
2.2586483215460333
7.527316966907908
12.237139039391204
3.4943916694985258
0.96304094009276
10.25058737043583
5.267389865710919
4.711484206655109
5.94020165075658
11.831641135809763
17.025673350421545
17.411753803701817
5.784009852403332
15.011437417004855
8.486153189448189
9.263719948741441
3.6548519356474
2.6307638736678274
3.717082727419838
9.072973876002754
6.785530288325822
14.87337121590766
9.439173668375075
3.6215854130529994
5.4440059516388715
2.754734916351161
5.478217206785199
8.598979297453923
10.99697064723822
7.285943344142192
6.9889509068765205
3.709915740892912
6.722846412821926
1.7697678844445273
5.387951698280541
2.0543857512459227
3.966212588648708
10.971788696016565
6.735479709542587
21.350848921491696
2.4623588243399275
2.049773169868262
8.838888417228631
7.474137033206992
8.195137442229019
15.35045159428449
8.268813184339102
17.722303750222206
10.284202681135804
7.684340896715353
8.399085364444
15.226958740157714
8.431057682568051
9.99733739921628
8.370135997644326
13.444343562767916
3.3327413991058035
7.177276246558851
18.75772122785096
3.055741840461842
8.67327299417422
8.020968797496838
13.678540033270883
4.004109703427831
8.561195554539907
11.737124720627428
5.85121230099279
2.597266614334238
1.2843732307746625
3.660170696769779
5.056503013277527
3.7164736558575626
9.261122440905078
1.3402668048143667
4.921071277406541
2.5305802316500046
13.704935145362048
5.951587364551881
3.777237325630401
8.23912533333412
4.997746214189166
5.4714208159686795
7.9625537727088584
12.101598362887719
6.4142298152523285
0.6942451498242896
10.442614355360615
4.148063447164567
14.686603113600865
12.050801512250628
7.820090582784486
13.546246659173361
12.808021676544636
3.690707570727372
9.760644733880426
10.959315647309586
10.945515250799362
7.187167368496359
3.275658206314239
1.3362231425907114
4.288688121217241
14.856690488693088
6.954020709602626
9.30423765357518
11.025964869558234
0.5405218709430502
9.467322148408345
1.070715645010393
6.779031510364232
6.663844296225157
0.9620946636627696
16.722832300671225
10.117375417074637
0.5366996520029613
2.544410652425513
6.044187798654116
6.51317339356821
4.567988115983261
3.498819146201027
12.792292396901427
2.8417546704770094
4.7063025182627785
8.271478967638732
7.039959821349366
9.087602791237503
4.629352651999569
4.310705174931792
3.489321361844031
10.48743821234129
12.877927856674555
6.472283938035633
11.164935673141821
9.635310314284382
5.150549294215879
5.372569327958676
8.4498654973613
4.936169234054484
3.8436882642191685
1.2724328268004874
4.587124375634474
6.740925651013492
10.95712668897966
10.120721937731119
5.54065268822533
5.100195178797135
