322.4971
23.59437319361143
23.007560995286166
40.22569280729966
43.0509213909821
104.53567810601095
69.43465817415859
75.64669583264616
233.4579709386481
1498.701138233464
294.0647940383294
118.0304485281779
212.3982125173138
418.4644748584484
115.5947938133177
265.6781214180784
264.08099963090626
517.1121731762722
902.526345934135
404.1566983270429
167.28955801758448
170.2990450762396
174.8196408622278
83.87218773137218
272.26565143230255
37.53160500022653
209.8941481196545
111.75604844483958
45.81870726076615
76.36841128611132
78.49333209810924
230.2923226902503
11.16542798981893
196.26405421466526
89.75084157291828
69.49778956359499
64.57149826018708
148.92902598597558
110.48432883707
246.64246066750948
129.19733254604623
141.00312270197298
90.03730730662431
222.9269145818376
104.67964264386593
82.30010383723024
352.234850142798
117.85628239049196
84.48447722707313
315.2233225413555
294.2858181250123
91.47119119165333
266.88737576041075
58.86223846561775
164.0643354576127
144.05749053272166
297.2135730608188
250.72370444298656
93.68363137786048
325.5742630777488
23.296448924563922
221.0780612962195
185.40026632563826
174.71700836124012
85.77878853683544
53.712942167045455
405.6022443022232
30.38265946758301
51.75663139475435
129.48950517958843
103.33270965196293
159.49898978424554
105.4786875373811
36.40731406347143
109.61068379527772
71.8587238536103
312.0159946697151
128.9969680296225
23.577126266701917
255.8792732264163
6.186748503698025
90.4598592228734
72.22641765442417
102.00675795722252
64.99028284758093
130.57300490958065
62.650895246818884
73.3617996925429
125.83833983350743
68.86639866467924
8.861368519070476
102.47711851385542
198.42736232943685
175.32663697512902
61.038975515545964
196.20210199190444
173.15655104953512
30.21618131076951
103.8224792176241
177.45391520379263
171.8531401687143
87.51825191223473
133.44671594956242
140.33376964031342
68.34694241773713
24.719544093219145
148.57420962827064
142.07082662889204
179.28909685632158
26.834591757007086
55.61601459510886
114.08901741286893
61.852723474084065
82.84802904351626
149.3546414572167
43.92586257473491
174.79766445876214
179.32271816040702
184.9283710532469
60.693269667130394
66.55378705294059
88.75855322161217
154.48617541549189
87.5401373028714
73.63538641838143
55.99784778646713
29.219240697781306
50.00109304272983
126.61337774652102
145.33095286252853
52.36218655519788
165.1310317383825
69.76057846835911
92.09225611362658
89.23537278705233
41.746494823371535
126.98198402073763
110.99473214338852
17.131083833806787
71.19283739482871
85.76127455025348
132.99272136714956
189.14295999117715
38.79928422862846
61.83998671409546
43.32051714625161
45.08049560587567
52.04617718607407
12.245792245576924
31.514255955265096
30.062581711448924
79.33602693648228
65.9354008044513
77.5853184028382
58.584585092592576
35.22201792026735
78.24860325183602
38.5808707907121
24.322361536126444
27.53283643081916
22.42425094390159
91.89428607082142
13.445523838871342
17.17942909005882
11.984141532777238
27.952217564640275
58.7902710292775
52.47188307661416
51.8360621319424
19.589098680415773
41.032210841303524
63.547408379962
67.65910598206901
32.34170563637383
59.61113745226728
57.20786117261373
47.4750288363289
22.860929968139267
71.03752733129863
6.293889399546685
28.645688523762928
80.91934549217525
93.10936485123268
33.99779483168931
10.559408151719603
42.38912579466397
71.98590840088794
96.92169312533954
49.012291086262145
50.1158797850826
40.31301002621527
29.082369480971533
76.63537585429108
24.5702254821385
64.64961124953409
43.17923031803345
48.168604547783964
22.647568367795778
25.127619466226196
18.76382110303686
125.76871814206639
32.934658942228204
12.78941253503042
44.96761135762084
52.903987541057134
25.130580762258678
38.45082981063406
37.49023819624851
7.687725968206643
65.7563174942504
41.47871700363375
20.36512117824177
12.60072903733313
31.50154886025715
18.211777737693808
46.78821739543811
18.18072578331432
52.79324151986735
24.32189218103249
47.40194274143324
11.30739342999267
59.754321468012044
41.12765066757761
57.33618572379829
18.122434774977584
31.830580424934716
25.700745053022718
31.83079692053473
35.49312527718296
14.998956668208136
10.81587427169904
14.635626388095517
32.99590192350465
20.31760965849804
22.830689336596457
31.834580776377145
29.374816414715863
21.63575117533936
14.445598272553793
45.413575401544314
26.8702109309442
24.364593847730262
14.270673965357014
40.2646610996531
21.633082083165835
37.839866930150684
43.69852953582346
15.688532864634569
39.776971113227326
45.3432397706082
50.87816628086982
30.885934710395624
43.94214561485924
4.609532573719028
31.374749151454346
10.300134675291641
17.54341744094156
43.7754460275265
61.41122906918335
20.346460553150006
27.05036384008848
33.85880086913024
33.66477699855922
31.474355789159834
16.39129616753578
20.030647909638233
20.702852042774612
32.79498097089013
25.966747232847194
38.78337045928127
14.086293127877008
33.8233569205988
20.124194678874886
28.180642120813108
22.271355324765786
35.925642721012416
13.319124070680019
49.0087990645171
6.8044451660668495
21.736476436304468
13.239445849473451
16.141552965270154
37.448114794889996
24.811002455408634
9.139504518459267
15.408092664843304
21.773022718949704
38.970952967201704
29.37863776963209
50.598689732593265
38.46881401386494
10.188916683761688
36.72432680145611
45.83733702885414
32.9918249147534
13.313458051657685
29.456001135483135
29.20965110199413
25.692284125665562
36.43528997643184
44.563440682159
10.53585664125557
34.774278606169574
31.292262607258966
20.846870667942774
43.66165752005732
14.698079967898915
44.747934890629296
55.59854004203918
7.3441271752555695
1.95343314972187
9.02908369336192
44.74733671415505
17.65346749065681
29.98978858713717
22.796082806080328
44.87792691885383
27.802072725067468
33.97830201214815
25.822220778266534
14.741641983278685
18.32277180274488
25.223018817352536
21.188551184879763
10.870513261902715
34.62581598914956
32.876815568263154
25.028931737578265
48.789545730869776
25.412594238278082
10.398660266684782
11.50705719098582
22.19028782461792
28.696818018317916
15.690892165140923
12.951326422900474
14.044957477407653
44.13663864841367
17.748563076272756
12.199706938010028
17.309176823085163
13.327466846756188
24.832563968124585
14.39109932387326
23.612749265994562
21.753008976373696
7.879579441784763
17.64722088743163
13.043958627280942
28.153570261076606
39.93155812202122
19.563439519718994
21.143110748572507
6.785783202817079
24.443776699432362
48.982534869561114
30.536575438348432
23.592597481651957
9.496250297577923
27.79313941809566
21.280745469175113
7.266063728946516
15.445832160030779
16.725524846486955
12.203069661858224
2.047453283842093
17.924351054370568
25.82374148720105
44.43048783686542
11.07802120130575
27.618594987949205
4.755588895455183
18.908178120467483
6.195564088098273
14.732718999858905
25.734234033460776
26.630322064133626
34.144442478416096
16.43374517759826
10.960747989008754
8.316650725648312
31.96118589377461
21.504180421025882
17.799637648593905
17.871074632559434
45.522406393269385
13.597780351121365
25.453825844880335
10.468169127568304
3.069303570933047
32.16300625430672
13.966394458479288
11.185509711036376
14.307915362327522
30.82746768509812
9.301393251881224
11.67876642359663
21.943496947412065
25.949585780350873
31.108353708975496
20.314407679605132
10.707049794185378
3.9744114505767425
16.65561769245982
10.784332077995321
11.701760724695172
7.768353505415041
14.031697906674927
12.144093787395777
4.347080739304407
21.48318952261838
28.116238527167464
22.735543425855525
29.15667183893112
12.756030117028793
9.657938678392835
5.972117944863479
16.73647026719983
9.489136266122422
7.398401475856156
17.407448953119104
16.253025882002312
26.518135387200235
25.45468871269892
14.995497136995757
4.914683227629172
27.928363701150868
20.661368011935632
16.268995419986542
1.7492594014617016
13.521925954966703
24.98380177423422
16.579040549053904
10.013509707397688
7.915710293027447
25.46334000462023
1.8335517761589228
18.885744439265647
15.97118853671725
27.819167139380006
12.716276388184847
9.12256581308032
29.392658991209952
16.525671998451223
16.271753783364908
30.879082370605936
25.56100316715061
8.389509101114307
20.648246033372008
33.174264302550746
29.89214966202827
3.9255522196458124
7.552038549697496
10.600763040087998
23.136004618859484
13.999427101650944
7.080871460769289
1.6439263291450048
24.033020826225105
8.297038413148403
22.26513533554986
8.091798381439014
8.38468985485503
18.988529998285646
6.941325830510898
20.267546623728567
6.030420435621979
27.918106656986144
6.713117829983914
26.962368803886648
22.584614141676276
15.136997481922396
14.016160597096704
5.178421298341316
22.045613551186726
19.985276724845992
13.789884791703397
28.74554911881061
17.333945834767277
21.747365079812543
14.20700945023561
9.077741970485208
7.846883182129467
29.475415924602235
28.686178058517342
7.696613779978653
23.10559327790509
9.894606859831285
3.2063350565930495
6.855029135621446
21.84471057251872
15.499124713680981
24.140742766285342
13.202807066085734
7.524829857210159
2.731411789317958
11.561220259320281
17.727271197189832
9.776844792173131
14.796560622591473
25.30009345332105
6.047320709736644
19.86989691674476
23.631730248193417
10.190839532899505
35.7823211084574
5.9652732240205175
6.724577361423301
9.979971491479963
15.31393686994562
17.234109571633308
28.93246574983057
19.096300182830664
6.331788005586416
8.336801934351142
4.747312379734658
1.0088718184356882
6.30561126345285
10.87816721020543
17.6239829784546
14.721841729223671
10.826271430565509
18.487929168083458
13.36471505880223
10.900393876416333
14.542962111009524
7.034246286530916
4.887111136412396
12.141152849365177
10.546029158706785
9.707407801832739
16.047232622082937
24.085337257998766
11.796654291894205
20.159544490563164
10.811439005897594
9.33511424933219
7.7339327425999915
25.69711542838775
14.526528628149693
16.38075133894476
24.759125793035835
13.879081722875487
16.96378718066761
11.262431470211828
8.079979627620414
8.71889400783078
10.941214229848642
3.8026834587537564
21.09192763330113
28.51486130137584
15.406775175351829
16.436971482656
7.165474876130012
20.66935650095147
14.630289364888
14.619762750917367
4.2716050924096
14.735484059427504
6.768115741213326
18.751887148025915
9.316500729613601
12.0077349917361
10.69148902819777
3.321999677793311
16.04640456512834
5.625344971589475
19.359546579277083
21.12376199783212
27.785049661690977
6.015785290370811
4.4739709803677705
18.348302032169922
17.051040896202117
13.218108777875289
19.009299259030104
17.007921363122616
13.587278627876907
19.83551467427252
6.6889898311280485
6.989163666566549
6.325090816828446
7.691091554569633
3.046353708724392
15.807414614962234
20.60629941832871
3.686506626472701
12.376581282188472
9.438615005757839
24.18592487889242
11.071048846072966
9.737291734356631
9.4382564494209
17.215912632385695
22.86945571963293
18.335108986407548
6.365708582986543
2.6650132993857167
6.7568347997491305
8.937466470677462
19.745841258077075
6.223806847749453
8.92820375500508
7.9872410411007815
28.363662120047845
31.488263489189407
11.749059589556646
15.001516015837176
2.084959364878308
29.77291566704862
13.536218450217428
8.639455206394334
26.054265783847924
14.29625610953156
7.9130147165343745
5.872702651481423
10.128482638074885
7.187793621461033
12.241502746411431
10.623047702058726
8.748843672902355
5.960593993860161
12.772490019220143
26.88803422534502
7.7575119325616315
12.325540037430814
15.779026750086818
16.01207387713029
18.540924988132957
22.84958583087842
6.226646193376322
16.904830568119895
9.700646959191442
13.795409538893527
9.560633382235647
17.414392307641315
12.5986657245925
5.457809722357265
3.12099730669013
11.039281626820058
19.52171245006732
4.6654164336177795
9.356533363318489
3.78451412812194
25.695264097343447
2.5742612625506243
9.401602382443516
7.329920023755655
12.947640839694754
25.059079113246018
22.54313241797201
18.89643318014649
13.231223400541214
13.570879847290444
4.521845054779033
13.220553873968063
15.746187968629965
11.306522865504832
5.229044744273338
9.464202206647197
5.397909380261341
14.56731628623064
24.439576032614944
15.839542985214196
7.23282666466701
14.277313287376828
10.074208482451876
30.61049491613506
7.93026532850838
3.3997678797939272
7.62835552333875
1.752968380556004
4.617169243221829
3.839145663077716
12.965592313787832
14.644151907411127
13.26828614360757
5.171331167858325
4.48800308007087
2.573777976075244
17.370998652904774
11.836847493785529
6.9677930185030315
15.557855685969718
8.270946016147246
9.841468341915295
6.630553314293304
15.3411779043759
8.479685688665134
4.672517739028619
17.15843531347431
7.350214561706433
5.556781830284399
5.877075586564122
6.062636706533083
4.176185224836595
16.558560690596973
4.339413163202959
6.923466298041017
8.485905721100998
24.710364986656167
6.384319478930009
13.85761479455016
12.253036343693744
19.470553148622773
14.968146979591891
15.023603368765643
7.553341038169255
3.8509424107116432
12.398483037410506
8.925898727076111
16.296534394851406
5.0641528179243895
8.458187545404908
16.85933579532451
9.455682600865591
12.353713414180742
8.375092656120332
10.391472550921575
3.9642709081068803
7.913626243324317
15.066038598064626
4.156527692822105
5.081009718000563
4.2100652809629215
10.623709853871091
5.975762065490898
10.35418373199648
5.820019509505586
12.401164421552359
11.483686537122798
11.674150558443232
7.3129786124358365
5.946261488615797
10.980440627894962
11.808987017190272
14.095325266282218
20.747021061073085
11.92963719146989
20.95756279308003
6.234466514029435
8.246815954908902
8.7127617256265
5.560828028663099
4.082994367825843
7.191619694740229
8.816642724964144
15.607195434248288
11.05326916195188
4.131965803115584
21.45127870256972
1.9006332964080561
13.408313363584544
2.70710054359268
11.65183928700023
3.7380688926441796
10.424104161654714
3.3082183264796803
7.0408092488602625
3.7984012768058144
3.6963705918897567
4.999579519607183
4.348408199300108
7.63786965909613
4.9439005061715955
6.72558931658302
20.367111016481548
1.9928615481675882
2.9346539751821723
5.228388816323577
13.255462030861977
13.195985451600558
7.238834730467431
9.003064367079473
8.394311098406291
8.095525950021333
10.442657592811493
4.781064890867577
4.6133401572667045
6.258956164513685
4.703112793177863
9.529960283182188
2.7861418727545715
7.269182889151207
4.69348998023497
7.245286356920615
9.282790204945744
9.752165538296849
5.879844146182556
16.590357821293505
9.664809896304737
3.4616432437741285
5.466807600399197
8.88543799874314
6.827836320875526
11.262350109083403
12.578346592856027
4.631492033864712
8.604998552895559
6.699157528280953
8.03058863058675
3.104553723322386
11.626651266966263
9.931907567247508
7.500754136390535
5.877256400250351
16.23916993268783
6.559306177281966
10.628275064710023
8.231709824359855
5.500958223085683
8.961421819770319
1.51823474171626
8.594622639398157
3.0594776270225252
2.750163135140188
13.549564762821744
2.8919940815897527
6.0707574202198
10.528500455781694
7.915078667395012
9.039176806804944
11.580382499224537
5.474282918211362
1.400052228557569
9.178901206165449
6.363470810912794
7.602908725843295
6.98979552610489
6.383508112782645
16.435938023683207
9.442486738101998
6.80260861717539
7.704846205331868
9.731130315720492
2.110403033560511
14.161147694189772
9.584227303765728
10.805579932700734
4.464843518771894
6.8404618234404255
3.422583150303792
8.738135280251091
2.737160749573792
6.744858163387041
2.115408453176946
2.620647307305677
10.63256601545997
3.2819128988675925
12.99211604237297
2.783603450341219
4.0129735958922135
7.909316368263852
5.6918260269681
6.197586420144307
10.317148502330461
1.4861482040723306
7.329974176589393
11.43165041881019
0.3788513544423998
3.727363418541249
7.568245375735852
12.775669062013167
8.312862836917859
5.224659799700077
14.794181594938216
10.379981453515674
6.300416688310652
11.484240837990447
6.83866568628045
7.227306386949213
2.4833100904791334
3.986561017175205
9.193514129980581
9.072495029778276
4.101479141547218
9.4806215467333
3.1010552811635366
6.201472736741123
6.1895088047097255
3.6712131671274717
7.023035497187917
6.121455665972835
8.586567881168415
7.252124022708487
5.491700875347277
5.901519233744565
4.203756540200006
5.6471212222657465
6.840089480607282
10.334019002856689
9.619194128591705
5.713546739960775
9.674109242964574
3.2754518641324024
0.8653159568727623
5.478878192900926
8.767151409413724
11.909828955635737
10.817433382667064
26.830828971370334
9.482206939476722
1.5132748488801102
2.266793142259527
3.3815289959480084
11.564021807122284
7.285127940224231
2.1969596197247263
11.62170461019937
3.8657261747558462
6.370057185353182
4.097119130847958
2.6902329027729706
7.555593947170538
6.962453579443201
1.948737366766725
5.245936259849423
2.0322407272817578
7.395296358101816
5.39939695047394
5.870956742295758
9.63065279958156
7.091400487181922
2.2820766855618504
4.024325569652826
4.505580849545337
4.993733303209088
2.3538674758022515
3.9545665644765853
7.835201506157966
8.91892441760547
7.450833320615847
2.9154306368591127
15.477107744503991
4.382738867712175
8.86365300062139
3.3286601402239153
3.498603411797218
7.1802827597062215
10.530745275976171
4.009052131054325
3.3393407013905243
3.1432213171708234
2.2458931045530908
3.866108196206486
5.6858039434051175
14.068792534164425
12.3472858781847
8.80780709234053
6.3398595784423755
5.880832337288634
10.6580926011199
4.076277247050121
6.690437916651931
1.4230907188642308
2.723039988480202
10.595669528448862
2.200206443048332
4.4030818976134745
7.166360733274312
6.127927273867429
3.491052254862499
7.731488234818848
5.697519550639048
3.4646072416358833
9.549920803390174
6.118715585052009
6.104116287117559
8.952280929105811
10.506468477239261
3.9971904205415862
2.6345385870873335
7.811711038604028
16.875937301428507
25.43795676765467
1.7596932294362666
6.68362105130825
12.338363935399936
8.354965452433108
5.065929516220826
1.0401598572551407
4.020391065838719
5.818518000519755
2.2878492366652403
3.5565713047842884
8.961297075788707
9.140643340058041
12.522005373100365
13.624639946406345
7.771618588785102
3.191315085427343
11.900452461021274
3.018334934146981
2.5308970670227535
8.877976099241955
7.499398731355304
3.520202797240836
16.73709902512749
8.65905148824776
3.197310957883235
281.02
56.99678436270696
54.79842108073875
81.96494511572791
57.809372169511086
100.13994834472366
184.9147384360377
77.85578960756699
157.99546077702232
141.48473922554595
64.51966251890495
251.74761928134527
286.86768732842734
126.12669336237508
184.59333548354616
196.1107081609569
68.87051129039973
84.53928957836463
125.44503022189474
58.66210132988784
116.2297953798713
239.09160464073295
69.45541307953364
277.46737591484487
250.16280285254552
71.07052691580027
112.89805502623894
161.09598729429024
112.20919218812254
57.68095267202336
252.12488745594717
105.78690634296588
295.1724241987485
333.26080781931233
111.0599957071903
250.35927790348993
272.2134544350174
453.7352037591233
157.36511186600686
42.521662641050675
68.78307755209194
108.91571727011764
227.2651958785164
199.81734529339414
130.72317203498338
161.54684655556534
164.08188741765235
271.214565691908
142.64767556283402
414.25062687223107
256.3519794588259
260.425746778566
259.00305112883024
184.1623010399279
143.26236857978097
172.46315068156147
289.6714044876633
179.21939258616797
341.10907360355736
183.3925483066819
275.8110350981126
215.9781384275535
299.8557989220157
81.34087762035841
234.06063360173366
273.70203029261967
142.8247124309214
165.17551203982975
174.35314078523172
184.80104333483757
59.399234938204636
44.85380762534205
69.5472298778907
84.19026082923499
159.38711652978913
46.903447731706066
130.98833429992595
143.61204095843962
58.26882332597236
265.0638891268853
29.98505561151901
123.73083896744569
94.92858029992847
189.53567677879786
181.52921280777505
33.96405659986621
210.39728989233612
147.09445951857265
179.4498894199894
229.47798772919657
168.68927565394
168.4770171919228
171.9905749074954
126.2499042563818
125.33724268545498
156.57533361329936
195.18104023289956
117.0246431847078
175.98859795041213
62.81000609408492
181.13238702430343
35.00170471860513
95.40236375533766
96.31237629396996
77.26834315391696
87.71190212128089
56.477829118125975
118.92308384081869
84.19714775385084
145.83191371425815
68.19515637817823
101.1970843842359
50.55261703189756
46.97450344297219
94.77710233672079
91.0811527913616
44.23513230314102
65.76621668631041
140.4106303447783
59.24628439132919
139.09905098386656
51.981626300393664
37.384133512021506
88.63820739089797
74.90742734916736
47.8068971514016
18.38637205520455
157.40153637853896
66.81320161820415
57.48706239440442
22.59324701014556
29.239981446861712
131.1314632683275
49.35957485807536
41.03333420779809
21.566794726428565
44.410787983842205
47.48977058054067
69.38908663511293
92.96120852077583
92.36818865232947
36.45120208172455
18.68673671187679
21.92612412835452
81.2670621521898
48.150770565458075
40.63980394555432
75.05948267440758
26.01192166478013
28.345748991569923
22.46576921312217
59.5413995579518
49.40531062756824
14.472694066060242
39.74493869399875
35.59378245091031
43.68829459173105
30.655038204725532
41.61441104774319
32.80285090141487
40.44639202992203
11.80695773732927
25.84572620640795
9.161140055900814
51.429257305370164
29.481558772698218
63.759857480630856
55.722442581873956
11.790526874139292
45.96556960196296
21.35132956334832
22.74456361450139
12.389378796101294
19.092980646191084
31.366620738376074
30.767485844559094
13.788546271790104
21.35514171976698
32.046294459511266
7.103629871008962
22.54602366611537
7.514569357211145
17.190780767226805
40.24595591672823
53.132006826350306
5.116745012070993
63.88480824745357
53.190492501087896
54.2077072182269
37.31609635880944
51.06330087913813
22.081195168415203
10.285278485830219
16.244256448345475
20.02705807686838
33.95072782219874
41.99535970457553
36.1252804628388
59.827216589649055
49.4151689427825
59.99629753324207
27.431632456993203
55.728946222871045
33.933809894220744
24.1827650464665
3.1661332034120755
22.621101557362255
37.10092258635499
38.5317254812531
42.633523815437144
35.34412311991423
34.513761259517615
18.167181999934083
25.26921739265181
19.65649019641901
47.36456370995302
7.817152787379696
2.8681514014873226
10.136121570429617
16.880898309411634
43.63024155185113
40.71008840431254
26.55014980584886
8.600790312350282
17.411242524509046
64.076507486889
32.93258188072949
27.013606466383944
40.45763386956773
18.1091856267507
42.4293816963946
16.72963876377381
29.718281432542813
31.800355855010515
15.525501269986597
50.99548701587416
23.99354599922541
56.820568609036634
53.85543395559484
26.24562324772904
42.92130118544888
3.2080172785346552
32.538449762414416
46.17395946736843
9.496493663668494
23.06831100808624
29.612317293909886
33.47336146904196
69.85707583228783
28.746050171925454
30.66020615575201
7.932654353996105
9.836563563009436
24.009171993141024
38.42447407932608
23.604009042888382
14.326563371458102
22.968372446393076
21.346744192365772
8.423738155598445
36.342261364104246
20.184784314042766
12.021651514693938
38.069297409728115
13.4515189104081
13.012221073757159
31.795211352143088
26.783603406660852
17.519390779164336
10.68170197280907
20.15753157979011
15.818059808535853
45.7241505540743
34.882220987351864
20.847108591911358
17.507231530253307
15.988242579911422
17.66384235257363
6.990171770518328
7.506893714822475
29.51500253221146
25.41134662756548
27.383271680223597
16.803848602335677
24.416055287610366
38.0809228740122
14.43266405353162
37.33058130931876
35.21679699531136
34.57648247172076
26.458114762462746
30.082592461298336
37.98269017169165
17.648507076774617
2.467597380464182
16.37889084261842
8.677595592706586
18.21146172273499
14.495967619343197
23.855145064661812
16.27403539752447
21.52266580696889
39.62879204351168
15.36059114362899
61.89121128152331
19.508593953283256
9.595564276425652
20.21549249548652
28.89196292241704
18.73146051870946
23.945071741077825
5.4265905591142864
34.621454239873216
27.08468136115295
17.160564422604523
25.864387685176006
20.24042584623975
14.382566931130409
20.774731125790808
40.779633125070816
47.13556767021782
27.16052401382612
23.420617515930907
28.27599108562691
20.831992240515653
61.61804212151968
27.95764286383856
46.10392470094465
22.196529614339735
45.43489248390014
42.57436715067749
34.96592512552646
19.79441872821363
15.874795131566236
18.397525401379355
40.12267125476803
28.38269537861498
52.08117677779227
39.04503119669965
46.887387276737805
16.161598734618433
19.764924226113255
11.314704990262518
33.83030860574621
20.829618161708655
30.288252130907875
15.584034942050486
30.070287568081184
47.42105586202455
33.00447316384285
23.45058792706961
34.90048419095238
29.237317805190823
19.41604633384615
10.071842523877137
28.762469550546253
5.013691693685215
43.06628237895483
15.723919878520237
21.509203552012973
42.772492126582776
28.486860126209216
9.525352958369762
12.735793548534646
18.86679033613673
30.67539557522031
26.88350699737183
8.289976584387572
10.558176758879618
19.079417459041885
22.417610607229456
2.7601751269252057
8.388806631606204
9.612971954709955
30.31340961479158
40.013625602694724
14.08019638854941
13.21138837572441
33.20026139666612
29.068874384660173
26.27724826433833
23.780768213928866
26.143461199837308
11.142682744815714
24.242629154396056
19.171056398732357
9.271508427444338
20.018172925388665
14.51284689270842
8.381910226605436
32.27530158187187
15.91196579670455
26.2780569523211
39.34439121989137
22.29854773304453
36.49930372028015
38.4600959555902
12.819829919225281
25.55260453596487
7.276638411137095
8.579270931377753
2.99846945649218
20.154931990749514
30.081190571980134
6.979423845038683
23.186128044848747
21.60732022848325
36.906893566750746
19.64994782164534
14.607148811587349
15.307023860746474
20.788306980680883
28.549763786686693
20.21769758281414
15.826764199441998
3.1089229157332556
26.490309744360637
20.417697495402596
8.49846854616687
36.12629208688177
15.354234094722726
28.19435546163387
13.589751386651205
21.01460347743243
6.602630064662894
22.644756815445504
34.35668529312853
13.320159737604733
11.821919215464552
22.81312878591894
27.304597709432628
11.093065160097098
13.880169163802195
4.434020355207679
26.46500632979096
6.208740780263418
28.336712577577448
3.922501676185885
15.63514905048341
5.882643651505556
12.898146490056641
24.70258800178259
18.294692595357873
25.757691905305435
15.355147125444347
15.029315836654206
33.848236157509966
17.748521104755582
27.515939818424286
17.685667238660603
31.422968007962425
14.260518450029858
14.304406995935642
19.747974924768844
32.10798443774564
17.78493901992839
17.739457404873097
25.17837766237687
5.091753948121229
26.447021428246895
6.086178286291748
21.762184740815208
14.884126284938924
31.497515889312897
12.61178434774448
14.496892630151232
27.81544496244885
12.38955713868274
23.602519097433834
16.27188803193918
14.852690102222965
34.343508083244096
7.144140445816691
14.711639405396074
22.72061211237544
25.28721534440584
23.745796928179146
8.71013465941891
44.06538945263265
20.138698729595742
9.371707264252336
11.990905073181677
20.429800609016848
39.55986550232804
22.41173005204985
10.362241572882061
26.14431354965697
29.495266099580633
15.621439839059851
18.984894759880323
44.64019677471367
16.439337847862586
9.770824023722083
13.064391557799361
8.788862152225532
6.328502180831681
12.782087952261428
17.2137887970177
5.237652746210507
10.989781124499766
5.972870858518695
13.290417681372782
9.088367013894626
10.11004434341643
5.375639680236005
8.674391725594466
3.158408033631359
16.139663592422213
1.314395931829244
12.194801587493027
15.732071244713882
12.60765131438817
15.860793385061474
10.25544298458469
2.888751866474283
15.291970486399173
6.089000382106631
14.02314452905844
21.486999560370943
15.153393566412861
26.916742907574466
19.42515173556096
9.361705609810109
12.462956689148735
26.944712155802335
31.69261500723322
12.95883147854468
13.770291808564538
10.268938146100684
19.54202505416746
9.958329284762785
8.31447131153366
13.975191624624527
15.816427694294353
35.14824604604198
18.291858547893867
16.78877550555277
26.887578249956814
19.57586513721764
6.134691787827999
8.391367505857287
19.063403290613593
19.52851635945182
9.646637765908082
12.902043706713611
6.499293144676099
12.503511440464314
27.840090049309154
2.607077453147451
21.302707376245003
17.77194821577556
30.889115985978872
34.58944588463581
14.165289295547844
16.011042052419107
23.32670107367921
40.70184235057416
33.44334755302918
13.806527110345641
12.847573475758713
12.138639421064878
17.938652640655366
27.95949350112563
19.603513813840433
21.941896935872542
16.7402427882212
11.305958976858975
19.331961202951703
40.093208699076406
29.28332001547874
8.619500308932036
30.16219347581274
20.03881590130553
16.527256460928587
26.53588251865506
36.15806481610345
9.00490665397497
13.05689579786362
31.602715731337334
21.715392755207983
2.2004912111506676
9.646523916757916
10.169955796580071
2.886430721997194
6.464623636783388
9.020199804078755
36.83175190072747
20.137536210213167
12.865419520828262
12.25269366108697
15.851684660498796
7.519601464265772
9.984276142960267
6.794259540901915
13.341990990571153
19.4158184243209
10.854234494618904
8.8574738612146
14.359861991941699
10.692039934934735
46.17767652357742
29.79091843873982
5.59424912025497
44.68303842246388
23.856040331951206
7.943956103612542
5.9621249562707215
18.632428138584604
18.608656244184512
23.75095510938114
24.31199944440213
11.219648333810268
18.146967431262958
20.07692798810457
26.591481943957444
25.166238878982796
16.285922072189393
21.30653702405001
18.064497854598056
10.753043753642107
25.850142195095394
8.509912608572222
18.915268951288965
7.77733210893347
17.149891363665137
12.775752249503364
19.687881550974517
27.685019682460954
9.800760253266192
19.847699124774845
9.34250374420278
5.32358644462537
4.415032026808547
14.895670079229014
7.15109639066233
30.189892244907696
19.901387829931412
20.778322682758937
19.557160827777174
8.682038350659674
15.018757251822944
31.8313761351305
7.380573033653047
19.259568523079253
21.129670363889176
12.693699686506386
13.047040025754491
23.037538437982107
13.129710053843047
3.9792935676123227
0.77915081923628
18.21678918998293
10.940852096357801
15.11625208424673
16.174788777534765
12.951306459854889
20.179318168309038
14.926767196599807
3.6921012173890158
10.104804182004576
13.854974650083028
13.709726585632955
6.452655503116438
14.413749528897831
14.196697582318611
6.027392006567459
17.260979598137105
7.533545028036011
25.00873216485749
10.214201710426881
6.350335694224564
24.57900895467928
11.748245954892356
6.908580745984609
10.45534376783883
15.643075599225924
7.14822612912816
13.413330680204993
4.4092596749018815
9.56783702143605
23.05151892752864
9.415344185498567
2.2980447816022664
8.684422546091598
12.160744579404613
18.518175626430725
7.554828656809689
13.418730372563166
18.72609059039314
5.580243872399219
6.95767744711945
9.901793105841142
14.098460045417205
15.128654846504185
18.114896701351118
11.263235884176847
14.506066582236286
5.196220434808098
9.797100188309075
19.62978072983605
28.744392176808446
11.453995320205888
3.478764935871756
6.421276306837672
0.5174953536352247
4.873263821243626
10.936969038892894
19.040317669413497
5.9795082272615625
11.060128342087982
14.573544805500728
16.380433593787316
6.729467351280847
9.631598682174154
12.4100219286196
6.711854225626007
12.91265930270861
7.033921532159785
5.563218705446078
7.591740940825868
6.5231432409963555
5.71334162094038
5.6854941932050655
18.034784197034565
0.5369672706264598
3.3214779481449406
14.407895798429644
9.347508007036023
10.0830107555395
14.95883445283509
6.941718366791206
4.949267647145439
16.547702598794217
11.540701000190133
6.634494542853776
6.568857306311736
12.557222104847009
4.500244948050202
4.324618955976245
1.1447335095890647
9.109127422566608
17.91230274342209
11.997656893539256
5.216470019706702
3.638970311150149
14.356669207221653
5.29816997225341
2.927637793638179
10.750313784495805
10.835117399160008
14.052643372783335
9.213759421193632
15.819723935191886
12.719239954409511
6.9021114625145445
14.840983303749102
13.584468656672644
9.821212857762891
8.40858750942466
9.588481088635842
4.537688524293772
6.691879110647878
24.836710601603873
11.636478552974653
15.830418993550166
3.6299685832690716
16.185826093403172
13.76778854566559
12.13347598789654
17.756177654000172
3.7300061050021416
13.988541274990311
7.846602412934623
8.661572628883102
7.260871809933712
6.743182211641509
12.76845270185353
9.827498483961287
5.331543913420501
15.015065485406147
5.931392612451701
10.30899414883045
14.743093147271807
26.388525792107878
1.6290848082802944
10.11814887562397
12.375572781223655
12.99799328815614
12.434671850991052
7.727448853648502
10.309209482597847
7.709949884551533
13.999907777666554
16.40958870763797
7.3399698121482615
16.357401461282254
3.834783694668176
7.299304498878371
6.6505845567303306
10.430063923939224
8.642232532258825
6.454071679660124
8.297697878434096
11.186272421457549
13.714970532792295
10.1674083571544
14.077268451484159
15.021988401484343
9.744864114168708
15.066551807977456
6.026949655069924
8.265376961827734
15.156581913937465
9.442147968506028
4.999223405052645
2.2367087114643724
8.295196651673313
9.536977621481885
5.175418681539046
12.124529637425228
8.181963685946016
7.235029295185962
6.719838976571214
14.538917206037263
1.4806058999268765
20.98324065786817
10.084775563469515
8.846274869625125
3.305667765304853
8.711928324196922
10.08449532271296
5.991737916855755
4.246876327018869
11.935258648625554
4.291917385345711
2.961004970347099
16.806865530381778
12.726957372076003
10.915766061473883
14.314333465965394
10.312686741305688
11.017930260041574
13.430595489080709
1.7786262215067608
3.6825314210278846
5.353699690275502
11.827872611467082
9.859272306385522
12.19250019340565
14.019312599561523
9.953422406406352
10.090531375118895
6.332387365421576
7.7786644503600915
10.294856497398941
7.877126477575301
2.9898669961340456
7.411209000033891
6.273367327722621
9.191713059712665
5.365917056769143
12.492498505529138
10.650633177990247
6.157819729205386
15.090524311894836
11.856692881810938
12.39103291750437
7.970423655406773
13.917454664493743
5.184116087391079
12.615221516775689
10.027490044606035
11.14413907587345
12.752828414094287
5.044968686175433
12.49579486019943
14.470645356135293
9.468377364349479
3.370465365261517
6.015088387763746
3.5644798878762245
10.712710063284117
4.901829219178724
10.116806669102605
15.80947050407691
2.8392995032255075
4.1887477545375
10.729412041214037
4.731163760892823
1.894138010244479
4.347184747602931
5.312631712574402
11.725676768380538
5.6460827269988325
23.891861223752436
4.92337732871682
4.876204830189937
8.538238787288613
8.272621681363313
5.4768646653994075
16.658024048952928
5.32934577871218
16.43708068994458
13.806730591717175
5.188405365333584
13.836910769215732
19.96086589884364
15.31584743812922
11.905588186916013
6.950401093019859
5.699569639350118
4.735424193451499
5.704355416799908
15.465812446226858
2.538746631219053
6.34774876169446
10.6235798063417
11.068182397537669
1.5063118237890916
10.395435243208416
10.862808479954039
5.786157584788283
3.967478617612358
0.7356503715945554
1.3985722162788583
6.1097008166427775
7.537723431458558
7.4403481589361355
4.175867946123898
4.680904313231354
2.873643354213338
9.218257584796486
8.917200535870055
2.0425754952569157
6.900896804047637
5.106734355955825
5.609499522674692
10.469434723933594
9.88593720115012
10.973830349044249
6.162686384596534
6.62090210162914
2.062707381444357
10.814943814672358
13.154498895296024
7.6332642808506606
14.242392161049624
11.222044440480321
5.0053264354944185
14.614984092937833
12.446758370637797
7.926360445197201
10.001970192362817
4.777961409262604
8.9592474269773
4.686705359760517
12.50806100915546
11.957173240536138
12.702395252934126
8.716848692874766
0.9876072786061117
10.074849439277813
2.816840265007886
11.357048187560524
4.898387294079575
6.550391345534555
11.917308790931724
5.110331550546299
8.648357036215563
10.127100942326262
1.6627132484250051
13.627890673179964
9.801398920633172
10.15630127040521
13.061287693625651
7.855086033601135
3.777455653082966
6.022798247553327
9.498045316832332
9.44880025446408
2.738843976706522
10.827626551549567
6.509619521528387
6.08561909099572
9.907502129749966
4.932869673231396
10.33371566394305
12.408764797478742
9.459968242377196
3.4033065869514014
2.936066937569424
8.460405012486232
7.0397583554486305
5.057193886926861
7.243580911043325
3.362291131962683
12.40576977149951
8.886776023110125
3.295953395650159
3.356497030229307
