279.119
61.95963579430544
22.594205801312537
89.39703752783933
56.566497439581575
19.237710525504117
60.82960514697592
82.16859444052616
104.37004952266129
119.71620478526894
116.3087128407235
165.08940908398773
277.0876358850351
27.76985902567661
82.38018690067578
120.35490341349566
76.1961589432047
231.64369808979603
231.72138049727397
135.84553732277416
63.0261544344498
117.61826011063418
217.6747823180889
47.826045570088596
279.32630983567117
250.03188394184508
293.90555724392226
128.03750802597028
99.93556219346914
303.42474486453295
122.82112913701955
192.8055545462261
285.19082863919937
93.85102706876486
213.3592487304417
397.16698571748907
116.79738843946707
359.9297115702789
62.05302125502136
121.6222188259295
341.7148756922473
313.8193631946406
215.12985264450606
50.69848280172276
80.77710642803645
249.27981885526023
291.8033386439177
145.8689891619714
245.81544789437297
243.25380725850124
365.00446536251036
104.41885357863057
277.68555070371946
329.048750284601
147.1203270881381
380.2944389834341
37.99012908059148
232.76578423050262
301.21355912940754
196.2407005418664
172.7597078756097
91.6697133794747
185.841958967918
28.207642602327258
216.12668274663235
247.70673193682742
124.79695720674178
335.1733456548353
191.39100800215544
174.29272656814467
307.4133517355318
255.30356188241916
136.02160987797822
57.70445811513592
138.9055436014881
133.36975555911624
133.94487109336802
101.16437877688385
299.0561632058464
118.33664239340042
208.44048332009712
114.9773519019167
172.9692068319966
113.23517215860873
62.51313852530339
163.0214631746283
222.92787783532572
131.07026251036805
180.05322308656943
84.126309668803
122.92489574024721
29.14353379114498
96.87812162997383
146.84616120035236
208.4282347424726
125.62799887987555
109.54881568978183
7.935406061405599
87.86451828881904
40.858361597006024
272.4455574110423
143.2286867186697
117.85221645566945
81.05629537685047
143.61782086237224
109.58304639805074
58.263746525053115
125.6983041450125
201.164923925688
70.1657264902465
236.8117621947848
79.77773076636034
18.167646909146708
125.25455378786461
59.882594644158836
166.08517197338
107.85155506685211
66.16667894830454
106.37568972669888
92.12526786715986
19.558823017441206
29.956904339371256
79.39719261138578
64.48240600648982
43.33850574407687
110.26103821602675
58.997126515003885
83.15722388476924
33.6113935782402
58.97039387977144
71.63901565405624
140.81495274344536
83.18457772109747
24.754962680438048
123.6098166433098
16.766331700939286
46.52499320958989
18.885936246921425
34.823884620660046
34.04241151176301
6.927398417663261
4.859471650745294
22.656472649713937
55.122112479692554
40.42148986170447
13.223819186102778
71.19914840338856
47.003436709088334
42.20446727078276
96.48826894272081
9.59224450379045
21.998082962293495
52.84270507937768
5.577654523304248
55.9223124115419
35.035061974020564
10.855353335963759
46.024707878493686
57.39802511408932
41.0022984734526
67.09624568927121
44.95923975760861
37.00899236732199
75.18966922665756
14.978993730419644
41.38974960922312
27.32306035819959
77.1292231992975
5.3884051109516
38.0299009925989
50.51239465245358
18.217789743188572
39.29030419670422
40.13208391611611
13.4613823340926
17.757691970254182
61.27699571046073
45.78389236995262
7.283659232465156
30.763483208221174
55.104646752193055
44.54759033361862
28.310740198921504
13.962190517998607
37.61957138989855
57.69172459541858
13.04679414898672
38.46895968509101
29.372983844066702
45.17535095182668
68.49110315797263
30.066985728596006
44.36388621994265
29.06779155761059
27.772519560871228
92.00107381742316
34.308368131326276
42.552895805242876
43.28798858686246
20.43460169908491
46.05566565557612
55.772598759886286
48.115891207694155
32.82875332629348
74.04860307284878
18.900169265753675
9.905904520693992
46.685080983382996
24.30535227569789
25.258176849496728
46.74431312742004
30.387580985107732
37.02051634189135
11.833850502339299
21.97828996934821
26.299159277836182
17.904391968381695
50.39854524135871
13.375259539668741
33.52180735042392
13.151351081506437
50.932582841519384
24.872077154532537
24.3330270218931
26.583991635526843
26.789120900712053
36.18724679921972
9.60839515747197
45.72951197665646
23.59083961754554
44.43278166093766
13.544506127915765
20.37661770817732
40.17090845263811
18.423419512256974
10.303870674717404
25.345576736980355
19.16456741347512
18.927335505607232
42.24923103088323
26.483782485156784
11.572185280754315
20.949798357901766
17.304772770251112
10.04552387229226
29.725043728532917
28.380050180059047
36.352901645300925
42.56289984190526
5.300008911751618
4.906362903398132
31.370343415652243
29.751292815759406
21.626442134889565
19.820449141387396
39.95804114927912
16.134264752496605
17.582460920434936
39.46567095210375
32.43370431818842
19.926661018905758
37.389318389867476
53.24498789675164
25.417103132324204
13.48822892531228
24.39278233709284
3.2045564104888404
17.861380724595655
33.69861776371226
18.655318683942838
61.23510810165587
30.893075683930608
23.423764138191626
15.808625152257186
12.531998779763175
22.280745120216615
26.13965969122953
9.510243446790081
28.469538213369777
33.015935083866246
3.6256985822571566
52.45580743341685
2.383097365413736
33.33488034334476
21.474247519383386
6.973339338864025
22.812406518711263
20.31451454274475
5.950429607514546
31.969392305045243
25.823563097749812
8.349480902608935
31.33691218260242
6.196932894508957
22.2015195507824
37.50455884635208
9.046856821157416
16.647697015511557
27.022012043947456
18.165412414894604
41.16130222296556
20.12107234133106
33.123599456068355
22.364508247214236
16.95581931806137
2.9284361853368495
33.097687616816316
19.93113548042647
25.456930295633065
13.87103856824537
31.055550715587927
32.58785161309808
25.96503159993915
34.843197750824835
4.128637647292002
31.105781180463133
12.656196947154438
27.746888868332423
42.204650290659075
7.574478060990726
7.177250616410439
20.15890386199283
32.97671649046593
21.027801327045943
17.87962368682688
17.36139118121614
25.47962424816199
24.021080016915988
15.563786594517795
46.743843762627115
34.9103077504584
31.39917059604615
4.196228803697832
10.771016292630101
7.801699118467625
22.63269339424888
25.704573511275903
1.691765081642361
33.18500894016564
13.039743161542765
11.318401922129794
24.073481733950004
22.256284232177606
44.060229588002066
17.83833589517362
18.88500063223783
2.490661167189741
11.386701242314109
45.514936081593895
15.916520408086063
34.33356546812785
24.201149584170185
27.469682160678367
7.920665065065103
25.996897348591457
6.2364018910795975
25.414013212882782
17.8142053544799
8.60160586778778
15.86713145247334
36.71166641998636
25.004586422164838
19.84568108821597
23.59525551473093
16.50930268618297
11.120531435610422
9.314318298694811
28.95149457397601
2.773274799178747
38.83983221010933
26.273890859849313
24.14116136894569
14.143067587874649
20.17821354752054
22.7070526507359
15.448656184836949
11.692829911374128
9.354300583384264
7.51072237972564
14.939576859989128
4.5836465815888685
9.481562593965515
29.212943880740607
11.918133705637022
15.915759513453459
18.148986722792497
9.594992262914332
32.196343127485946
22.41262336871899
7.046068267035886
10.856811225948247
32.02371962419785
28.446040438532414
16.232403375912913
18.92877836191339
22.35862570865487
13.50542737718401
17.116156186904284
13.122144230349585
6.008721365662086
13.735617685113654
20.06667030622892
12.120203844342507
27.525600069433427
11.77125328844399
20.870302691208938
15.482937947510841
7.725072288331664
20.338338463642504
12.119906879195398
20.653155836451
25.516037889444863
3.76696982185641
7.30075583083467
17.81090501898224
10.594710238148618
3.07843100388147
26.98943299228736
24.685219674982488
19.40224412030244
14.345362958479262
23.408895292312014
8.998449308306839
10.768628289172744
27.44010788374697
20.503381952346164
8.9623543315423
13.830131335234213
5.537926725529409
18.131175900804337
12.581479989689004
8.608145333229789
33.05091896628634
25.783713391052665
6.0583523203423395
12.749366325864257
36.69045717369234
2.5204133344106756
17.17594819232047
17.61027161961894
8.751099382635546
18.129256922320238
9.232080686254047
9.212274568107805
9.897774081965043
15.617375983336533
17.207146607715526
16.599044828242018
15.637179986442865
1.8971443365581475
30.766201751758544
15.199274715617848
30.82424101299509
18.833985620139035
26.918381754188015
23.354680659474596
3.487811975387208
11.71255859878926
14.278492154247843
3.28312609868043
16.53974673302341
24.729334476411303
6.835423101830722
3.8453581308759777
17.289589175198675
8.545147750149395
15.50465801706966
18.676751525736467
20.62811543560795
7.182056320565384
21.780699970698812
15.44168868736803
25.711658858545203
8.41255070397675
7.484449963377008
6.350310128226739
20.825307506503016
21.24253201978909
17.918551363068367
20.001743088559948
31.616432290749362
15.987265321506516
18.023292920593683
12.389653626048485
18.0789458654162
19.94708371593254
6.5586916271989875
18.7330213882204
8.847331144087478
7.68625690487822
2.2518081201679756
19.72622438990138
16.308178135403374
14.442833911533617
10.129751164694142
9.420988904656339
13.201098730107686
18.167385524531674
13.379918665062732
16.280096301353385
22.30512727009136
18.567728844259445
32.00819298357903
34.50402062033075
17.10153567961692
12.968043830262758
18.797522369966703
11.133925780445235
13.835854678384408
6.006847094205218
11.405718555406262
17.976936419260785
21.006112661016196
20.95545927194325
18.32226291925886
0.7289106029260615
12.798187272911749
11.928040823847462
7.419435410971042
9.654177385119082
8.470095105078816
8.005516127655223
9.514896350374235
5.880083197152967
21.152377165168602
7.2181354730467575
26.739402367066248
9.352362390283076
17.60112253623372
16.306157786830504
15.939930605696164
14.211054879027781
19.593754034661025
3.3224526340095353
5.549933242006449
3.6561084091598612
11.365601127099263
10.467107520277628
20.49217987960029
2.6866387783812016
8.590929822343744
8.625716274020414
3.877734333890487
14.644275664133355
3.8083685041892674
8.696305590056188
22.340597795845078
6.619166928040219
9.933703598511917
2.8173025020608335
8.519309858233553
4.6648909366760645
10.105597768268819
15.235825174047068
3.4959129482117888
1.6684760575695674
4.419236014130431
32.10692825492813
12.079845165776277
20.308881412273546
4.72423025419737
14.428519250623644
16.22798021994036
23.665894883563062
23.756350251092826
25.764512142932542
14.318253867099353
22.391513461742125
17.64080076137057
9.19710185463613
7.342424668433323
21.922605463454193
10.476730009253256
10.109675365911666
4.683462385367217
16.84656793844086
32.750153595295714
23.272012465795147
11.11318668447962
13.252291771948366
14.26837738939864
17.404899836667933
8.690822032319142
14.444396676588434
11.73442883810087
23.830452544169663
4.868211392381438
20.01785972765922
16.067282877667775
37.31541839828006
22.36500252669625
18.961757074420944
16.251269102279576
21.400893575317536
15.934832481996931
15.651775651321737
21.813086370043237
8.36382708454718
10.558340593704715
7.87544379158894
4.786288945552454
20.352761946360978
10.721891149281216
26.9338098754295
8.676783674826467
6.1843669519197055
9.788179706010181
18.062797098213697
13.844550613246636
18.993130645623534
9.342412491740255
10.339170681194206
5.654068423634443
18.0319542439046
23.7272015276129
7.973468006943774
20.535388195488256
8.385991076962632
7.657977081418121
14.062407859090015
25.43110157427796
10.19068976679002
1.694396985110503
7.374836432281449
8.36230049664715
11.755483489823133
15.165159494750267
5.473878897861707
4.661840317408405
3.336257595838996
12.819100118634111
3.147978416078029
20.39872930772412
6.375586097399134
1.6540898067999092
16.334959577067224
16.75726406612345
23.6588457959625
11.001615551594298
5.6972194421598745
11.06409202972945
6.4029354585093285
4.7206297067965535
12.59879578314658
16.097370771458294
14.526519354356807
1.3027653621316875
12.90973736297214
8.622062767512599
7.23368725707947
18.062625846316454
3.4863708186382163
17.616857872680107
11.804886044328898
7.617570597029202
8.861825436909339
4.8986681759664075
19.62475632398454
13.552613766732128
6.529271860199619
12.883273186013676
10.908437229893536
12.387733945651553
8.249294577471241
20.71278672765384
8.639423996122728
6.751969626280922
6.599681182008292
13.704822496961256
4.874048796971797
7.335961588756319
8.84598337813282
5.813421373820055
17.67839028006759
9.857917361406901
7.295463705453958
10.237858225513893
9.222164334113275
8.799030417277649
7.922366182839109
8.182374384345911
3.5801390136069595
6.2306351463891865
7.571450884802625
10.992828673495632
13.132947949495366
2.2275438986566325
17.273898816358226
12.927528789410458
8.296406608782549
16.80991986663978
10.909837288830115
5.636157021732969
6.16010246837596
8.45514233949439
14.809390031024856
2.9998624381087997
2.5650199695704985
4.877028207099351
4.583215998546298
16.335292017084974
9.455237057538964
26.05043465231494
8.771365570535396
5.044573252436413
6.383591539942016
4.917761614070084
16.375023206239728
17.25640487401753
7.3759878242394885
15.074747802607046
7.422360519985004
6.393457696227326
12.12370027961966
6.8633513987262456
12.81481942146471
3.865252213853063
14.07442330916995
4.942521980183728
1.9433232630278598
8.194500124613747
0.48470841220014244
3.6172525061154657
12.647909634538031
3.8497110834198205
15.193452235665037
17.62796475301043
0.5550736754861277
3.0002451577210256
11.041826028339743
8.184539626559543
12.669754763540533
12.638153323346337
4.46294735150395
8.648803560508119
7.797428777614365
10.233332415367956
14.024835877261305
10.76369129104417
9.204708132908204
11.613357515756675
7.572372723732411
6.912866862016854
3.130729195826963
6.429411451189609
9.636260189570855
5.965607435881611
10.891052360705128
3.0689693757269305
7.67736711474396
14.853288267395214
1.881143956504886
14.510539269525612
6.405224259926486
8.226491940300988
2.483007838971474
10.46009998237893
6.593504059101572
18.341422893635006
11.817615201234085
9.097704193749573
9.368065376261722
5.105150022289301
6.9371007169350545
5.356917583788317
5.4719618802222465
5.197528113018723
15.431124004745998
3.3206014775398485
15.653189194101275
16.51009272352041
9.383463696076152
8.4166538135656
8.279146051440707
2.955565613177142
11.378206647675157
8.741357929562273
2.7967827169563857
1.104038729960901
5.664356440607485
7.79124964826678
6.977253481644802
7.041323992023407
4.35339219944491
2.9462226135509457
10.070742092659907
5.65551383882427
0.3382850718401498
10.127909082543383
3.9565405608983464
5.869496040142458
12.272302339458573
6.47279255914745
2.343063689154315
4.75564915778477
2.9014641726271524
6.139461869677173
2.91871348263942
2.2678162950636676
5.304981321236042
16.555377821900628
8.981395161914906
6.339077060661849
1.5259910752743395
2.282376594059008
9.19036923409882
8.18666421138352
4.048774577734904
5.4950859344319305
2.7989154702131787
2.8114612876243843
3.1741282234299444
7.688896664074906
8.051537393812021
5.115973290574246
7.882703736843552
8.046571949036082
9.993704283971887
8.125896367670395
7.289737352963518
1.8538762071741899
5.972157335899937
8.854915365985073
9.052763842209863
9.39823215014736
8.182093536996991
9.679843151415817
7.0177826418057885
4.75232789600141
5.205862353966311
7.990839548222121
9.953622106690132
15.252649876006624
7.556354863236507
3.287497577917241
6.002197417485443
14.10296422745099
3.018588297878841
4.1963557375939695
2.2997696601610924
9.835164485724775
7.44474571166469
5.379708916692179
3.056961947259617
6.370534922529163
6.772753875258164
4.612891799512958
2.6690708213172987
11.188769690414292
13.88641254339784
1.6427201343916003
6.430920344225928
13.406859447334595
4.276162010561929
2.6387183022465583
5.660867768704581
11.677262541113373
7.484544007481373
2.7662674456491834
5.085125475815328
5.035005962704357
14.204144965270453
6.634831113875941
6.7392447067003145
9.104212587283026
0.8735949799772782
6.961028080324853
5.451065537350705
4.671810062869702
6.71622036169972
13.979529946845506
8.470676818630151
6.540415193582762
0.9569821031201128
5.205984148831725
8.433487260187489
2.5657062287116768
7.6958476452301205
5.898090782461373
6.3904934191800535
9.2641032305147
15.704846368046677
0.5737518038543397
6.675371572041
2.9040947614178245
8.224782970619545
4.813796508945215
1.5662047171158333
8.74725433812043
8.658491344835898
8.03994355968028
14.816561851119616
5.6938343735741475
10.930340898434974
4.60520425311537
4.415706930978084
10.624916805143647
3.1934112261303413
14.794108691103338
10.092853051545191
8.803524858867377
6.904980603155257
9.659019003901461
8.00333268731191
3.6866836110772776
6.076027460081386
8.950083379076483
4.520406394852623
1.80822097513354
1.651620568540858
5.548836641301724
9.37227749893102
5.7977777316089885
11.793285331494486
4.019902348643214
7.265624322764178
7.506404082107178
13.1268489008415
15.858422738828729
4.465330257870285
3.9991981080853303
6.139192637520573
2.5101048755163813
5.158411424679087
3.231275571180452
5.528811681269699
9.50915675537532
2.7146161187411226
5.035019601707241
5.2954993428848915
9.944990640070454
2.6719311648630044
9.065912345880038
6.026172280458114
8.390559083157296
6.389327813396691
7.563070559636143
2.550796784185416
6.4339937747512055
5.845141017007227
3.215287694090509
5.802889691497343
4.078462804213077
12.163523515491406
9.347471524841346
6.231380586505562
4.241252879851907
9.858345613759711
4.349778452903611
12.103638549586266
6.185704650397338
5.065447199809362
7.909550555420916
1.5352807757902047
7.480942604948237
5.0862065763472
3.8111847156645036
4.142694929986121
2.4370372478073468
9.324036020721492
3.412868925808633
9.57055600479646
5.946284592853748
1.3625883903014588
4.427236299361673
11.611222997076755
4.247540270082859
8.10985871134198
4.686282471288536
0.21999890753961515
6.044795321993824
8.197086131019029
2.187574586383582
6.126127338061559
4.582572580203947
3.910546483933759
3.2268279646305538
7.634421612062807
7.1463763920838925
1.4062191769782582
6.153246094229971
5.562740378547296
6.598155925886838
9.150884431859435
13.791217691978224
5.481642875684849
1.8465352113613984
3.2441472092270534
5.532051057833037
4.062905269053378
8.049230064699724
6.201916519329395
0.1488126659691394
5.870562847104419
5.4669921050076
7.396066793332796
5.793256653369486
2.3532324572185925
3.2861366435277124
8.786096439748118
162.877
39.45524613689522
36.08798264907113
83.15849938075611
103.8717074367781
18.45581026298056
27.136980953827972
23.192842401946077
26.629697445631184
72.54953171292561
170.50616079166446
88.48699813336034
80.90553514758852
86.11718877100529
11.88691216556587
73.50691187700619
178.17273515141378
46.578887936620845
32.40677065789847
102.89624651590982
18.622845162929423
121.24087719916817
309.1932089099008
186.6664186145332
124.93325225502295
192.17268350836605
70.58542309765159
183.38661587483563
156.86321741086573
67.79936045114181
257.7359456088109
95.31917825414514
213.19895342913878
145.39405267109606
128.268774073148
441.2050055442246
40.68636878624833
198.7884702961323
262.90878319007555
193.20415717806657
319.775432121511
318.3213782274727
276.31654270810293
31.251672452136084
149.64091542836252
115.3578477275697
210.71834702815605
395.7494813698416
248.46462859253978
71.48432180803222
277.8265844879993
238.62419868917013
209.1358040982708
290.3113678198832
324.17705898909867
15.682661333015748
189.53406115966246
422.2892149502937
392.2462765179323
279.3913932089882
99.9965675752769
53.652984663065205
283.36172107583343
13.5386395988987
130.90951804457197
39.30918670048617
215.71390563161572
141.43523757616245
66.46230241202085
147.57928717367167
285.32036202575785
167.71283042702575
65.44131295670837
127.65824697373644
155.89614486293158
63.75869176737613
80.28164005066597
133.2186878416499
221.8488044293231
32.48801364529825
151.87518801581808
172.74871651352245
124.64940138681838
339.108967058551
21.55543654782804
58.5643617057413
158.0618559532572
47.925788989962626
156.9944557813029
87.55404983763904
92.25459064651852
40.54897239468329
81.13770631396969
119.03483593210757
101.10656305674847
53.87965484710802
211.61763232826897
121.99536686247724
192.85196954619784
75.33433455839223
327.9415996152816
39.25827988417154
34.9719611630268
72.0247471058185
106.38798806513046
54.296693222875206
141.10926024283017
10.750429454574995
145.06822304538915
106.95468690939228
115.68335051218988
98.99383902511556
17.63895496651179
117.81064267764292
88.67164952086264
129.02248574965222
16.527223863648715
127.04863683450843
94.94518791699082
24.11914310465877
106.07525720108863
99.22467642672916
68.75784856131392
59.3357913697327
31.015192122268353
64.52115660170993
84.83630750066605
54.5933027078971
108.50090971530044
94.38312679715834
46.61089955580658
60.532911300440304
58.590659888269
73.15390933564453
71.96239772550241
39.554861166341006
41.59077040508802
43.06044945244414
23.864190828449114
62.73110183160194
44.73074852315958
51.40540442024857
48.1277080706565
57.550665081921586
20.595509337597907
47.26643534320013
87.52116698308656
56.342969702946206
60.96311996104581
30.58865758492897
31.38052917933954
69.77446116829363
81.57767700849787
54.68643779263569
36.990465658732
44.55969458341778
31.69445992487544
55.020182354515384
52.996764741370676
70.24465369833574
16.807130090619427
92.45121283336736
29.760704702919657
17.15555931098017
65.51299002059251
28.32472969339242
34.3207740712664
32.97327197320312
17.756275041233554
48.64025830811534
22.266432056868016
78.67684250962861
52.18521250177587
48.8545088257665
71.42035276638532
6.164572064959742
79.10846398255458
32.31197003065144
51.7646740542348
41.70106837470473
14.984569231991456
37.43153432306402
41.97076441650288
26.469346683736976
22.673863988263825
29.283338763858616
39.69131419598619
19.226377035903102
40.60638054561481
47.56913660162419
22.490294363423455
42.4550302729065
3.183592261216012
22.240723282789375
11.11961382321934
19.473493643544607
30.17668815417417
26.287056076240212
30.303547995034638
14.622427324873309
70.94912999308606
35.779485058971915
55.419478115562434
10.83180534826222
11.871255325614577
20.388945870083447
34.53706278208166
32.46465910998041
31.264146686124604
13.623096305198722
52.46537120741858
19.689716691446808
25.542057194120993
40.427557306623626
27.95211129093853
5.531436742855368
27.782573559086458
9.968311386362675
15.954673884418664
5.349330871716203
65.70871009783151
29.984910979417187
24.16792831702687
70.51198925750893
32.07260967128735
16.639259321846144
18.29111915360793
26.520291183791862
63.60627664530718
18.188036933225714
51.350956511318735
51.241427494095944
18.49376934783817
28.59151476136523
27.794607739732264
14.583750379221197
37.752971716542554
20.675437113973775
26.90004299059734
35.70666165365642
46.32116780254343
21.13466934156588
20.015675505106262
34.42083174078364
12.027498783686008
31.798995663505025
15.43219403653351
23.185412949367173
50.13775238245211
6.256356232407306
41.03150814991108
35.18562015653293
30.123854409652765
19.12623874408721
18.710846652055448
19.23205444182957
19.925519464405127
19.03292632266974
27.50750120415976
19.792874162930666
31.464598531303135
3.4701168212408886
9.104064152429597
19.786501966064755
27.901654690092606
25.12673660807351
27.849731808329892
8.721886849906655
10.38031988303938
20.917225842252034
18.588158073471956
54.81948624269248
16.78488735806317
18.510324169312625
33.848258259942305
29.440888872080592
28.987181295854402
36.65244528012036
25.44164844578193
14.46613752266966
20.831101814188393
27.167319611822133
13.279472528722783
19.55865199148699
17.33408654600028
29.71881965963586
27.46763008031084
27.89602346410931
21.259054256707238
14.67316345047236
38.993948975195735
29.35176991426761
15.289590237355455
23.06631674596779
15.846388902342651
18.531318309641687
15.25632778939832
19.416230163393262
31.861187811112202
32.24544294181428
42.538137940601345
19.03943032422398
9.83925639915436
23.93623691336985
8.598479105657802
8.841811479995249
49.275904675061355
13.922922941462204
57.26855008056261
7.291406469527851
30.493591803708615
29.918619523354383
7.4714439666411865
32.326583070334394
20.61775677246415
58.210357336039586
28.38570793010383
7.510291888263089
51.25134218758553
44.845092655622004
6.164102222026811
19.873041053730752
15.099763513713446
38.07134107381238
15.102460829221554
20.274605983013032
13.4714979736895
14.368094576552176
14.323950675834244
4.768891417208604
20.22082000646924
23.294546059486148
11.631681892822783
18.310907820257945
4.117501889823065
27.879855064270338
29.24602176468515
4.799351245385458
43.61115440223215
56.30542202252171
25.263125691949032
25.59116134044055
5.341385145300586
14.934214116795358
19.496180279574226
13.84434948582981
34.784957498244175
4.395073366745206
34.304991683383115
23.2399867864166
40.87574296631097
42.82334330276981
15.774132804218912
26.93574920715923
17.620439220591134
15.769595077343917
10.218584351805934
55.95467838150708
32.487636740058676
29.127342622759787
13.849973973615498
23.3276301631234
15.728418924955005
3.0114562204876605
23.690034139348164
13.678167194687823
48.91641335914723
6.801534095014111
32.24636610397931
20.75748238441981
39.9862236398832
18.251455934301074
16.61842295417804
10.654962409409608
33.287424988616976
5.489917298752222
32.74649589890291
27.58919204988597
31.772395945200394
6.592335416984391
3.610262544066614
46.36358802835294
24.307054475334397
18.2502276518934
18.51047321008917
15.116947803476704
17.410449505963093
10.399321379231418
6.319227041918505
14.150787107727197
16.20125785358602
28.985644498743873
9.189594919933201
6.929868401956566
11.738426370512391
30.84484854819519
24.73258025427941
17.35358054222486
23.342578823340343
18.70160830719225
9.887736620281489
11.437229097483858
19.442960486791815
3.6456482518013344
7.834267623399414
26.769951053369272
17.511923391360337
11.787803156383369
11.602692564702899
0.4563959023639239
15.358286483045335
30.781454323494955
14.336319456430864
22.671962940948017
32.042985549377505
19.528498708292688
9.361916959656444
26.890887996897018
19.10173443505633
17.932091434484057
30.927538051893997
29.658125297180685
22.6306309584751
22.61013782061013
10.79106430437599
31.885239635804727
10.009157932202681
13.357425163354812
11.264874683220576
17.050307359114417
11.121618392075272
8.880767724691209
7.362661852518604
24.267019840732374
37.73309655257804
37.29200180978391
11.27704269018176
16.923691448960486
16.024414514505924
24.698971070500605
11.820271971584578
12.551012398029723
12.9452866163357
3.417688173618234
11.350140301736765
20.456540322299205
21.910831903680236
21.22848772929232
3.6422974760585447
18.63830134765548
46.493978549898785
17.734496111482002
27.56554881699024
4.3746550665015755
13.21987619144285
12.497345932154882
4.904761505190139
15.098997030000007
5.827519809366423
24.75647025774654
10.816239492705405
21.1902981657773
26.897845416299823
15.838055297032977
16.111907086757476
22.440474962126075
19.35169037865189
24.215584032127538
15.782808813581918
21.4520776742551
20.357042799039053
12.536123915783747
8.206956647017723
10.491641608878746
15.130839190969809
18.84330077666149
18.168368073548212
17.315942834581158
28.44498614330853
35.18203267258679
14.561166865746355
5.368370339401845
19.471224559160184
27.042264754955934
33.411630014432205
15.85702669100642
8.329777596760923
1.4994698809614062
29.440293335291546
21.915685027681267
12.453653018012167
12.14883164777981
27.00531800700253
20.620139649465333
10.27163197655781
5.32458992336414
5.543837302745259
17.632987627914947
5.0957955152719805
12.393853579734097
5.800063870321055
14.246743366480532
8.304858982447321
27.913974412253364
4.010932622719874
10.1480535543707
18.701144639626282
10.06184490016702
1.896884282895718
12.299776740261713
22.448996904973875
23.96805267919827
20.8568482861926
12.59131647614649
21.485539647219774
20.32074384891387
29.145137931344838
25.45780023281369
4.365356253422917
22.56813712863078
9.168360947204462
10.81960740179463
11.522763210920335
17.668296802691884
16.76827133714945
4.519585394537762
14.64077667012634
15.384883647134403
20.5676248015089
6.381043017255317
21.4679365810963
22.281440471730647
18.81041684320498
9.129629823824647
14.082473191979272
7.398689509743841
12.10135884227963
14.166441939727402
14.145943318095627
30.172944193896164
27.547778194610505
23.597106593289805
10.879536525904026
7.638875794401437
5.733594621023518
11.539699953393857
17.745804504906157
25.24467512892864
18.088486804122905
20.54490621932236
10.655026853006305
16.74442890189772
14.705482978895505
16.133723531591126
27.175434864205815
10.772777589902281
27.186380467950645
15.055565845557053
5.786969446158947
12.829801466614304
9.67788777734064
13.385800358908975
15.169838276428917
12.508902387273919
2.544535066654136
24.54012793121092
19.586455456542595
5.419895434297257
7.36371135835445
19.770981668796864
20.213626224742683
16.78293347097756
19.82457023830167
22.8084833573423
4.553220938325288
13.829502871290734
6.750851199721509
5.144115250996926
4.536787942201885
16.80523036295496
9.98337384489421
15.315937546011854
14.639559905083216
12.769704846240662
6.648909112100252
17.71927234393635
21.042735901087376
17.708407402394748
17.523703293576876
24.350831374046248
17.890207696872928
26.264231204327906
8.06142528924473
13.596256516048577
21.867687787768947
12.926649987958948
24.183172410541268
12.433047360425544
7.806106778047658
22.00057542896069
34.210162493151586
32.14283892649114
5.979180593603248
18.032093174686665
13.192555886972078
7.334318600032728
23.042196592703988
17.53282475659009
9.033268778121634
19.08197879321329
15.976375284728318
14.744589560419529
9.216930705484245
10.48293406937091
19.682583197979742
20.5514049208079
2.5388522311688613
8.53670061623327
31.438345626489504
4.33971875783446
3.5376548458572477
2.965411561459182
4.213655894395747
3.23702669538625
23.264517922746872
10.605079255264087
18.81507043943813
12.126576951280901
13.632793116756227
13.950220149619847
13.251013840642198
5.980994312271422
23.600040429785388
10.29966624064364
7.853293848364447
8.569544254034142
16.638650208097854
27.76225205032023
2.8225488350169616
6.846262426257833
12.742096061620453
28.292454591921214
12.666269284862475
12.789957489250838
4.080206743903949
13.677912879620594
21.95139962491541
11.712853002847316
12.036445455789417
2.4733726687821953
27.553378542575814
9.38412178656881
13.278180845194012
9.05933320592791
4.21164455125405
12.616427516169308
14.988100139225606
10.636584309186626
6.216632101885668
5.264727233529817
27.519861690904065
11.912649007853666
11.236856617034856
3.13792614565574
12.22826939247952
4.731867768482056
10.708560471765214
5.046547554313954
14.54894357108276
2.7070448436407593
7.83330760158687
11.048802654553423
8.33652959171356
8.995804088619353
8.656953644867857
7.944615971696502
9.274681994009647
19.78548496631689
12.922287720720584
9.418095587220616
1.8208505629649872
7.619386955345191
2.9084502789129485
22.690776295681545
3.1107325728056394
6.547962494073413
6.0836170435468615
10.617419999433364
16.43343118567418
10.29343456131772
13.701599509893864
6.036771973096928
7.499990776458805
16.43668556698139
18.2123011952326
7.9620114887502424
3.2565430402235256
15.556780954907
3.864500000295177
3.9334593754111626
23.867377270163864
12.290323348627116
11.54638892088634
7.1796728195201585
13.208764492784073
13.88747030930905
10.579175470346144
12.1571615826688
5.789256956907196
5.062195340575136
7.062858722634558
8.180326330497504
4.813905663259595
4.322796187111203
6.344450242430212
18.34810153282769
13.941482440914864
1.7741224585169992
9.037752599725922
15.78031725886974
2.346346345163269
9.964518194937039
9.26722236356093
7.025801794176308
10.40446514526956
3.790014037460763
18.685727243490863
17.192306658392297
7.111703425210221
14.471910165811392
2.4284562903848324
2.058084559587677
12.23510887953846
12.03044862423674
5.590430705031924
2.003771739628077
13.360782995476942
3.744523881681204
4.668496147437541
8.741986085755583
2.0202760406027642
10.098788354193589
7.975395879126219
11.03202489013444
8.495355405994465
14.362925634809573
8.939343459742457
6.82571279280594
8.839847239330302
5.109021444907334
7.199045884194234
3.9937738867883352
4.319812222124829
9.815871091658167
11.476424459632833
13.521905467132
15.031904832934025
5.352302317027222
10.007159929403397
6.22904417718501
13.389807761704022
20.734564785936115
1.8692731646517162
11.278959874912738
2.6305190121969857
4.520513203577767
5.259791988333464
2.5938862713980626
15.521028533755567
9.215078178734004
13.490333412469143
9.04874340539826
5.566233480638989
10.046324614014628
10.533573099860579
7.143469211006211
7.507539770783142
4.277717547031726
4.305654098848559
12.401326825045235
1.2205449724873436
4.047683348527119
2.570106249243602
10.573234402648934
7.17694865132243
5.662944610109117
4.471360198489559
9.088734817765593
9.61951993711931
3.9502232860944617
8.292589077442257
5.040600486373761
1.7542061742321065
2.0311360784344306
6.839547437046251
15.960830280102668
10.854727309397232
7.826868237685808
5.116471165429011
15.171608786114824
14.83052073097988
15.026335615046822
4.399356388015471
7.78354511320614
10.559272657398571
5.929665235796882
8.749621007488631
7.41973892195705
3.3918917149992946
9.47216565618656
10.021609093123036
15.883620576124663
6.564714861472072
4.577675018776291
9.677938154013356
15.306257468591353
19.64278108987559
8.144138878100055
10.135630338838633
4.498974694496417
3.6073528019602663
7.574114139655348
12.836829192834758
9.742146110738236
1.3480888766558303
6.328011399340354
8.960441230123333
14.404129053486795
13.122938482999153
7.9039892805662095
6.978766478866398
2.9143746889882545
12.50540895256228
2.1684467791814868
3.5808127167643677
6.821741263764749
7.272044520698798
6.2128585458470695
5.76582191073403
6.222152625333332
6.155037999105964
2.973919383197727
7.607826288643542
8.38509323361313
8.738539135257346
5.429362382816498
7.6782697259072945
9.773353334929508
8.809698770423825
3.332998161807965
7.949020973185437
11.372852393815888
6.264548678756872
11.13356914390295
7.506618954275749
9.5961466217573
10.236625583050522
13.338194680314865
5.079449987039206
3.128378186456898
3.4485245739437134
8.246373236496211
1.3062650564997258
13.552855920790652
2.3428947786632306
7.551322911147532
5.814314543775523
4.784085433546411
2.766606752714344
8.628048500869362
4.951635289817265
9.366068033980609
10.442770648140346
9.153052866993736
11.802594522261654
7.053576070120436
3.2259046669376965
3.332866574411853
4.871502268880006
2.057447580165368
11.098821644362928
4.304957895157591
8.0885747232726
12.217954790407529
5.107414881055455
3.6134258962425876
5.368977620017323
6.519052819096565
12.646307202954073
18.09884736929317
8.915766263502215
3.1752691407911495
6.640894220368807
6.6836682899580095
7.142583801582065
10.215634025419615
7.260041920100521
10.50445009376333
9.564327298529214
5.789058062244581
19.558434071895213
4.247887422668222
8.372171900703988
3.9603042941536706
5.295931161834168
11.135170935452047
7.20179261197332
5.630759996048269
7.394312873000444
9.520551555581234
8.856986522641996
5.143520386289296
1.8739839035201213
2.0232851407212875
5.983975659465971
8.882404505343084
5.335333232915741
7.063086147728173
7.69404603133051
9.646422812791863
5.369291915429572
2.8319161319638493
3.97684550068492
14.337125204004836
2.7627508252855204
4.272583275470542
0.5511141734265915
4.196937862232416
9.805825986491147
10.007831633169143
6.650340626703647
0.9905744550325318
6.17675527693124
4.037415116854108
8.946785595710248
6.220768083026056
1.9798103498123094
4.33091874113362
11.9270536366346
1.3152725421649891
3.5998183009453326
2.9207429901447224
6.863543230983039
8.38290054203287
1.189693923324127
6.296789003869342
2.491188232460002
3.8238183397345726
11.830198085514642
7.3712497206336955
14.117530233819876
0.7871624508729365
5.409747788847698
3.6818497530559435
12.857331529225721
6.8641425281123425
13.994678184553429
5.960318314690665
9.275451620401252
8.451448084620289
3.130196789797006
1.5182362660696613
3.3244177894067466
1.2242701676553145
3.5255168424123995
8.081008923642228
6.395376891581006
10.424651360099455
0.6717966832010156
7.331580491267869
12.837762518112019
10.44685887018294
2.650309959298493
7.604039075995412
10.479775426181051
2.133790729300524
16.257560629447504
8.731434329528872
8.251902642371562
3.890535963682297
2.6963868965191735
1.0232471959424032
6.365558032564136
8.186253983158288
2.3462247222381376
11.58168339073351
10.823463467650692
7.253788929291884
3.2964791801458126
2.5367904955535567
2.0270593168714344
7.902210976096758
5.525871766057467
6.352195859620627
6.513988602500568
3.9805757016360084
3.419182472972809
1.6063602208461372
8.939048639954885
1.6971806312167306
