201.4821
85.67674323034623
34.21994967409678
84.64033009151068
117.4900963145113
83.89525603417661
206.4937586246108
227.75706565644222
338.30282287958994
916.9963818430932
227.0163157779629
193.8265021487921
144.8842549018335
188.12331712925337
84.3251622861566
87.23596845547364
92.19809478901588
422.29061954282247
819.323082266844
165.04774743618248
151.14028542675103
121.20457489389224
120.76347422069408
94.20840319670253
92.32029047286396
100.32244320764305
186.4347973623912
294.1987648413755
60.97774283185051
20.930196471600677
126.03520679004035
291.11730892773
28.206205824719667
209.54711211700896
205.37038470413532
99.79311978253624
186.87622360236
146.42071444200397
163.687513112755
308.6122182655719
218.17449718864822
123.40741465107999
431.6378618566748
192.17792867071333
94.45386611872087
205.6907635006785
219.0568028493881
179.68929270318557
146.5385164942428
239.7781426207787
443.75238346193913
139.77394551995368
163.24922151915143
225.9940203791961
427.4414757919233
226.54797216879672
216.632719693844
237.3954777072575
103.1447193798098
267.58536087998476
167.78540795890606
196.78693238426533
40.42411042903757
59.65064037732875
119.58933646390784
55.0071342912691
165.84804184222972
189.14731312283934
130.97267360431337
300.53144915784355
53.106114978681184
10.18051690629295
289.5075544768109
124.80503235075811
212.92329456082206
73.71513672552533
218.33466175034604
83.26549969539327
113.96350436090499
150.3929207285168
91.76240438010994
189.51537073440971
205.50521660157798
100.99413783809834
186.5095550551811
151.00815693682168
156.16157434875407
191.92867334717565
179.4326908583194
133.06108314351775
31.344087719992608
15.489984869044983
179.37153582359633
120.06574259882905
57.1867805323503
60.61710603691191
163.65415115365371
81.85801817918338
133.14350410631963
72.46863040706558
165.23007937717853
143.71403104241296
77.85572646213772
145.2891907396987
70.36759569225089
255.98276323551352
110.91171557093989
189.09768513585553
126.74163763788533
168.0360844786383
100.45751668731606
95.41704180072318
94.06457616786285
74.31318335109816
7.945092596171072
44.44536523848565
39.63049005712817
96.8957550890278
62.51120675188547
114.88374922396616
56.71391643245917
94.26135614241537
68.87733349145337
42.76572165990404
44.27622922576941
178.54619820812465
121.65521673339867
140.56638748773295
78.98279526429582
47.58280066090311
47.779950700624774
58.68885225279606
63.452286152987725
72.67089615956968
63.44927015467818
84.96234421352548
87.25475223926242
61.84347354249018
102.92138202744691
22.68712070825071
106.39993113474021
78.22721845375555
81.53504665810509
29.061249883810685
25.848813136419157
83.08867482009364
8.835445009796153
36.23239580690349
26.47361008480388
63.042984194826374
84.41087752044999
59.27479307205684
21.425013404289157
65.02445704873809
61.8193205168412
35.71812429627515
38.33526168901137
43.756794309042874
61.82293324494539
58.03948214082996
22.12411530287287
29.721749087406106
73.66087786704635
67.08191371479091
29.66989730986541
64.1546163937195
48.90397322852564
48.792779903984034
35.10197087281895
33.84960428116219
2.43912273302843
18.376907161949315
11.216117552315847
57.84374963887752
7.319184190440821
88.83962984605165
33.14777102786817
55.58258040732817
99.82005341380953
10.539907942915129
36.23128758788348
54.2734160839156
17.215691241769182
30.644158489326085
20.278762467012005
65.25725363988643
52.935455531250724
39.0250745282484
38.54592354739392
43.36064588809311
32.917928545929485
58.08210709028696
20.4851947411741
78.45219716659663
44.68301681593333
52.20280113912944
72.21945797338387
25.420508512230022
23.4499006418996
57.28120341707353
133.9959284461798
9.325258675597835
56.92712062704741
26.699216543449452
67.28209456714114
37.92864445377742
56.60848305388898
52.214978059995246
45.122923800474744
14.590541505796471
35.87584016232091
40.34623286998801
21.86693725490596
48.01785497103596
41.94565392297941
42.15214369598063
63.2486921844376
62.78754929776178
44.41027329220097
21.8409856616987
54.069780016125115
31.65524644169933
46.79420399916279
27.40843341425707
16.70597624695037
32.44654468191282
6.679018753278224
28.209483716560868
33.08167223181525
14.75403466509932
20.589918000818393
13.136861657543454
41.375114660112544
26.274234448320264
27.98486990145212
17.844743492888156
21.738031419007694
22.400954870211475
14.496058486481196
19.85137634586895
11.094256777412593
32.3383189143428
31.486635182730286
31.790820390851493
18.216566279140075
14.771845270435817
18.813987180881778
54.00492401709834
16.95530091444913
9.3786300532794
33.22029463249206
21.000681004075467
23.49013543699584
29.9700161623432
13.66419517522756
32.7949231615569
36.513433476693365
29.34980471878828
11.57209034789562
28.911668152541534
11.89924021445666
12.097822294412609
33.205961640414614
15.239299165312916
17.922406774092536
29.435141278859078
17.20184548926831
26.913730513697768
28.356366519194832
21.219357720853708
8.092821337321839
34.671602999534194
35.97443081208338
17.713561595127434
11.377519877758978
33.27979981492714
28.801985298356563
33.683691820382805
26.92372092382383
9.406676815831961
7.604269730522935
11.657657393192682
24.173919087183187
32.16839212452651
27.711932862689626
15.949536548558365
36.628898902079165
33.25434604062405
5.122911744837011
20.697820051675347
21.09111219031331
0.0853827168356503
7.962277631872185
10.879846397244316
19.203556765347027
25.947956265987628
16.581279351842973
56.75153154965875
25.495441522357506
25.956430110451006
38.887602876558965
6.108001917724242
13.59306015590942
25.844642664088752
4.309051593279388
18.044865643394353
37.68103645465244
24.184718743380017
35.29082281098291
13.667196374736463
16.701164887847373
18.55763968937391
9.233445658806616
32.3739765249596
6.6629589154755315
6.843183466047865
37.130856358518045
32.928855061886935
13.928312922993326
8.647008103447302
23.197121318248907
15.195763710019415
37.831986814413064
9.491803288815062
30.25131501680648
19.683443225073827
15.519449946803416
25.4441577982902
15.535555407472508
6.4371323541711005
12.836969686569292
14.362621151245612
27.489651148867026
40.231847689602596
10.02597135869596
7.218110323625562
31.511345158831737
25.243430312206524
15.10133901512316
25.268756014944245
26.719388796272614
12.321820077893719
32.13269705959568
19.719928726603513
13.188451158072068
14.157403953636768
20.995351414508978
22.285359219276042
22.99545660983006
9.11497885294052
23.547585228658082
17.87150353297738
29.012628869864457
26.571188570599933
2.7813976577969255
13.329387244640682
16.72442092716795
39.59707529381759
32.20661854304823
18.685503759193004
26.995744562039004
24.389670590836733
4.0576026000049055
1.3183847702451064
13.55351083937418
28.60724837186867
23.50538066209251
10.125015533463857
17.059203708510747
13.257004900765702
11.189925369067916
25.44552352400183
25.673949274806702
6.417993238127692
20.522142834781544
32.80468266894388
19.724891750407195
17.538013723564124
4.593327779292293
12.76990330562773
29.688034190450548
13.427720398287303
12.823486134385846
13.017325377388826
9.691226992034945
5.482827142596572
12.215183538540888
15.475319325852077
17.481254903373536
16.50775426682057
16.527517035527897
24.610530698310907
28.590723801700733
22.158512672064965
16.160205465618564
9.164340979347397
32.3414612779842
10.259991212915837
6.730924811781422
30.232008785843057
19.309908363065407
17.08843551397639
26.724634317354823
41.173361109611314
11.538300525697572
17.55211821117856
3.8967918915568496
12.916400578299875
8.527622372101218
17.368668256052445
10.276320308725396
32.878802081855305
14.475987763839367
5.941151351262058
14.453586925595163
36.73995794226863
13.171328925890078
34.70934758663362
15.543106488230848
29.264930725024293
12.264019647666547
12.511907551251877
8.435570809860112
7.7671602577374586
7.14240930877197
11.180974758360453
20.517535593672086
25.454276974471767
18.54438643220292
8.228576356005108
24.407552903605158
9.219213163044351
7.829880411832962
19.92986568810336
11.200095384307375
30.452497387362875
15.558404988858548
14.880424316991006
9.665246961332347
16.263579979282053
22.327390761650914
9.887657317296936
15.63551258791064
17.524626721350682
30.921472129781552
3.5504744741570633
16.417338233815872
21.339422208407697
23.704387038645333
23.73873564239233
44.0021113422125
31.334148576677727
11.884329032909811
16.049118232742728
31.354604826350137
29.30920954769362
5.319634748713651
14.77258868873188
12.906131059424323
16.07141008820447
9.574005088391681
9.113429193968768
11.906406217377326
10.879450406721057
7.901434436876333
14.904542440677124
16.142557591644024
5.846511445818058
19.190740062081602
11.372770080712336
10.23321575005818
21.079896764902404
16.707255971429987
13.50729932857516
12.708105274975587
28.468906227554353
7.849496950403785
2.156807771794328
12.559928150565048
3.35680206993713
1.8665290220121025
10.438288100556557
4.860015819513685
10.850599237375869
28.672167544892403
8.075638554614653
12.816279452949196
16.892941090598043
9.8286710707794
19.86014454872901
26.607047045326706
21.407979646831205
7.920706497360214
27.772610108666957
19.488824219779325
11.610847283612571
11.376158456190453
14.259633426036263
9.41869872264919
15.498302110182681
17.038053169878857
8.61475454189555
12.260914984052791
10.452134769814714
6.787137414055763
9.71582285744687
4.513618650773695
12.894698574776779
15.648540815020404
16.9024174856367
2.1379173526661
13.496030336186664
9.555704049826778
1.1488530866365525
9.360354597083191
3.9445603443625092
0.32825264824148104
7.528915648422364
7.4763767837796316
10.484322989298846
11.82806857098279
10.301397076298743
17.451100219335686
13.665295585026183
3.454823629111888
5.465603030074613
17.81958564668287
6.763234469610997
10.003546581538648
3.7873953570668
5.012046144928016
19.150559381676725
24.774903489755605
8.386212228367588
19.192469816828325
9.304147004980496
22.38646134855254
14.533732440987707
16.803572337706285
10.308109635861213
20.60673355527697
9.095299346524797
6.6322790926318245
6.492972723149369
10.277103030145117
15.36794123552509
19.396554256887015
13.474153565344906
9.153342285268836
1.4389793005843399
6.980521923649349
3.6875645885662025
25.499610324253485
10.620564017537836
17.21049152876324
6.047032721269364
19.714492112055442
14.081168803495943
3.6219777116041767
7.237541999858808
6.2073277421870845
12.184614489746094
9.316333859433598
18.399628278958144
14.640500665636727
14.844637634593392
9.333971061958847
5.507569899787888
5.285065666223688
10.195391002596132
11.501416976524332
19.288009260215006
8.519967383482166
6.2879786336518935
10.795018471891277
22.75531337172691
4.295903348574441
5.294206075335114
12.828992521252847
16.03510486440655
13.634300123455395
8.983025469252192
6.587389129747584
23.377370457980096
17.076610991503774
15.941106113299758
16.124870085465837
4.272496256023626
28.279186937266584
16.586540877470025
12.39510916476112
18.35518550860943
4.520138910621574
11.763641810069133
19.00714657480595
15.545163298152904
4.374897548893194
8.82435975168426
5.7511410771528855
9.129972977995028
11.679160972127345
12.41368129893389
16.58527917887971
9.340341065376828
27.888672208552084
19.68700020858561
9.815257875637915
4.034459715553687
6.2825838414693616
28.039577435974955
12.24882200577685
5.94265443956596
21.593176224025953
35.09907464454002
8.381569907251269
17.17661435582936
30.9393365992285
5.437833037561365
5.920405350258812
6.328310620214426
23.62591700627308
8.955059772767454
12.637666574326966
17.25051989324001
15.54221429817817
30.089729295876506
9.226747700422333
5.3474252662304504
21.431885283391576
3.361435132226038
21.260275597906798
1.4776232626902115
11.727983024128413
17.783537717436058
20.319898581343697
7.061708553768361
7.062401048061518
13.945867192080325
12.13289316549231
6.507691270419954
8.923948565831843
19.69736344785077
3.020102132952474
18.26469382604186
9.821693646112578
7.781862272775807
4.104134610322803
7.963564111133123
13.99846744632793
16.992420663622593
30.558988248987497
10.885169596766895
8.875629393391213
10.416817525183202
5.117032156347392
13.150369837002703
9.802030640180377
19.396114994560534
14.330597141074033
12.956070014360648
9.912241104003332
6.01080658647236
12.86216913074273
5.8434184143293475
16.73254403232209
10.628083836006116
4.867331021030731
5.2343226176420625
4.4301221281377
13.779536686140776
16.083073597974593
8.925087311612305
5.915314322644286
11.276551993690063
10.288263575885273
18.050975010355252
11.405196531145283
8.922412892709575
3.800494968401644
8.499613563619635
7.471060417965244
5.570543313946562
1.2828803065602639
11.40531478390632
12.633379765547103
5.240764610317727
19.588456467329724
13.839960998621098
3.4349000201285063
12.664523404180473
5.387300593977389
2.8810046801707743
15.57152872786338
15.134452121783593
10.319141853452965
7.999480318832134
16.617401882830787
10.782356952872085
14.675938260702477
3.9495062444175293
7.101823987460664
12.551571457964704
4.962330445537057
16.34296162746917
7.317960568936659
16.147448065865426
9.728050264304905
5.537839874338478
5.501696435842422
9.632400314483563
12.025543421698702
19.411571621067875
11.84738490131109
5.2671849455447814
4.181881134703889
12.856711671854736
10.506862715459867
13.887877082908492
1.6646615823714095
8.49539872496676
11.410987574363052
1.1996228575003247
9.467992757059577
10.84933024587208
6.332836692998815
9.320883523152133
11.785518120309018
18.455063062947527
7.191315076167763
3.338387240095252
11.28035656110245
8.261579236098177
6.427931978299501
10.061602583072487
11.435953277375773
7.823399214048227
3.045679001146226
5.839021489811867
6.083547660147739
8.228330690409251
5.426717059946274
7.352786919293682
6.081055363988399
4.354455768415696
1.2089114850765714
5.015400318097323
15.483685912686703
13.165922178414927
8.711171435641033
14.761529701806207
13.278122908996798
9.199141056642539
4.312432319622744
8.928050101301304
6.38295618494672
11.105212899192534
4.587180486061517
11.456546732085215
17.62739703834876
4.61228053115614
10.626355842459585
4.3675363230003645
14.577497754611302
2.0068651525768195
8.22911201728971
3.392048730109854
1.6557181488575947
6.598225422733247
16.218560191992946
8.951945099576895
8.595964468965933
2.001969203974988
6.416114193717591
10.902071395080315
4.402665098234385
2.316505395970777
2.9432364851429655
6.557872858028575
8.164000812766869
8.050684058898721
7.340884314456312
2.4263870319953424
7.7791414152091445
2.059327623601662
18.418831767430586
2.8933930780219006
5.568322952425787
4.958763062490199
6.433551249879754
6.63282802060416
14.311089045110588
12.803124354825583
7.099834083666617
5.937118402422296
12.587482643294466
4.263440066308573
1.5371882040489564
8.119617398941399
13.959894345195925
7.5448655736655335
5.505547128465169
11.967486914811108
9.646051216643023
4.489053433523685
1.954154942290039
1.7727488335962878
3.7533746209877976
5.230391618963922
6.063740788204849
7.297821362554022
6.169271093423911
1.3837718490816764
5.902887459548396
1.676818669992474
5.1010381273650625
11.071746700585583
14.123894804459491
8.611731266251553
8.750639581871654
4.913646695630985
5.712562640503374
7.232279930661188
9.019197810482785
6.650004771033766
9.878969567502539
7.891785900406698
8.786999444319337
2.209704590243737
9.952966462911213
7.135133811159559
7.803435809959761
2.933669170467755
2.0695276075228337
4.838927792533945
6.933609018776069
5.375198074381401
6.436918231380455
14.5333068182228
4.394847855862956
2.111609539591085
4.362159998834182
3.568356507745924
8.077608117736771
8.739584202088007
7.838537407016136
4.602344288515127
4.184304898964032
7.84517553333875
12.419990289865028
7.060875337509752
2.054377787633872
8.075300997315825
8.322914910111004
2.9698650473801043
9.392716063891697
10.861972522686424
4.693614871450536
8.38495299394148
7.418751318050207
1.9382383004660717
7.394640812304094
8.211036117911139
7.119747849819619
6.655609908936974
3.65247750727881
2.4687945748416267
8.089671540209078
5.511578008785571
9.451415748444232
2.879988165989479
10.29769594908675
3.374394703032256
3.273506701938716
9.671261763718963
9.133938568485124
2.8037144811963746
6.618978791732699
4.995315543918552
9.19451307151234
8.081154381167101
3.6443788537544366
5.690762753342157
6.874117218340453
6.645643992843051
8.205927767455776
2.102688453181802
3.134520753614802
8.426320972399203
2.2285917355247182
5.904041755119912
7.095758700429228
6.61706920794634
5.9342238031345484
1.1865184672308955
9.658257818921813
9.130265345112345
7.591655102286608
5.248097791940838
8.125017413067111
11.36643704013837
9.651122601338438
7.165494234116717
3.863548055116512
5.124835377697611
5.588424555566915
8.377398387161826
10.275927237242206
6.850963719661179
9.594243467500563
2.296374443580412
4.643396068818256
1.198416216317662
4.964539361080114
5.889752863480861
1.2726619177585157
9.818067156869791
5.957006002732142
8.824582811872817
3.519728539015945
4.672379516745178
10.437645199417815
8.233657527514714
2.3852081055876018
8.336554674750836
4.4578913084047675
3.7899931904651245
2.588370936541416
1.6628150621133702
6.987744334157213
7.115338153469041
11.081161621677204
11.378755343606782
5.587414699526189
9.299195541232196
14.834359995398112
8.037819355843032
3.3941788936209
13.342480446237492
8.485081320170801
9.46472610020471
6.725001117010918
3.4963565017042963
9.87712622516234
6.652939616146685
2.73773835765823
7.47168476773944
3.6718329473176894
8.34603019742739
6.924234706872275
2.7415268777317086
9.317257782702365
6.887757461020008
6.270604527308175
1.9242346365225913
2.7540822755263843
6.679165690667591
5.636476483972983
1.1307352992738853
5.550657275532309
5.215605188304236
2.834970816167995
2.2416979160186963
3.253067784787855
6.871695862390654
2.1235987865604695
3.6889661322513883
4.404944075979812
6.4928731105117405
4.2327608925811155
2.7619753758301977
6.075542612130746
9.395092001018261
1.9335391844916765
9.303271076073381
12.775406018795238
4.917128230000728
11.245944648289695
5.659771323190034
3.833473723808407
6.413911530049406
3.9506867298885373
6.473024600348131
2.5456724701202633
5.885256505337392
8.551675126460527
7.315480311649543
4.068164547131614
1.491399256011711
11.430202776139499
4.534944232662654
5.767150452847318
8.131142194496798
10.414601994833914
4.768385423788264
6.937797059896956
5.220075413080996
9.241402050431907
1.1191593524931578
3.1778795627398058
12.393053691344926
232.25100000000003
35.71058408518184
39.35649733201278
58.91551001652913
74.91522534766182
28.21534515519979
18.24863815675556
47.53432255979458
93.79092871542723
19.10360041699011
176.7220395883189
18.1317554742489
104.20934078838033
180.6635723128751
91.78942931777104
10.88529712487333
131.48351433827855
48.88662968132239
68.68512748038046
24.195456582778277
92.00906795830151
102.09355694715454
228.67780003096635
247.05142334764014
220.79520033872507
150.83622591149307
219.44473325884303
221.8026971289554
225.59900775725495
63.950523796231685
194.2528532330109
15.02093376630246
174.230923601952
163.98045514606997
84.82718020563757
459.19093312275356
36.28149339183326
196.1133155058452
264.82217860487737
173.9099622840781
325.44343314158226
317.5852068338432
281.83958488917284
43.20540220042695
184.9769616361222
145.66310869675678
202.36371052191373
440.0014792505014
266.80079613372914
33.855956843259754
259.86818626622227
205.833747990991
247.70075544657706
328.9115362614064
254.16292651004784
69.44140788024853
199.9508919284078
364.1630605908594
322.1985869353784
329.9422129318528
114.71016156517139
13.854200367555384
251.07306627319585
54.7579494803171
154.33954756433107
34.41916728306438
147.34299072891721
70.32824895938039
129.9909198228276
200.53086973851802
257.5919097349145
143.38146446520028
88.21120638034878
150.6050332158265
92.85775334572163
123.84726981730871
153.85794201703342
15.969366739583691
215.08549262491775
100.78270882130407
266.7832265688989
102.79989892954227
24.6749728514974
328.3160610777975
88.77414458443461
24.717025867647386
162.03496945952904
78.808402386099
129.06650659202688
105.72910969107431
46.57455988056433
91.37270742355915
65.16610199811701
102.44087508587786
74.73993613385832
39.21452804416066
218.01857814946294
105.40919795092357
216.21961550809232
108.11132406166743
332.6590128682142
77.12149609446283
21.20203481006731
62.03535517272883
82.11654364637049
79.43651398201808
157.5217461657045
29.596450520264746
127.32602829864703
75.15847122538302
154.1663996978762
55.61482285183394
33.897497960112425
110.57645628458563
111.6108148699324
146.80377297628092
55.238363492113926
89.16234616986684
106.61232774245211
32.510676927017656
102.29534667894059
69.74672522935874
102.86459907016842
35.464892189644694
33.711736503780635
48.32686879941488
115.91648659874353
82.31045842036703
93.11615551700287
81.88203851478302
25.313432869519698
30.983565082770593
28.049412459640315
42.256038751918034
35.902947833156425
27.369852034248343
23.00738393035661
45.73316724090092
12.688299468465214
65.70159990567997
31.057961164873767
48.13482628654642
65.19781860653968
37.26604647982041
19.241217515333073
77.16490181345536
49.76475149818253
49.88215784593274
105.03574252538088
31.418127646313312
63.40640354067331
36.41494221530225
59.148283105768726
33.48089449316556
51.15488260776701
37.15457067350498
39.34819223661744
42.50321869254289
70.8076386132321
58.02694032727899
7.84114694705461
68.35658488745524
37.965170203668215
36.506485781607765
87.74446506358804
4.773389986933666
57.01945934763139
28.462178748432425
10.856029379189817
26.412210129540654
12.430657555934205
47.511677894128304
42.86157300950819
74.20116394158558
59.90490407711613
44.87964721717101
69.73385238117606
10.81741963979591
13.301026412113655
79.13893710793023
48.31964077845849
47.406942847965375
32.932871565547906
12.703668720215491
15.383921728155569
31.347789768814447
43.902503692444185
10.716900049899753
29.500793179240382
60.43879376729076
10.5046050802978
26.0910743354529
17.681162465868667
33.19105622008939
8.432323552689994
28.14439810493107
42.292067830889856
24.752473928050904
40.10366943027939
13.515591009280103
79.65930286796491
42.53855069408948
45.01938102608998
12.977394228887043
17.654097302526285
8.010566810773037
26.232238064436828
39.2298200583458
36.28356076539236
9.32450273981421
44.21822670342295
2.989259510266559
35.053112267424005
46.45881216442323
21.074114776852657
10.076609527368653
20.850977833565057
2.593209434257247
19.4731804541727
22.747026873341078
60.02512901391722
9.793666216432692
15.163596729548555
65.52793070783945
14.121298723196784
21.550602386634623
12.037272127808091
15.968574403982387
75.30745270458017
21.03754100231428
45.845750277713094
35.474070826100345
12.6405319057646
15.708989257969824
20.77584251440788
5.379615578613988
39.51065081708076
15.667664708214257
15.787562569596806
20.11906716598949
27.708033263286538
12.710182766082905
1.9247802331696133
22.056696036836097
32.09128988014629
49.92348186858218
34.00951334419854
22.401504046996987
49.86639865246208
7.894949798549925
28.746478007236597
25.36196658724879
31.418641151783397
20.622492039321212
24.489783264423476
14.921075564618194
19.15552018797181
16.285038819828806
32.38121565345764
12.57511191973192
27.106706872517567
11.305298532669292
15.063057839765523
28.218859168880577
30.062751218620207
19.179966451337044
19.358327003860722
2.011871966428856
18.841140557571375
12.925236776670978
23.877810943530303
50.12918738011251
14.792842170519949
18.21676482735075
32.37392777046914
25.170629400754578
26.876842782695345
41.34406470941186
13.976891977287346
26.89499685139467
11.284977096544603
14.300141763379118
6.429450287184067
30.593526830991532
10.526398113163225
35.78945721004755
23.306526540293827
32.09182159750602
26.441670530267455
12.465897768200195
48.98991216569416
16.712972517376514
15.042584894435437
11.363460135488221
8.343153223492774
30.972652604949364
3.0753774455104823
30.52753203272099
45.2981841854784
24.45356336793312
35.27765445543209
7.734202971330241
18.121384847967644
23.965670905685986
12.924815622175096
11.630896836242117
43.96648674981345
21.285942790546283
46.15278646401067
19.769474864945394
38.716959305143966
23.13943553415471
6.104122006586614
43.39976851305843
15.069986617951667
58.41813593160575
28.062159947025336
10.069339997058655
45.32179507096181
51.53916117027622
7.652238673028921
4.31020050231399
8.170498554773753
26.594468190914117
31.309294850390184
14.848719369082412
20.565261671888422
3.3766718299999967
22.751929325580743
8.904212772560443
24.17052731718244
23.318840308908474
13.247564750405932
25.891091987253745
13.71185527216236
19.082143226058044
36.25194993097149
7.650981861841511
43.10439342308983
54.50649876713808
26.229426608187005
26.86881089333493
4.846538379542546
15.088113998325989
23.426860544750145
9.046003104250287
35.704737082871745
4.681244995727983
32.61366972993212
26.01244133893849
34.44895908448989
39.4548710430509
15.223401695996364
26.218723161348684
21.690919281158266
20.00952080481369
13.969750713961366
52.61318795599414
33.16809985403755
28.04551074743223
16.849083886364404
24.101593489761214
14.687324048184813
4.464245352332008
20.43380714467677
17.464572646171117
40.75661312576971
15.176343120813918
20.695900974652574
19.382925589850736
26.579041190014387
30.313590207685728
13.466573896022634
16.977745570063373
39.5707272673977
2.606004440234521
32.79724350224909
25.788860625559813
26.92426156420584
11.188852528245206
10.20795214072089
58.25292321748029
30.568417996983477
30.626046246315504
26.69032583383444
16.973085648617673
24.94867262196874
9.260456010011726
13.839088472232996
13.369378059305365
27.667756081797314
14.007676720233757
18.127239670741467
14.032092552787459
21.72816968690355
40.52248228216064
15.897354675417361
13.150509755070596
12.126143617311124
12.918724782001329
9.765182589396867
16.143033310281407
17.580387186980595
0.89275451283764
9.906717581003296
22.434397194421457
13.861539707695098
7.614265079559192
11.573168581835713
5.84180465272542
10.699410599300352
30.833029660804318
11.52730356117795
21.173917163732284
28.441995709208108
20.546099857633457
13.801426601265131
32.28616662163828
18.59523695288
21.320624734698946
28.173180791755104
23.61723829011829
29.37594805824792
13.263047424018874
5.8982578568283754
28.48120537126783
6.170900230456523
5.230565976415824
18.488802269760836
19.086555170036714
13.518148786409322
4.190411129341504
9.173371843769353
19.70349855604346
41.05431433589018
39.73087367469716
12.461014482386322
18.244249550656523
19.043335842852407
26.705129282434086
8.395403802167925
9.45028251877476
11.943064677825681
18.133398806367595
28.17918942681783
12.761977638029022
13.859588118675832
30.95212567219682
20.174241700456896
33.74485086090535
33.27644354577162
17.266674170905475
25.425097086587623
4.212074114123483
19.859076151292488
12.827129456448999
11.451882127301479
7.38396911622946
2.6542409542550454
21.11720750620462
8.390440644378447
22.01170217131721
33.39362727505259
21.304303953413037
10.715210270697675
18.636396918656637
19.640308415287432
27.951676047778037
11.88488346857402
17.403842250438363
12.877314013320978
7.5216079790718124
11.419496603801072
19.269151710051602
22.87932022648366
18.76491539316186
14.275901898626469
24.0562450776116
22.455457858907945
35.22602173406288
14.160528221563672
6.967735224518458
18.819923860434976
28.08965291619405
33.096895587485506
16.747938220694174
9.943069201016772
2.7146429021838627
30.5346128022254
17.197549191752472
18.118314075230185
9.434828221141181
22.81330120756909
13.092149291164446
5.760952495616527
13.537784163396225
14.56200885349795
8.608022862226582
10.019169560946088
17.89845797479405
6.195008363080331
6.198901728791797
17.90094698079666
21.912634631671388
12.933513239901245
18.832734087316172
10.804994439133827
13.04586363732579
8.651329375532312
12.649659463640644
19.580837408933366
21.217192175104024
16.564222034830497
8.616114511802504
25.106099754045307
26.069243270681554
22.063190674717116
17.706327508636058
5.358537592524107
15.865308341552
13.424733992377194
2.212787385226023
1.5548651757600063
7.952882959396431
7.860332474664218
6.67161816232728
7.873620153797167
15.949698045639316
20.956721089211676
2.592166975603864
20.292579764455112
24.688332963585935
15.34775534632
6.059655549131468
16.576859133945778
9.063160884048553
8.965095774095225
12.24784170882649
18.489076285936576
25.566116441530124
21.516675126674237
16.904514594259805
17.85881338942834
10.094209329547104
4.275807242186343
21.259365247351536
7.682387983616658
16.528654106268142
19.511844398487007
9.828295178065419
16.078783302836143
17.38241895859699
13.741531109766784
9.87203750043016
24.04349164528711
17.813889296803428
20.30503069646579
19.68104569459046
9.990456734197162
10.04515642114077
9.868982751640308
11.82403262606853
16.454367618947522
14.604703489571136
2.842286453859071
30.57198549122399
18.23061091798753
13.223187849008728
14.902696414323861
25.333730545796914
13.863518430824769
14.178763778759162
18.43783691662192
31.006978014115397
10.539502398289766
13.339218222709476
3.524164913964245
2.1886195908980195
6.531494103700648
12.42321877534818
7.383805728767457
19.328805856277786
10.40232978007642
13.314233772088524
3.0690189031484336
15.719307473428838
19.935784958690792
11.26667328302156
14.046477407566034
24.158237845157913
22.393133253453904
14.326129072440603
21.07698050844797
24.462522629300928
28.79841901179271
1.835070149710922
16.531391670537936
21.020654033183536
3.2190147214328433
19.07979960722947
37.25628432156034
28.355673134094225
9.361320123938548
12.590978470226785
19.435551554496143
13.969842646760505
19.67356229315415
16.510233967232914
13.781740863061831
16.7419346601273
12.51516767521275
16.380582718809045
13.342353548167551
15.493836178783123
15.309557540637982
22.5042859242557
9.080632055119189
12.132357841290588
25.142464992712718
5.403351409847054
7.84081481688334
3.30902800243333
4.200512348526791
4.378639366543638
22.72002869654159
10.085471411584995
16.941143620952488
10.070894653576133
15.94829229059524
12.519537670397472
11.583137536631902
7.832079977758461
16.158871032505
2.720397027618113
15.619000038405277
9.762890516977055
20.437932098862817
21.622470817853454
2.6460109902709372
11.262306048534922
9.495198494687516
25.85952878864295
14.01475713375839
12.388494173757099
3.940659352279326
13.279786213978397
22.466128900439273
12.143827812865588
12.321130343372893
2.937220723196291
27.238152573744834
7.924785640491105
14.214683904549748
9.250970462675989
4.636334915732615
10.882684450730977
17.722317442694667
15.057695133145515
5.980518796699812
10.119220076438491
23.34572624971816
17.507237766219667
6.610852593837574
8.23686454138732
12.056148625771918
4.132953055786048
13.704887113407068
7.214392785375704
12.943388605117713
2.860055926363753
6.660635547501849
12.641441412923557
5.316460408317229
12.472300930564606
12.202927166498526
7.507531838173821
6.880802554714114
20.16223078996345
11.527104098021866
9.600336183693242
2.9767167854466154
10.235361632345585
0.6842445375500832
21.479156155994186
4.128611660391474
6.1670811745600735
6.364543113025155
10.97524631457285
15.905037431144923
8.703858818697118
15.779210863109146
7.8603716954666
9.554046600524321
19.504646977897732
14.974612515572343
6.203182405465451
4.937601042155782
12.4956329351708
7.518249691372158
5.300149103418302
24.702547887191464
14.731683625638679
11.587051398333289
6.229678443169183
9.864397329335135
11.19575911936238
9.507046435912159
9.000980028706413
8.675343177893984
6.195309575501728
8.87120847823647
8.505861072344928
3.5776014980920725
5.351609072522674
6.202083932141101
19.02203168889052
13.256758085169071
2.787893377279108
9.509263863534569
14.322790254559738
3.8540286911431396
8.939109714435174
7.37321007361479
6.535359119820844
10.959415971754177
3.7176740000420185
20.930607310593274
15.001891140578884
4.32072935348511
14.580978234919794
3.18805257720729
4.40117437667943
9.907582291233263
10.33675143772536
1.2900871051355194
2.6964691595814054
16.899171236851263
8.04951394079928
2.5621604179211683
10.762049691349276
3.7245503037228764
7.457106437043167
6.0838154679598615
12.162223274686534
7.439510277372084
13.310498619342283
10.486922385856847
9.166563584390275
6.698334129409879
6.243507138173269
3.055846872177777
0.5336967847254076
8.371891307409895
4.9590829212653595
16.028368084458826
15.368401793022432
14.14462239683341
2.6392990068226823
8.998803973488776
7.967220908656378
14.024682992357631
19.451116137820588
4.37450332184421
9.823382667031026
1.5799623757914991
2.9974701122526337
6.368942525302018
3.479136786745903
16.504391912148094
8.336061676780187
12.377593381241235
8.831684700986335
7.39541041804124
12.407977029210706
11.933354132078641
7.894603913096553
7.929364139156397
0.5247268747667012
8.855443311913659
8.425142390256102
3.090765205005049
6.81941364831351
5.95263564454644
11.519499652925123
10.558509641496203
9.02657234995447
4.528235317424926
4.367019901358088
4.613599212471483
4.3692814015060595
4.0072415461669255
10.4837707469238
3.939118573981047
4.663709095400479
5.178134830218524
16.717323929781465
6.078950015926285
8.811262138959128
3.464043719219623
16.450719506369
10.981575717231859
11.984961640836424
2.2473000520467465
9.092366178792052
8.820676571779305
8.33581478547772
5.548141970074089
4.755953207015571
10.202646305962498
11.009792270813298
5.886467452845995
9.667401497682746
3.244899180951428
8.714816872520299
14.480548824988805
12.546062069648103
17.473623192714445
9.131671276676085
9.687803739747467
5.445728070998347
5.414243465265985
10.713008151049781
9.480376683288592
4.74807354761823
6.357550765147081
5.447272019277508
6.228356975263922
14.295479772468516
11.312376411316897
8.492758649722337
7.5367744054167165
5.147564831282235
12.12610503806715
6.357905141234075
7.153263710147395
3.798097163928019
3.480575296182762
7.150981389951199
10.253338888280044
7.251037589569221
7.863613242061075
5.523628458004965
8.04059483417219
7.838410268618228
10.16394710564019
8.049858470339009
7.906541640166351
13.175665775195757
7.820637602447021
2.192423975685514
9.882752135585196
9.824923492173758
4.7243672235945775
12.19242785850984
6.9134646948633
9.874052995054937
9.391237605441349
12.113239903370939
7.705105155603204
2.740746535523338
3.614764988399573
5.9127257280576435
0.7292129710501938
14.039565268476991
2.4092526970472345
8.947615767936615
3.489710221912781
1.7504916229956633
8.057279853888538
7.819702860354196
11.474797584707776
7.2974585874045585
6.340505432585486
3.2045773218967004
11.384060813583343
6.872625057010857
6.130896963049126
3.7077316494633954
4.718804640225042
1.3178957624136152
9.205193072239103
3.903675521454026
10.246601178133714
8.723223633735449
1.6185805375752331
6.706219550053143
8.010856709650357
4.422299259972624
13.531548387462978
16.739956916744816
10.593871913149856
3.9998443356348234
4.399369713991124
6.877987139305039
7.634969028654854
12.994396162541511
6.269036256987787
13.209551713820575
12.249495090216962
2.7237222152500675
16.62721504910798
4.6231867351308145
8.112431929536681
1.4979718837221603
5.189457995732109
8.83302929296755
6.650529957529227
4.5775880470930215
8.997863424374946
8.645358306368939
6.078133086340846
5.393505920793399
2.2346058583495103
3.407261218141925
3.4199309176112958
10.61292230242846
3.4028264034385662
8.31892019384171
5.35246216969798
8.992550646630486
6.8928853819978775
3.9176107674008063
4.151282843721631
14.477686382252132
2.700233062001115
3.27454149754995
1.2607593145296323
5.7430052103421
9.59331665471182
8.17124429898549
6.561765155985513
2.502700998638779
7.060137937886336
4.134088125435874
8.909648247124599
5.718170490308234
3.7442172728991445
1.7556943938384655
11.40280862314239
3.3565297611512745
7.870733962549916
7.606874412783296
7.861264053754462
4.407833331260355
6.183296296871138
10.722057020092961
5.738649420046003
7.9780733022995785
9.402475132833985
9.500410796208708
12.88121689947349
3.48723053114311
5.428290851994357
3.4941214609568783
14.31696049487471
7.796648093592071
12.911942012141537
5.055616308793984
10.0599021953275
9.357463850706356
4.493643800015016
2.6966425507742002
1.4396506975262036
1.5217021136157731
4.2480909799471664
4.284359863785934
1.8783344153378496
5.0607842536741465
5.581003538445958
6.092281973527088
6.894188855257106
11.626983233666602
5.630426709496895
12.542888332282319
9.235096447429722
2.663020026862071
13.682244572048921
9.842218796506094
8.493864352478829
2.8850185137018034
1.9036161354345138
0.23440398106039717
6.578453952817497
7.904105821979785
2.559866722862425
10.857375805903022
11.123269283974842
5.260373013589686
5.3159774854985695
1.2576711462531545
1.9388261374368974
11.379570447161678
8.546605417992586
4.195398802336517
4.3560422154310725
2.2373642281723884
4.939732477688741
0.9044458701182716
6.618243531991359
2.828418984990066
