203.9939
72.74451016583983
66.7497522602248
74.37069232956064
146.82330001069326
305.4567476290902
360.3573592098326
364.306238284
82.36987968819304
68.3520282924003
125.11597037753359
287.42556206686794
336.4227861991149
657.1846976566371
467.0009220270709
299.183320582534
108.35238346619289
201.78712686296802
76.1596861069836
211.2925234815514
310.8031285908356
353.7049670046943
163.1742393424717
241.311954979729
206.1115765128951
67.06978360566175
211.8845177675783
179.58010355570713
180.50557918051237
197.64290097144652
76.30115712598284
204.64949766588657
221.81854104144958
88.75705232873774
250.81098221593592
143.68309869458042
110.44330222207506
220.4231472330884
251.10084711776778
95.98835693983301
168.16768957673168
90.61552237815282
312.5327721214506
110.76213893949335
34.84600239314647
268.88433945582466
100.62073780495346
125.67667107172133
217.97999287384792
58.51661044111561
263.6398923474696
278.9396896064844
257.52092019702866
193.45225512505093
80.24404861221834
214.00120625107974
165.33435891856826
244.36337350628293
29.171037399632873
237.96876500546114
156.5722078057595
89.86350968415452
94.30731771374066
376.30088790477197
140.7848729531802
239.84726780869408
199.1445246123897
430.9884882930028
156.30121243457577
163.76811945634543
152.36158532263647
200.1764651991213
205.29128144589575
113.29691741849932
178.79871187502948
36.98344822585918
220.0808132177213
54.706999739592206
178.81066651071305
82.50670284662382
70.26965906076921
49.21960898576919
114.39936717165926
139.98898247464828
75.98307066676631
110.04745254191073
243.7049930982895
153.13039987397175
118.33592785059278
208.9498077808097
63.4926878963564
147.137784021647
69.6833126869856
115.56223762262863
72.71575708101948
186.80278821311603
149.61967358759438
171.98397486761584
109.70445812644563
84.9440050342459
270.53311328788874
65.73649975929082
30.499594873573873
82.31482049068511
38.603827106605216
88.48401083738797
190.131952719478
109.7163123913524
100.26120414467034
95.37175865159185
86.49095806230243
89.32897488704774
33.55291984647434
136.39300847528565
57.29626813491001
158.07338347681267
39.096855998161494
43.45809435843964
101.05553480381377
107.69770814737814
101.69198086316936
9.019691854021785
39.35233674559219
2.0363974259572366
107.7473732259353
58.16554957789595
89.26707547545614
68.75529189112282
91.7349743294895
47.337393020290996
51.17874184037302
68.6152846668235
50.886895595844024
41.048419311728146
74.3886532801282
48.34836579640527
40.634239149884564
90.35426695358937
79.93285736760744
19.387894375472865
25.053591102932916
42.67443330115852
120.79043859121688
96.49435755212775
37.53388987744087
60.13195415569576
43.15507110134057
63.27954315460794
83.9334201114075
27.918184348086058
74.93746176844265
67.60045541811454
48.57920392157681
61.52055243222454
40.80104825306861
16.251140169606657
69.45710884238505
26.669777171197
38.94218340088651
39.351530933578516
37.856078549676276
48.40275174292177
28.67940309881716
27.80783401917694
87.30797800133365
50.691154759705775
67.36636700880373
59.06506421135384
27.24741062182469
41.28373058599325
35.55065266800439
20.04910235561695
49.71699707196494
47.809693865529795
13.616989505331142
9.3667658100094
51.37198588570676
33.1301475069271
56.17423171044912
22.899593038289307
69.94416123341236
28.504616409875357
47.61092047819564
36.18536271694117
33.600385434862375
19.27086577922406
35.470544020011985
34.564867616402715
14.297347624219286
20.708936423186998
19.425692354098683
22.337806778791652
41.29605858455229
3.1721076062214753
14.60672277962644
54.34264237483618
44.67683947431146
43.409002379251596
22.17109679031252
30.509446095114196
110.59349050802888
59.94515328230254
64.25677921056011
6.580660131538412
26.87162038672485
28.931015887055764
51.630111414019794
38.40266751206736
18.189148689015397
61.171639266083616
21.568419640028836
10.456340305486785
34.75146731936663
49.22758483702676
31.102297593861866
36.90804906155054
29.325725545810666
35.94468034720504
30.59752902883614
52.35446104448912
26.46508154065798
43.96550726960477
15.520988596946612
49.27264458384773
31.776456811203726
26.026737618345177
25.929306094932564
28.278854516337287
11.750075384120557
16.13199715406724
18.14863003431018
15.87384398421548
31.870041600095302
39.96727680176704
16.063828315746555
60.545826823871266
33.70867917415946
35.759727661556646
10.958752229016916
21.513232965708692
21.23909277337151
21.868507110975177
10.809731028571088
9.57666113661189
36.4335732950601
42.22768111900966
29.643567752163364
25.19633402415533
31.576591128317446
66.24846880733237
4.871764359183929
14.933836084753775
26.892881917285564
15.45508071734307
17.393486245754318
17.249489128305637
13.106968531404632
10.077879983541301
24.057334346484772
39.24316574616626
12.85984112816035
53.52756529336761
30.68587790047895
9.371864106040611
30.25524743714286
35.60278798620375
38.04863609605936
8.127083684981553
22.800131383644324
15.647528218052065
8.470858941997774
20.41977759403103
7.7161108755318075
11.173557762948496
17.011795404014848
1.0263806731522949
27.739238917347205
15.08381948815289
5.4992945729909355
15.572268914266862
21.017418620004474
37.84710813138999
38.63806233381193
14.397750477304973
26.40776636242082
40.97960163335395
28.396319314605133
24.62405127965114
27.79435997144386
9.527336472959895
9.187197347980716
15.64728993588136
17.927683778599945
29.881237529685443
13.95304405759312
24.628608732855024
6.387458492102962
8.463493473846402
26.063151816001817
19.766798784031295
22.489007636094392
21.502329591172003
40.8985941965254
50.00443735554367
18.541506369420876
21.324765008567034
1.72155013107143
14.368634816161219
6.3999673214185995
12.013899891838411
21.35802616556311
16.26261447647281
13.572031451350309
7.259173954762774
20.768453187314787
4.916835738716109
9.031687752697865
12.68320001224523
19.02672654942004
8.006972696952417
40.83089678151437
9.304508974502657
6.541434424989628
33.164399650216794
16.080827306138563
14.26679612622154
2.573782938500037
12.359363276001366
23.95923754054471
19.254057394038163
22.566898988711323
21.473266922149158
4.6613568322194965
25.128095214721757
16.31052965109679
31.686284645411583
8.063748704024881
17.016567597057904
17.91455207716721
26.24681050025428
28.28822163247679
9.321896558341608
6.797853177105739
26.288084803207738
21.080557800579317
12.381477490825322
5.306775450976087
10.918251892516269
32.262528927220536
3.5658604766112942
25.951831202350547
8.481475919761808
10.299091285954649
6.298142615730067
3.7702134468523334
36.13545770030738
15.483452453553394
21.44378995126204
6.4473562430907885
12.566098024641462
9.258687026605843
3.5443179212639784
6.760448936419773
28.906720373674567
19.062605469100657
8.151893053851154
11.347879378057637
17.18422308699398
25.809733665212846
14.398566263582032
16.895463419377478
7.525657581334079
15.493322010621181
16.022480077397372
4.798366014340226
7.410423062143295
10.58611702010952
10.570168626502836
6.680527367050416
21.57192374064377
7.725070781972384
13.423871398311642
12.7766670917651
13.318617667259716
15.793850882084104
11.358990555871278
20.66401010989622
19.38996962269062
20.41639696462844
10.240260789479985
12.829405510244998
15.72142437971479
4.478851046847368
9.88078111649805
8.758497836065077
15.891417089932107
22.473305802084063
34.759380609826046
12.08696551383334
10.135534050496874
33.927210006111935
28.381614087643293
29.17079178105434
9.770226452922376
19.787988475271682
25.397281660798747
5.413743405932901
7.072769459770105
19.248568483924256
18.11117095204118
5.522300857318488
7.669432800656637
3.0257245776777424
20.145506207439706
7.184406085148923
28.260828841567925
7.043810614476011
12.007512026462125
15.725946465874015
7.427124033095644
26.661888924518752
20.847416049162977
23.59594245112849
9.796647587779487
23.252924813529926
11.44747154375362
7.846695249882025
22.48402598748747
20.414945754283753
13.943539713672074
22.834775360561835
7.424583862030684
12.374122302886269
10.923959659027851
7.233209224045575
18.713444082112108
12.355524721863244
2.346467723601739
7.800388577578638
12.750256559820306
15.604672495028876
22.568633149857423
21.300287003702522
15.49715406267944
20.90092308568049
10.751361449745632
13.195307951062842
8.94750800710082
22.971865209532748
13.440355565052682
10.177286324639537
6.754624324455859
13.08556154941213
5.843735296195512
14.281049963378898
20.356052905385773
25.913118392016496
4.961746379728222
8.532488346570847
10.774288494698348
11.493504363069585
8.925574973304599
22.240099523518104
5.977149914417565
3.2631044089525734
6.578315697266394
22.265718201738
24.258946327479617
8.618572948569897
4.902262629383923
7.133198111393761
17.255357502141656
9.561255010517677
12.515430481220017
9.950304435635282
10.698846247161466
10.339173121179085
16.48071177304102
10.918084607379011
3.0394295648011003
11.511022136445627
21.93398353742296
2.661669282644022
4.065665951565562
3.695952941849932
13.994934097821815
19.527721088769823
17.68649620222912
32.761989561445375
16.510276220781172
5.211136805650269
31.255442862617492
31.804498251648216
9.567426940308435
7.947666553763503
17.338366559659796
11.055032622236352
1.6647650559414813
5.474505973339581
14.030390325818587
12.89901934854821
1.50593483634721
14.116639803249367
3.271418514499614
11.884890164969864
7.519127458239981
4.114522896618007
10.317569702006582
10.23949177038148
16.720062964713236
15.783556313845482
4.4802571592536635
6.845450436810452
17.069747334531403
3.320480424788853
10.231927597623256
4.9951780608802085
14.229883360815919
5.233203652657825
12.302743679264116
10.074227546040161
9.510132367718068
7.4067045330479635
10.29402427693831
6.7550151730074495
15.093856402046905
11.484579599490292
7.898439101236801
9.614238076075214
7.406260805367392
7.5715545067255
7.279157678364714
8.345978505614283
6.234179185743702
7.706818085128209
4.388740169688115
12.878661210066907
16.578484245803303
9.14709264718778
16.403332135434827
13.554844109815052
10.56950558924669
9.657677929435462
9.56346657350278
18.609340040054867
14.673725308715959
12.062877981186945
14.155510416940185
5.981736652812729
16.72436748360658
6.1580037113856365
13.217119487831036
8.002068248636661
11.631471894961333
18.25436777030977
11.06054345701255
8.807754111035905
9.088007661135935
15.63885161931796
12.138939429144182
14.796819518998365
3.735946216730095
9.0511419643731
8.618538995164947
6.373982926088568
20.284541359404212
20.578698801901275
3.3734041799541674
2.208606493005253
7.911790906580973
11.10901252825511
3.4177540572455403
21.50806764478564
11.223607358676674
7.4482349147860445
12.634615752655264
7.626420713834572
10.832962853632793
5.875374103341423
11.860233131604508
6.132364618283894
19.209350812614662
4.898857776539121
7.402163900808082
4.289525608644448
12.368887921534727
10.214721031292088
16.785119875324558
5.825535225566743
7.9162797607266
12.007587917731513
8.568853735230345
10.789898094310312
9.442197249501012
11.92505449871949
7.90355309889848
7.914266636643882
9.502862535558558
7.99448805354581
24.498712861874825
10.511237415288862
5.982847895959129
9.67625343406079
3.7849879351592635
12.369045961641271
23.133281682823053
2.80660483350602
5.205151133560171
11.266684636972482
2.52690152253307
19.522800251940783
7.2783483295389
2.8105631638893964
24.090111657836776
13.321900356410818
8.457902842126028
11.10690555672576
15.35290873022949
22.136626515252413
17.408267718249736
5.61968544589896
21.230302084614
1.1247975488158537
13.076239911133781
4.550853060477448
9.531866609193546
7.638835027606149
18.60593091462179
4.121441874878125
13.154736527242525
16.4808714619195
5.876727660127952
13.491482439441493
1.0696889006359127
2.2153542650357045
16.896453472182586
5.98264430609323
3.5842236683381956
16.05716909221963
1.0239507657183617
9.100018669385854
15.847908440065423
9.376801250666357
5.12160094873102
3.312144432925021
2.6127648182721575
8.185249391616974
6.44624760192417
7.49508759644806
3.8175225536649546
14.31826624348301
10.561034356245539
3.5097866445209567
10.631411572797143
10.405786253862859
11.141517109651842
6.908221322101696
11.937969157768018
2.3425574373492615
1.8345454620701336
4.170832439358952
13.625646575356745
12.762598236049186
5.316819580262734
2.391913241347361
4.949547836984356
3.891624216808958
10.41347621350076
6.0162157032479895
3.478172707794316
12.302857293514226
6.305057594402168
12.213965852578738
7.226756453047892
6.700589399096742
4.007890043474454
9.241746697325507
3.388597967115424
12.985164835278168
4.502204315361607
12.353497411452405
10.335810921270802
11.519757735390014
9.960281181139724
6.468661499944139
4.876355060501544
11.544597944094233
5.501267090298411
9.909253897029274
10.88746951322129
8.572611231334447
4.792383590066893
3.6902189449528935
3.359327378236963
4.52170628011244
7.2563829583152
8.205160987637242
7.890004587888346
5.612940800532438
5.276016170833391
8.741553106777175
23.977201279879854
9.789455597500243
11.32408148567313
4.924660567154282
13.99010485085285
10.358570754606141
6.274528696789909
9.88772169315769
3.6062434536495362
2.8561914444221266
8.199113607712706
6.541785248940476
6.815917781660518
5.06245129485189
1.9046402899374397
9.071413895496297
9.228855678641432
10.177928826600091
4.052879486177232
3.9289974714202796
4.109657199767577
5.07131537551276
11.526581948611069
5.109204496059862
10.906209130153961
1.8244388858311866
7.121406303671004
5.319620115030761
2.250041339475181
3.58348818399818
3.3540855162298775
1.3837515867742718
7.375897160541969
4.080516450317943
7.095117137420611
2.6977538385710904
2.85537432430635
4.504984090273051
4.292630722228157
8.125892967015254
0.7828385226313485
8.822076242263421
13.768790982227683
6.222674274605957
3.9723462514022496
10.426260539441762
12.629831561632141
2.355158038067424
7.157213523384479
16.32795873087239
8.010548870353135
3.6893634900096286
5.121785546517712
11.543727902039679
8.290888783882117
18.491425118150765
2.098700945967831
3.9737315289489117
9.30368462817979
5.905859119386624
4.99456266490662
2.502460330997707
11.484790363161864
2.0531985373591835
5.432770684477501
4.435056507073849
2.394856864518472
7.01173778887359
2.3411741317602246
3.290614189077217
5.882547073260105
12.37213613001187
7.826249274035815
7.700958395731182
4.9337021978218285
1.3085418403427542
9.4135293881621
4.743940745911052
3.1278963582114105
0.2612004610622026
8.062805106066072
12.733963377351834
8.035895614038921
4.892400894297938
7.52621428824633
6.065735836540693
8.584533343720636
5.672255890488485
3.1555284424968653
8.471470212359774
5.291978054051451
3.487499947562341
2.9591806145962303
10.560322677899489
2.580729242961918
10.424991197573954
3.2299048442926432
3.6626243831216723
3.3825352042985037
6.643661326511527
6.488361521043788
9.777762696653678
5.367759324109384
4.269974765751953
7.803758553990534
10.529870964399038
6.477568860742504
7.783382472697023
6.24090403261524
8.134478758540041
2.1911745069907616
8.65926406790227
6.8305532876088595
2.720516592058271
5.987707317510546
11.269204980641485
4.613385048677022
11.064926916663236
5.382972828418075
10.725408251199383
5.787274972350231
5.758370047322994
3.842047971679868
5.773284722644784
5.271911337230724
5.136480168631697
5.564724526085437
3.2307534775698583
8.22808018332292
7.593643036298862
7.684696757876262
7.210080648889639
2.788217418275497
7.122993916156088
2.8768372692494886
6.81868615538519
5.043341214773425
2.8002166911154216
10.570164647392076
5.488168457932213
3.7406973673517956
4.70388908302706
4.385608209969993
6.992779254747799
6.422407098320437
6.120158393760183
4.644584912460296
5.694536917752488
7.693648982651522
10.03488218838544
5.567418806809456
7.1823064459206725
5.02566879120364
6.243346143092535
5.70934955041061
5.971904829158769
5.193364710158507
3.3228575536460436
3.2681119637801905
5.733669123717024
5.167189714314682
6.0930815799482945
3.229261455286809
5.908055867203609
9.758431632373199
3.8392625758175005
2.2633260828172417
3.386452445338354
4.137697667823571
0.21349420577898728
10.82158007312633
6.081422783953128
9.285909118774345
3.2121718320337322
3.9704359251721986
6.676634030363302
10.388388699195353
7.499834861745436
12.3836248097282
5.337183479714705
5.061279873224645
8.210155611931334
3.1352036486228316
8.782147924426477
6.829112419635927
3.625659153916482
4.002629719991588
8.461873921822804
2.062589752325292
5.123316249851553
3.0345278983246806
3.171224454515267
9.747787036918112
14.285307847039533
5.697403471190924
3.952395191620784
4.831148203594586
4.37680198669357
6.387813775028522
5.678788647100901
6.530211554134313
2.3725159738212795
6.614229856470237
13.21304358713163
6.704982429605998
4.891099611045009
1.9851796452971004
2.0691625958312168
0.120586288515524
4.150824548607711
6.538891299312044
9.527980273095128
8.993311532965118
8.664396511381602
6.093110847020841
1.816442312301753
5.564807590844875
10.95507701138352
4.034581744432212
8.062907757466489
9.20222997212858
7.330996809250441
3.364143430841837
6.485494420301537
5.496311457467056
6.317215171080407
4.888070867897051
6.91526452557721
0.9001173207335142
6.517700326471031
1.9159081736640855
4.582078074288621
2.735244321925922
7.521779512037515
3.0739994398386727
3.4715292712308425
8.0789930877329
4.254501578374457
5.380919318790773
8.724923884866584
3.6183665522874513
4.582456538292835
2.9462333402762786
10.014793368465254
3.3535848954500698
11.604736418967802
4.080197879500137
8.17087835107382
3.6516321817377317
4.325663470434667
5.993295074715986
4.642565883820975
3.955488220720159
6.954155933827647
3.133713031187214
5.628517658469695
4.283854358523004
3.3925294458778392
4.042187571372153
2.574354867658952
0.6934498898974989
10.049911632335307
8.222783858263016
10.521238634002097
5.0533801833539185
6.176462495907311
5.744165255421257
5.70099477392089
2.9311583694349954
6.895711952001973
7.279672652850907
5.15848130709161
7.240163791373885
17.052444809824053
4.8883256846331635
2.3758169635229383
2.0285411893942213
6.432391870374172
12.33930356463318
5.512463130075228
9.39628660030085
7.194323692798479
8.169616502415986
11.333295414476117
2.587575794933603
5.163890778015204
14.43782840061009
5.980961801723092
4.888609838530724
2.798125517492946
2.679373804102665
10.260904823526817
3.8865543492333705
6.55970999755682
3.812453980721627
7.744916863974633
9.664320139313348
1.184117309452539
11.888130632522836
156.982
69.48355618200699
15.342180118427247
78.89181165929388
10.347523963704354
21.241528544350675
39.07546727455904
83.69556316013292
53.06616376397378
661.5236502875523
45.026406905132646
93.90140361671646
114.47168147597561
95.13071247549394
48.42842991529564
58.922261408105406
182.9816671844265
51.43639298464683
639.8854584160676
243.61734369501485
123.20479362139613
221.62304034633155
104.6535925705187
51.373132061785356
162.85061184161708
288.6994657555533
14.290239991934067
164.74010690341458
87.47538768934417
27.73046777375678
141.25783892169474
111.71378311782907
107.812463422679
90.578733457212
186.09695907147005
450.1120088811594
86.4240449422886
268.20390913873626
85.66437994601782
79.48589406201494
136.48271780510464
147.91712225345543
239.09986787272743
394.7765675231866
211.94646355709418
140.37183227181816
122.80605226832677
188.3054410604714
187.91334205844612
176.40353132394893
204.7174938736651
126.17817892943401
210.63042040407595
317.03259738620005
29.270437303755788
395.188849809859
184.9471659561039
140.2134212917604
75.10509594992914
340.9421323990468
102.4442625862164
78.26287194370592
111.72402122301244
77.10053135797192
303.48327400567103
225.81785776186936
51.83149875382428
60.68839562771128
58.57953726741071
234.5053704386638
125.20843209559038
191.5655943949037
28.256531269462812
161.04135094512915
29.0831349096069
109.80307379619316
80.8879525757864
282.5193535153552
100.83003736714718
124.8679349442518
168.73707960339482
142.74674428978332
180.5582478864728
128.42832067357227
67.58602769764168
61.98440216914044
108.61892804636017
174.3345046172013
206.72664743222845
78.94681350905243
98.38616976688505
89.9137702791017
22.369950865746905
107.4743788179253
81.46915014032218
197.30847334470715
183.69542743819855
101.7820386144929
99.62668555480596
19.263273194625096
250.73154634463035
81.54924108384643
120.31980711803088
70.92790889536437
78.78260442966047
155.92991067014978
13.921810170712924
69.47147795865925
84.007321979394
128.74448629821615
32.35486048528899
109.79808602423519
52.487853898750494
134.94953782963916
20.28702694867735
51.61723220082866
34.749122645132786
119.64470516104278
108.00650315993724
58.9844284321862
92.68307193439306
54.74532311036681
114.40016747764403
78.6308241566377
105.33289202328174
96.44979741632177
80.62756139023513
102.5901270497498
14.277729933316968
32.58883401066865
54.300460484989394
73.3007673074595
43.99283847234112
67.21711275976868
20.411260110606083
31.396004677947158
56.617626969908386
31.613528099842686
78.82177689687713
51.62931947885525
54.34182748956966
58.4582854736353
39.06902332301392
31.678677031329787
13.626015988757
22.16913658244278
38.06255282063814
100.64018231061927
30.405982456530747
44.08782730199895
14.554254562151897
64.29773615438155
41.8737002206667
53.73438121086027
41.248535532960325
9.871385208036987
37.601806729408885
72.95339673025173
34.79010744585346
73.01547957538355
2.5207808094211264
24.227957059185588
35.93316641428688
33.47067784753346
14.682202387508553
41.47599523884987
31.785040666975952
50.269424775427865
31.61723282353745
32.77469231629805
51.569061897819324
3.225877671629436
27.233380722244885
5.199742060319149
29.177178397702438
32.95577662934647
7.441934555820162
69.19058438092101
48.833783043857316
36.67024077669203
35.805318868001365
42.45785812105068
37.88385555274481
72.81427855703919
58.984922144859716
41.80781901568185
8.90014762377928
23.51950561150488
11.42180922034854
45.61681129874479
30.788659484982478
43.019658185920875
22.384310638648124
28.74996544067999
18.914464034496998
74.32649573938504
40.91739460917445
40.024697549749
16.166219679134205
44.84860480259162
128.18280458168218
61.62469297065953
25.2095155793813
12.135003833250831
13.716097031229923
26.183264257403582
18.236337525182602
33.53266124034629
10.295124913827799
64.86189417227823
20.603843072428855
31.223465648128595
44.94054786386471
33.57779715385244
18.345128027414813
18.387326717801862
28.93144906404444
37.2273617703556
29.872267430443515
3.3299409983507684
53.58433581385264
44.23359157365675
10.865077310205733
12.985212424797476
21.693166416400533
24.070525986601062
53.19607641989749
39.270655897256255
26.84237690328441
55.82021872319133
42.5758402552515
48.64644475395206
14.503791276516758
29.045999010271487
42.911734580458344
29.638482226175125
27.52218955614235
19.669846801131186
18.12657868334844
25.32037099175089
57.852836666531246
43.34826128840195
52.500528026080865
46.30474744134553
23.589117900229052
13.057114607351203
61.8135159934169
35.39435214980199
10.645039103447376
24.459080080771464
32.30289981315625
15.599318013462565
25.031225850864402
9.891353878732698
25.610635777606586
38.65161579154142
37.936968367220416
15.983107974799417
27.885455988454563
14.872748499239583
23.308451554229602
29.41714099363339
9.255144310654881
5.635225683369825
26.297622461826453
20.963573742278744
21.34377289808234
32.942847141711276
10.26269116165787
30.314638737665742
18.644631515460492
22.63452587478578
27.425506905251616
4.754787888336455
35.01223397993501
24.139462097027565
38.1120853361673
2.203401221491976
12.001604862236038
14.355675320605334
19.24593229285069
51.707770613308284
19.434783903684334
11.625485352295856
15.730658652793878
6.720091869882545
8.092246492855635
15.240080369987979
22.99225442978285
14.316783262458681
32.38146876666476
29.353203895308997
18.730327072363547
25.382749042065814
14.13497640303782
16.684270264254742
11.713760105715714
13.242190919777652
31.310128310631573
19.845111129591018
19.789729430785062
5.328813505196699
21.209211338499586
0.868179423046537
14.29144594767591
34.91276997025104
8.930655440188664
35.20514639727172
5.093566190138866
45.89273727786727
24.903452400157963
22.583586155592435
17.4660379399588
4.717801770298606
22.72134216905425
17.334322949187076
11.724784663786782
7.631448263586668
17.28109042848124
31.224627611715967
26.13986075911971
14.542985636787295
5.03054336176089
6.593991269332023
29.53955575477288
5.24487591792066
14.570066588509386
14.484195742446428
8.066385439775027
32.66110141182568
36.38066620756889
20.334105382633517
15.153801450042021
24.199932682013
13.045687933182293
24.72904163878631
19.311316864826576
18.64811556411999
31.395611717767988
15.083127524691989
18.441903285939635
12.130657475667212
9.790509882053241
20.684033879869887
8.25084308535703
13.209871535338406
7.24932435273656
8.34804378205196
18.347696533974837
21.148309984202367
38.312850433354676
13.491706022375093
21.81117470036781
5.412983848890444
5.000996845802941
7.045815405604798
18.99120208799249
7.663141896636813
26.476356708087817
20.260942021135584
15.30544848311737
10.568977157119086
15.088690454940833
6.171075237525199
10.653016781841762
14.3894718139351
10.054910034558782
16.24439207250647
34.74962715887609
12.60930113834759
7.119054610303298
19.74150626076754
9.847833893291877
32.08761389167119
5.607832742990563
19.822208327584956
21.64210394766548
13.647095668225397
15.066330593375149
4.631750189844697
11.06895261551704
13.626896934143739
7.098038583597808
7.8760535394617275
24.277779977428057
9.48155867261215
13.241246775138228
2.685211494445099
20.402202251634883
15.913838422991095
23.926663942809025
18.057449695107163
10.998004059532647
2.5958163118742155
16.90245736864151
7.794848122928281
14.971151854336492
13.337761053907887
9.303556684087631
13.28405725123221
17.712674325514495
5.006787645362892
8.630305335778537
16.195375515144654
29.610566133234467
16.03908629253158
6.271787056838654
25.809691967178342
6.517506575970278
18.5578747822889
12.216221619753247
25.485940579074594
28.22259131026261
14.933821652945964
10.017658578227609
10.143750843732471
12.752291718509024
7.923181531253562
9.98652992458289
3.8499661197797757
5.079248838696611
25.768596744785455
29.762627702518827
13.835119109339816
8.518242128775595
23.648646292838848
7.729499840749214
24.061828625477403
10.367446119227916
20.316291379438297
20.270377190277486
28.67774899648011
20.559861726616322
14.852371876000408
34.10334590847098
35.26073099850798
24.76726225433755
13.536351310962619
22.776183865116636
33.668662534766206
5.705617109674919
10.68718873948911
20.562712061731382
26.30452888868554
14.99324111110829
14.955701263193228
13.656997466512568
3.7073004957162046
7.42985674442886
8.706719926356259
14.939016166529852
18.373989757161898
13.407723416159694
10.957364322750932
16.71887163557188
15.916299981605116
9.214337512573504
8.517567796687036
11.189400792676256
14.10244168078651
7.213948783803631
13.53861709764646
18.96102981307777
18.15156000641636
10.023994635731473
10.352651675988445
14.969774019123689
22.15961344423487
13.919080023015894
4.75038539251543
3.1724178388982915
11.404612283169733
20.649907405099746
15.70223178136111
1.7938291463448794
20.483240581835975
13.897482805396645
18.95670481003265
4.744885239715163
10.325217696932565
17.750614025984735
6.863956640852338
29.059532945469098
7.6763933469545975
18.198867325955
14.058441971379509
6.006753448505503
3.578030708972288
9.731928809438381
3.8185126487098224
5.89096953021645
18.758130846208914
15.609081144378855
13.25904964767213
5.502077805471592
25.27585482354265
21.419788776632032
26.031111338744374
12.922879113185674
6.477174364445864
17.27384614779302
18.602912263879134
2.169873799542946
7.111037303252573
5.531474169221324
3.302687515218166
13.612154997477505
14.323723316518064
6.875388787769985
12.52223273111766
15.977994254756574
8.570402030355556
2.467433103027082
13.640570941207537
10.992580142217445
13.30506279425936
10.667398401748123
14.998256522761062
15.06576718269982
6.9532269080656866
6.47948703737911
5.527490594632574
4.719577639233919
23.63009567741509
9.69898030813038
4.557081371028857
0.6444933533118994
8.544414224631952
7.216161688793085
12.955227474386508
10.969223748538182
11.098677521414809
7.909035805492239
11.48646181233362
21.77762220092975
30.304433347943114
5.117372747404478
11.127186003879258
26.042967952870363
5.758222980253118
10.979611378050874
20.545234869973317
13.868489141639161
15.88832606816082
9.079635173575596
4.73893886788285
11.261589753873652
20.10404592750776
7.022626714588074
12.219256523169859
4.345825442056109
2.355624594815282
15.099123507816165
9.463892799880039
4.136178481141792
5.273387332857606
2.1959747846530693
4.169365687529196
15.906564810164499
8.111574435518905
12.663713453583131
8.460017367682815
21.80019261837882
18.492703505842844
5.234328554847926
8.331826605611187
11.169296269124414
12.95536716925096
1.0297479158575649
4.762146671252941
23.656778743750003
26.576903325646995
9.370884053646188
22.345700261206062
14.333837399620995
8.657035370150789
7.939459427688128
18.08628963933053
6.400336419904234
23.490266630503015
14.161416538563305
8.642838402650131
5.1938310476622584
5.540694632733964
12.331640364447875
2.6201852071672946
6.429192977775866
3.225430986592563
19.180968524519443
17.38980556092
16.042058059423628
5.697967585768762
20.632934417330354
7.5988711481447995
12.364630902310248
12.516446857017485
12.812724812653647
15.406796107058353
8.154274089963321
9.907450020462127
7.222468436765512
14.194094378879411
6.893830638801876
7.2307669224860875
10.025808679049183
10.679268948349408
8.412779740904718
8.49967367857555
15.19065157553335
3.648072281027477
5.141816976179508
0.5459375725344838
18.6562810616964
28.46430593338757
19.533357762328453
2.5372632350956805
12.795813614440995
12.888895485947385
13.46188884561904
7.870425180080495
9.99079389848589
9.370176322357244
16.134600942107014
12.557526590243413
12.719239017992074
9.463723898109121
15.120397704268488
13.516151348000648
8.370217181041419
11.476678316329236
15.334372193667754
7.003022643474978
18.70598153020989
6.720052034662027
14.608163269215048
2.321359897131336
2.4690202697690236
10.868812047676071
5.864712808082891
4.4773368199363555
19.16966261372332
17.166623393049335
13.020114026487862
6.707529989068562
11.76866300414374
12.550473431244754
10.1775157513693
16.195420669529945
13.025361169232138
20.607028450007796
26.59820320145322
10.052996136518082
3.4222195528556645
7.6340524901788
7.957190182425262
6.203277348554718
2.9282582030135504
6.2021298506931
5.286239705031385
7.8849066144738975
6.821457405692553
10.986580821059801
2.622381893869172
2.449325406281839
3.9090293505068647
8.968013069068672
6.2528558390531215
0.6358744918317054
9.83085296985366
8.85781711568256
1.8015294097942407
16.562104916603186
5.4366831065732715
3.0806982805410894
3.266244185871816
10.441884018362272
6.543854090818268
8.482330759259114
8.917477736207159
7.932839222143782
8.10314602788776
16.283337103432025
8.08170444634434
0.6548837850700581
7.95280500641635
7.082285369657235
9.16716966194739
8.598055312766578
13.335769951003822
5.419767265923854
1.9925694758251578
4.8260207049497446
10.298738139922506
11.68493920264719
24.70901654061496
6.08089815710694
2.428269051204925
9.869437105599577
7.516307529612001
7.024872474506911
9.345081981258996
7.759940525782703
11.045647875299514
4.742504968493809
7.42899437721014
4.9829447771437465
11.424886562710148
12.097866210693393
12.78555485227321
4.145552603144062
5.2269073483527215
14.98609677740231
5.620412550557835
3.480924373935102
1.4190519268387882
11.5570379893191
10.74133418219757
4.038517261947573
12.744619732214971
4.149175389059781
19.60590929476752
4.103464578276537
8.910956815068706
6.272503308122661
3.2885789545416984
8.042120332367404
4.770909738493824
2.1441875374634742
4.424433343635327
7.486636517304643
12.476102809517705
10.82135850524789
5.456622778398563
3.1527790896049055
7.960212996733437
1.8557095871378844
12.803045329676424
5.835503471160874
6.340442303175152
7.85103928455207
3.7749679964064806
3.802117175904818
4.671618842869077
4.641529686509777
4.081755456955434
13.978386569822632
3.89051463318559
7.746702274987876
4.343598474753473
8.89292783255416
10.104751297566557
4.469997784333371
10.27915979948672
1.2280957024411856
5.967093800283538
15.799971984447707
8.385112296198646
3.2164374562039573
4.809412543842902
4.671126223316364
5.318117319711325
4.216009629683381
8.743593722689548
8.609502171642903
1.26639503192045
16.865374989647965
1.5489140056377313
3.662624240175584
14.557533181343132
6.708541928423491
5.876090192927549
4.391489780360972
12.052431786795351
6.4330544973763475
1.6664801468803094
5.466683534465039
4.319458992673782
7.09175615653456
5.141101376097214
8.563132248979162
2.864376884196626
13.203739847641693
8.121308793702978
6.603787267593909
7.382323090264961
11.061349019860025
3.554811193011056
1.9524150962533735
0.9452904227136831
5.684725321718169
13.099853156695048
8.815336161636552
12.047524766140837
3.201809691989886
5.83785653460618
0.8084100420490175
5.08555558139674
5.2159920024548985
3.247570366201304
2.0077858027977458
6.703199553269663
3.6947734242712422
4.06497451283665
5.3171660429475445
4.79115304743254
10.400964532350775
6.530987569808684
11.266405374182938
5.924242246038797
9.421019685192457
11.025480160754883
4.574963233769681
5.288740773206062
8.881834638425914
1.2945128864771356
1.2490605537132609
8.935840322916635
4.602979301036646
7.101107479129053
2.5769745764749463
10.839839282422401
8.596163734594358
5.95650578044214
2.1907930033286966
9.765268484714234
8.277049698421258
6.317766028294856
7.257375896665642
8.7150499852262
1.6476972752572239
7.049982213622497
5.08207431558539
7.510299344986627
6.915444874576587
9.933362684618688
1.2020242954253013
12.637315403125113
6.0415901967617875
3.816232588992273
2.401227151909219
3.6522466813778975
5.871436623002722
7.243326074358871
8.903588000095047
6.282338338479495
6.705871747318612
4.216175331106009
10.091570922792368
5.087535220409006
3.6206812926922125
8.20061789678861
7.643090383436944
3.236246126956699
9.648913747133339
7.189084908074538
10.165018715624312
15.841293448174413
2.912690123624504
5.899076051396298
5.7866197294288
9.217434139057621
5.399027341991661
11.32033471368868
12.065266889392612
4.259120844741024
10.979221849775874
12.066231226650395
3.9659891751843777
1.408031245025333
2.9656685266911884
6.005087539286922
6.033956459747394
6.238591865187855
1.8701948928194998
6.7158978322984195
1.8178876312115277
5.510452135449681
7.107606231474181
6.245285997886805
1.7792637812225915
1.4150227247632687
7.556048510513552
3.1723636060970053
2.3135754198339114
12.121821628167393
2.09321872519447
1.031944731692489
7.816076239343731
6.100221123577351
9.613258262237181
4.224201535520935
8.042753455887844
9.155947297740546
5.704493558069401
5.04832270573121
7.5662379321142215
7.062527341811961
10.15028994951712
10.880735593623749
7.21610354747232
10.788035428847422
4.494428199322185
16.757296345164697
5.0785931960290975
9.471760459720878
7.198286851183725
5.129159035406944
3.905936523638165
7.275132255405865
8.700132321472395
7.7076452919667116
1.5565017787436217
2.8208356256304383
5.419400337625677
1.989202216447516
10.128338135902817
5.0483838479565195
6.953906321474959
5.772132377867582
6.351632166222998
3.5610307751548915
4.831067376602029
9.647220639841159
7.450551297448698
5.056706151029348
5.144093645171961
10.38773822664277
1.1215579227499597
8.05665695621097
7.836585859500167
7.970808426716737
3.1402632476971495
7.73112443206009
9.805949796304137
4.820964491749605
8.888082866961467
2.3664173335231817
10.388674818657663
6.933605915990219
9.463343332160399
4.170260111141856
6.316740538142462
7.578360009763409
2.344463373643134
14.437521148654447
3.498339184942087
4.345522735024402
4.944739853273541
1.3634577198485829
7.858633307929427
9.072922335027886
3.597286255309539
3.7783241277338018
4.651448563678126
9.783355458792306
1.3467232434411502
2.9578461503763727
6.786758207148101
3.86414141683883
4.430438897693534
5.243689168759524
12.842420212346068
2.04560929000768
6.53812461003079
8.830464639653462
5.616075821875173
2.392618784727673
5.766766369591701
0.993118554288506
10.44867733625482
5.715060743159545
6.425028618837119
14.125262051377609
7.680022256654653
4.35752306566696
10.51361316156271
7.4041831188013525
1.2251129677703074
1.6822785169710743
5.608952322573756
8.518763002408498
6.531505349231974
2.4968467580705735
1.7734186873520397
5.98159327415983
4.615276537667713
2.341759120501132
9.165019458044132
6.887054663888785
1.185295400854126
7.910888755935986
5.541254970380296
9.705281466650707
7.87448047489742
3.822022462042132
8.801086361451764
6.466544848036231
6.540696494520258
11.336503156813816
5.344024046560983
