189.92
42.202391477271
35.05490946708436
4.217442458290705
92.07869175930078
18.10690286928862
68.79894560849696
49.655774339296244
197.25908423074176
836.8726804836508
67.36186189312798
216.27868080928636
231.81707076543452
166.0476117506426
179.725436306652
108.09409883949837
184.3197922431744
315.9421641627953
736.4698154000394
256.5600058164414
46.75487807014233
120.71804757353986
99.80863012183843
150.62096462043885
194.70450487566856
185.1440546377462
106.19267607729955
192.72173597863124
10.068404828819213
308.8811061828321
180.62648466511732
112.20995080903165
52.041406368349726
60.03221657307859
81.76199097223747
97.03336399929093
542.9013869997314
231.72521044547395
131.41809162790645
29.419165240775108
195.74685391549482
78.94574910135577
111.99522870428832
61.64234158658074
298.1976918289029
155.68983997391152
164.40447771223776
122.33313880976783
172.29407321662742
180.92773347917827
498.6662155330063
151.98670510343024
92.2930935703875
100.83643654085883
434.666697263925
166.35658898892123
122.28228207335454
190.1211198086715
283.89504827323714
145.41832056666416
106.55357445435497
237.88586528994375
43.13224289386594
298.87099787696013
65.86845990401115
252.86624705430953
163.18830818083455
384.6791641559879
200.6138931055803
331.94137927924896
203.22750362560285
79.73776784039292
81.71394935748837
247.6852186538225
49.35933313062582
52.1881925857111
174.81171774519117
59.21024274570804
101.09589611065343
244.5344792677499
146.055238434019
189.17382515073078
112.07530399343433
53.02465055898164
108.28472166975372
91.17935258462956
142.58128791142963
141.88841166538123
111.54956471853582
33.08463821528309
107.0945744359349
125.43506733026508
221.42564611561937
260.97912362438086
128.41839386564195
129.1856839991293
45.82618617763213
172.68171233391783
70.99070406291176
132.5454464868052
280.4956584012376
101.74136564012854
30.102833509953616
89.97630421043148
120.05675501468914
105.91957694811661
78.01772038204933
59.38674170296755
108.56830105572303
74.97210194706759
129.7705740118153
75.99161083252824
98.17946983386992
22.8520009163139
91.79308121465915
10.09775444704187
64.31361278087145
117.45585598644126
41.12660871636326
72.41848974206296
46.35597636668534
35.400995938673184
117.76473262241625
96.23639941903512
78.14394308122542
113.50645842269374
96.6240715232972
65.63902295798434
10.494902170100216
50.96757753836404
25.28787142304306
34.91230813908776
126.74216320957248
54.700443209325336
31.62084322136821
97.00706860032668
53.54314672107315
78.8677748147925
86.26848890591548
120.34913881834827
45.04044792275625
39.537827048697096
101.39155139090973
44.53403165770654
56.902709534217074
18.23481498592327
55.13064648468298
87.4106764205028
55.75025720004205
22.583844469327413
89.54615161216674
32.290920367306015
16.34334033246668
52.100404443833455
80.323214939853
7.080099079170477
51.800121543491876
18.586834923222913
38.09755641448487
54.47281112651079
58.41037779238134
37.301111026784405
61.582675811046265
58.271930349741744
66.18434572723271
22.501265007805774
51.59942752299851
30.994775949636796
26.82631353742577
18.990237252856595
35.94605985750342
30.50964027331666
46.64305712373951
99.31147851831733
39.19957448310173
24.946479020151266
45.108357340169974
49.64973985687417
59.51970500459776
14.24481128373296
59.83678019659842
27.75035275307026
61.98617405459379
61.87168407622055
15.985691224756932
27.706020608710748
33.54412104659963
63.75462942861586
50.15131207607498
20.506263658595106
21.18576526087156
45.84303681820859
23.884013177166814
44.19162110879687
20.75805489795275
28.478252374641027
41.05347929018733
30.83649553660838
65.27563491660541
57.50935962248734
85.0102401907794
49.52519184509807
21.441408664502347
42.98304627319828
47.40982223660543
32.63372697454203
23.029616949551887
24.33716989039583
14.667030368924637
35.65302134483351
45.147267958844864
29.087865150589906
16.333181333595356
62.0145980942775
1.8737394254787165
27.579187734127355
1.0352498148062494
10.660158107710476
9.834234589316575
15.04590693816542
26.089446060212673
43.123334371259695
51.197592619454866
30.114812598274778
15.717250718661449
44.65003426568999
29.12543844872725
22.666639232151432
19.6026828959766
33.32599779358577
46.439916212119485
44.13041586071751
13.17545581191455
7.3313979456923954
51.40755569421294
31.01321606127502
42.15496160725503
17.137561600388015
17.670876589140985
11.421660706456574
37.60338943452291
25.034202999160176
21.04647087521469
16.97236284413844
19.888429228508432
23.848652003162282
29.03390249469675
16.65609161552686
18.778525412154124
23.912979181654997
17.049924813196046
7.605414394349352
35.84977432578788
34.22767826810458
22.0618420310946
23.02114683986432
46.06475558415774
31.403527880949255
33.00305025743076
35.66804259571793
21.1524800551201
28.012752610968427
45.666189790465275
10.14816063374688
18.857367334781227
39.83213660287523
16.300926345705655
20.700899499619307
21.545732771834007
11.226450369955515
10.589742937468142
17.85905961362146
29.929290169576767
10.144134662213235
19.579194625139316
8.892115996243772
28.794939556904556
22.196355784774507
21.492916108601637
16.54317112231638
24.517801393032954
20.67581856226112
14.438677143711079
12.93258827052048
15.950103823941008
33.67639716157148
20.921876108408156
8.128090708153906
7.281381623685603
28.243670103543334
23.73937811290117
34.13910494935279
51.95432283491812
29.259759304342722
43.3693074441859
23.368483404321584
35.25195665399869
18.501821878916473
11.511293019775184
10.547553251634968
7.798056001148711
19.617515051626427
38.56123112579982
11.776027823369526
26.253616631288814
26.253399677629876
10.250761760221593
21.829589393327648
29.160515617334866
8.106999216376602
15.07056204313384
16.736892418590116
34.41690439287365
10.544884183921157
23.48353175716499
16.54726120240572
16.11533088188639
26.544233636521675
16.137755129097293
16.464154435277365
23.606935878445405
10.278370108897487
20.18996808449263
3.0577778721513758
30.914839381647322
30.41692050594304
21.14561150768386
10.31071963289021
21.764354614767267
45.18014934413562
22.80674743129863
13.897161557732765
31.614404602224358
11.018890504969557
11.772481015838444
8.458164621701572
6.06847368972401
34.53801628659531
22.24591877120333
21.751775033525963
11.105987284251812
33.78732608359266
21.382697753849044
26.492415133336916
14.956188003968931
28.94302771880001
33.85798169051022
18.26567569953124
23.316212492866555
20.252787971819274
14.124756719048422
17.431169613400908
6.921955252714821
45.79585451225155
12.976166763923946
8.316993358062925
26.925628156120567
17.10218800406437
15.881233848075247
27.432484838560267
18.935342582925262
18.418180420954396
9.407576047442335
17.00220288398576
20.805645009477193
19.670879064759266
9.657829397609557
21.84893372293836
8.215643568185039
14.171559096489421
12.030298980017674
10.082223270335511
29.367206279169555
8.267055563525748
17.149261412043618
14.023593184123964
6.285186977409872
2.789684632632947
16.3430107187779
41.33608155613297
19.91996248439923
25.623910729770795
9.31901875723153
10.235596199060438
21.735889619775435
27.48917925216417
40.35996717322785
8.352998073238934
21.468761647809888
14.411824477764592
18.21025040284012
22.263217010406425
7.091477296133403
13.561335201255108
13.440033449743204
1.5006356779098473
16.67980686571292
5.3094116954359265
18.11621281780859
18.095286947068246
29.626733725078545
6.993373211019032
14.178706007066891
29.925588565474875
2.533057468025995
17.422731282480022
18.661178737026123
17.18390167490338
15.9093535132144
10.507835214506827
13.316782777674355
4.159119313072176
30.024407722021706
14.334582310067793
23.753491234914065
5.30014620964258
16.867361794145644
18.091387367846234
4.407034915389516
17.10635082763091
13.738600025455288
24.110066213882337
10.701672936678687
7.095999762545197
4.152426074203357
18.79782423552341
14.566576943958337
8.977484362411031
27.67986384207047
21.69109565993127
10.895287636357818
13.417122121530452
17.141147552689446
14.246932289870704
12.800872321335232
22.357107448901456
29.53672668579617
5.883133884818906
22.744024494067443
11.988641633377135
4.529729801321872
32.21895255537345
14.407963309919975
19.911140974921608
21.617752398003677
27.20720278183124
20.258471987018453
18.2520811085648
31.332626706800767
13.172954720393243
35.29366482577678
12.438702277231581
18.214167291939894
6.871671390673287
6.5461720120305555
0.30087126781223267
5.357835415848229
13.923797389562639
12.52880165103499
12.367504686229397
18.847818598395047
9.880908513191207
20.3936684937504
10.45489362681869
14.58299282533963
5.065847411768185
36.055128451943425
15.883179056296987
5.552533491410137
9.609554479933292
14.928105770660723
21.50900590811438
26.213977678846426
16.32395305358428
18.185464167315526
8.42700230891587
14.595831349263605
4.2476653121334165
5.101218913414109
14.675396444885425
6.550218167851325
26.958072148933827
1.7132183767234879
13.678071321477743
7.381354511488875
13.710164115566979
24.182231558901258
15.003797099206961
9.3756154889387
15.517448860064889
12.181390187579265
28.65321416154928
10.0327402995323
6.299164156667647
6.4798599414224665
0.4004630619532689
16.71331546554845
15.353421670547583
7.964666507816031
5.509769557641391
9.819318815715683
23.047766578506714
6.73617401299456
2.9042341473919473
16.91474146465291
12.87574098585612
16.733792133277284
14.741459967415954
14.032799014373834
3.2362831747426606
7.738677128459765
13.734804505199369
25.58858670204622
18.729187428256868
7.652336538414345
18.041825154024156
0.7752783680008933
11.941609731337302
6.470477682161075
7.885963995573156
12.039201768508098
10.21386769361169
6.9696609745177485
18.224555578709065
9.815780457718686
2.778783154680856
5.330344112941842
8.943457738149755
7.140407268191946
13.119045893610613
9.269732862754884
25.143340371733835
12.486765487510404
11.78244730626202
20.707296706184525
13.782617783437004
21.636041974877404
11.686829184313197
21.97915405983181
23.65330709605176
11.748039039907825
9.91792554042706
6.65584821842949
14.101242398337446
25.666316730533282
9.131965342743724
10.196273339369075
18.621460447748174
18.00387009428851
19.462929558455105
16.802025760557246
7.952408322123283
10.122645338713555
6.9435477154914365
5.95587201267246
14.661228552222317
1.9606748277767616
24.95801517228131
19.923520531120616
5.387168224261296
4.663052160871426
6.067526379789669
16.830902369981306
5.782413565508724
25.42410750641946
9.717730377512174
18.54073309666327
13.40446067829034
1.6385038527423343
10.86299768045273
10.566492951301775
10.547564337562422
13.664857379155283
17.82763682862844
9.439824218251337
19.73816641918582
13.44082760026247
14.030322537277593
5.279446357988591
5.403580823414839
14.713411878002304
8.243581540804186
5.2731532796725835
21.40241902178346
6.444541331322368
6.575170618816793
12.000668800627228
11.614878202320138
5.959064637310558
10.488545190924171
18.487122418250898
4.168669592537018
16.081787414260873
10.625326736179572
17.04282955362764
15.370910666928417
14.224125344737214
16.712357213114796
24.86323567303354
3.091379660375933
5.7239565313537835
14.465934074373678
17.575541933612413
10.935902620853295
8.72131174089809
9.424312797409343
11.381891663290133
4.280517187075433
12.492209788438528
11.114101106439806
15.602048921442101
11.639635948671984
21.770571649424905
6.567267804486341
16.611490422191306
16.779685158028983
22.707641331500266
8.78764956325887
10.552446357182239
9.13556110130681
3.6386645871460153
11.622670182619524
9.405350693874071
8.698148749119504
4.873395571784644
22.772757934686638
19.860081527903926
13.810877069922634
11.952516304967723
17.740431476458152
24.41624845011287
7.554738829953145
15.531785841039902
5.85419316222767
16.324207998826886
18.159639047153483
10.910012748544824
5.527879144499438
22.981874259577644
10.491864413082642
9.407051103760454
4.158356683620041
11.995430619299068
13.851635038404833
5.435728700360224
13.029590856680592
23.60183617284272
3.553559082627155
7.210457288156971
9.805006227430447
37.567167978492414
18.02067070795225
12.746902412438631
10.132795978613496
7.486205109578364
8.922226182133201
4.95352076185401
9.214854730183832
11.229662414411862
18.724062891624182
15.614367697179603
11.430679139952437
0.4564921383293231
5.765599849952796
8.726300827710226
13.178941743645957
8.019501281088024
10.20199550913587
7.170507455608014
26.876254095670337
7.774530608428337
6.904823358042047
1.7985905799749078
15.835861212435626
7.566468583151383
6.305216520644825
11.577778686188857
5.289897130422599
4.9827616231275815
6.340950541868037
15.198789851907275
11.64730816920928
7.438657236465655
4.677484013427235
7.105834815354489
10.117917680578293
6.477065395738213
11.237159983486707
7.72930678429629
11.861711458915325
6.767475520273927
15.190448294355233
8.862398528640059
13.182913857052418
7.439290410857262
13.458455674093212
11.221751317440756
8.184439656468033
13.439918095089757
12.641392664164856
6.952125904139501
13.378017450030656
6.671133350187796
8.670010569454227
14.854476260633703
10.742385523027293
11.337309115903231
4.071084142503759
3.9964706917278052
15.09015759087367
14.818516837539407
16.45491764734622
4.70534348936385
15.054421619521236
7.726449472450164
5.632398643123838
9.09235184538071
9.629729583741668
15.371724317020902
1.0821706935625672
1.8482680581838828
8.732648922270911
5.115537295683
10.524199434996659
6.534709618373522
15.12570322161642
2.3431300178857364
12.074978761242473
5.534243890465507
12.936381102866372
4.216968819604337
7.159258787087615
17.190586772346222
13.923741165187067
7.837981057086329
14.664075904858791
13.858324665028007
9.625353228356223
17.25522571750671
12.084011502604634
6.912734090466484
5.611141227780251
7.442186928986188
4.590944474194142
6.987045843416695
10.998012698649895
8.889634888839973
4.9345927352705194
6.030908451407372
18.556264283166787
14.266674236123125
10.345047285000872
7.839374830301053
5.5740036743570665
11.011735283184077
4.243442144361125
3.5311249984492057
4.665055807176862
11.698638295181937
7.9154908329450535
5.796655531170227
3.783933797300747
3.2734171052082814
5.164267127660943
5.562098874417855
4.696581880500475
9.725400577633872
4.1899870871291665
14.325370352463741
12.960190316845496
3.6303698328291283
7.4565648234421085
2.6393017947115225
12.040294131367434
8.25601290858755
6.908512273228156
1.5536480601874114
5.029237196901562
6.564864732732308
8.519197518448296
11.927067238722056
7.7984961844056855
11.293083987006252
12.523908739929388
5.277175552059311
3.330565358695458
4.905849201247845
9.945942246440863
9.94158520832579
8.601540320813431
8.207115357984472
4.990494051518757
8.5566090809379
7.7269262022356235
5.195390084505318
15.305354848052126
10.365512880137064
3.274671672563016
13.854313523563366
11.161573057833762
10.000194584949504
3.7784292157243438
4.538169531961132
6.450523635821468
9.864333500104644
5.8543747969316025
5.8213693294313575
9.176100633939082
6.89901651773134
7.681535363803726
5.783768662442542
4.6047320943723795
7.581611377702707
1.7967379359267341
9.438594634850574
17.854684262712137
3.5073135468500576
8.881650106593364
4.015239596017285
4.247119941841058
7.520164689995428
3.485705412865492
5.689263185675456
3.853388199077656
6.379361822282509
4.547049584482957
5.250283538774833
4.78463935804977
7.492509558788862
4.097385028707972
6.712458860314474
2.7977086739236237
8.381023862847202
8.445902677679335
6.6298446597455465
3.514261975849681
7.8900782711145325
12.305375651816613
10.702093195348558
7.507772195793492
8.423975043547896
5.633263609639696
8.573474047478895
5.337529094263908
5.93617364581611
9.341515582105952
7.1558237446715705
7.193960455113512
9.496371837149272
12.210467377020738
8.223994059983436
11.467036511650619
10.361163569144855
4.441168456791213
13.727102127532405
4.617123365822166
7.341027302879998
7.598852998811303
8.117177775612195
3.7189647703305133
9.989392151468623
7.752021757742041
4.682538667483217
6.3081869224538
3.1476963285047486
3.486583272997404
9.39205835987698
4.342245165027168
14.823555768030474
5.126496596684927
10.756390349968564
2.4050558838387386
12.934588255688377
2.509061379088809
5.5318529812025155
9.774910730416034
10.556338869613493
2.4964583596262586
6.761136882879037
2.204596739280566
2.2183658459189175
4.9204137284750695
7.0959366235987655
3.785900321878563
9.075359232298121
5.972109936180243
10.5806821174926
4.912147623016317
5.539745583544549
6.280471076033784
5.083760072363917
4.260117278254301
1.9381890562468826
8.854618346468861
11.161049281502589
6.922413101494149
6.3154428504237385
3.9570380783057586
5.910446679199586
4.372545074478579
16.90899033153163
9.476868477716566
14.23677220385248
4.610537961797823
5.6588941967687525
7.996322602639928
7.2209454252001395
10.448584669593322
10.133809134907057
10.267039617285022
6.886762602435986
11.042726259178893
5.260686082650944
2.48968665978492
1.3781373930383032
10.53017203292612
12.462473613872966
8.864726849738933
7.9520076161113185
5.415282825642692
9.750003030880398
5.235637306717631
5.014785922843426
4.2422363069563715
10.74148538507019
7.259436691906913
1.894577197468364
9.90677811254309
5.585664130060519
2.1490429338829156
9.206280337268929
8.631800570669585
9.789083725362918
9.290694022169484
12.524736897958457
5.548244120424622
3.623897346485633
6.191975480148223
13.322821367050464
3.7463513778689217
14.167242781122123
5.239244992123377
3.586685302978722
3.105199354231891
4.622084232185496
4.91981013770352
7.305830074525104
1.3030247287193366
14.734531947579903
6.49963846184332
14.626649477109726
12.091184803429178
2.0682586610684406
9.14134347345756
4.759781336459464
5.679051671326729
1.1292817272320281
1.6566998417260248
4.137718023946538
6.799022938886203
5.86101426825553
7.335834529467325
5.895052246526794
10.765231814034495
2.083556982607553
9.258047755356065
4.564713804586458
3.0369944443573433
2.866040561829813
0.9582679095692753
5.881529348364176
11.064866054430478
9.247065862324398
13.886841781227828
12.968660861418218
6.193053277799889
4.4758886453459805
1.9131434348878023
9.14919561941016
10.826964198847877
7.132104347904431
8.984656644095663
4.3855124423542104
4.5639304773482765
6.244361440202297
7.195000216106498
2.4738649351279633
4.6789340057063225
5.443707139811498
5.221222656255978
5.015080109150343
8.506874736246946
13.4794206207347
5.339600171440591
3.660452987997257
4.06011743899501
8.90569368648198
7.684972222516933
12.440081019532439
11.667218966346018
108.52399999999999
135.4217419854395
56.404748764687106
63.35325909811118
13.49771856781705
52.77308531967943
131.7497175505562
91.20097399365191
143.39194605675772
31.510484738045786
95.338609664293
207.61315543421233
204.49368918837826
99.60121802826674
59.10966371717391
130.82803355778205
75.8464019345864
102.76690273959025
133.65992569719984
126.09431532813441
100.80169328860093
182.807503087205
167.17160422221497
264.16018163679365
293.9803413227383
233.08335781211073
153.92798815157022
150.50130460951914
293.29008932636475
437.99955247887283
223.7049519222238
145.33603276104526
221.543977919404
295.516184054812
102.93526585584623
191.63774816489394
312.3772656812848
121.23157665625565
46.216749203017386
383.06783500191045
346.8798488870672
311.0014014408893
436.9262595982062
226.00674730192245
298.87389306762776
197.04846889830281
90.55694804715672
109.39868760863006
77.59015977846246
95.0402308015155
264.6878349603571
255.29976973353178
310.42647596332904
190.75118443291197
27.044788759482344
33.630067857692644
81.1807531305759
32.30041011418654
111.41333557361489
331.20374934046635
31.339573566354474
81.58689725080727
355.2990842050551
291.54385370621526
82.22986284289577
180.24168787779752
271.4622253394349
40.728576367737226
129.23311540739556
260.8972512217045
90.4390443911137
165.40867045907265
225.4116032173788
116.69983277419746
130.84125478540554
176.94017444739183
316.1632734755305
55.200176661865534
268.6240400900696
213.7507683323187
153.18810117673297
139.5432608279732
69.24591565531396
143.00101702660527
276.41043391216976
104.24573263618564
124.1585529241824
106.54716495237074
49.21978890566112
64.71483183464379
92.29839676442438
78.8193084640023
97.70384251472406
159.35753987695995
134.2825817998672
142.537306069292
133.66416311471605
77.70092411810663
176.67187587928427
110.84890696616547
248.23822011050757
40.521715974966405
127.65605993729132
151.83917448818633
102.42928028084827
141.01596709621086
86.59123938390319
92.63156581015845
106.97590611329852
2.723856170792786
51.80619692802543
167.07618717305465
97.83910023020991
79.27343765000269
82.32887321102656
61.816180603404504
90.44758205801035
91.60001591676688
114.38112336618047
23.58058964601372
70.3553026891943
158.59640601254227
69.87848428010649
42.92780452985298
16.473648887671903
35.9780301123238
41.343088138145376
64.75664093967801
44.03377316276518
18.880453929882304
27.368468714196787
99.0287174854573
72.51850161096249
48.084928637001994
61.720366738500566
69.12225933878075
43.66468260682457
53.25531261379957
5.821925508560706
60.20898402690601
37.44666476582561
65.73475842857698
46.46704758983306
24.788636874929423
57.34212192620587
25.305124488041084
34.31411505781246
71.50987664181474
59.84364492168023
33.27979867064792
48.372426816260976
19.574592116420316
48.691736753619274
28.78142348306858
13.448145465081245
23.65584324437942
26.395612230810386
39.98285611692122
16.449782668501985
24.4310365070557
25.613635772194055
41.077844035582956
7.4705883155689365
56.844797874160975
25.06300835488546
64.0213794189314
57.12719279255466
39.08768080019115
26.164656576582274
16.63276913154593
34.19404178975413
66.43508473229895
24.582564004367406
19.671708565399154
78.6324095249326
66.16706426945113
26.511545505481728
41.66233057011761
75.229479431392
78.83596189224625
8.794889369794948
58.08178678177784
34.97882177349635
34.825992732202565
9.383584328141378
5.4726076326291695
27.252425731891844
35.405953620010436
19.222878497202935
29.633590835939057
20.552379739989995
26.15099643172453
11.492481813234605
19.148309873726323
28.934944685219172
26.166665881161503
36.98728426945002
66.2499296246576
17.57014821855412
37.00394365186709
71.51980470352227
35.82246662019174
10.286801890052624
20.107863582553602
26.124921322418704
15.624022592294029
29.523784083173965
35.16877905641007
18.684032984519973
32.25726651057819
24.78844972328634
23.827018298779258
31.675290919538778
35.16462275967977
18.82280717360566
16.31041323491978
22.337862074275588
25.96285173397937
36.53140441096961
40.253628140485276
4.956607705728568
31.86199825181082
48.549171300817726
24.598304511788452
24.370785126036292
57.54433226020957
28.683648237205535
28.666328645753648
7.764544613298639
20.085764112738673
21.48559967634144
21.496802852746924
31.56977356290271
16.671118279543094
40.39902441585937
36.342724287917335
13.563475763252296
44.96728356094113
33.864851510486886
23.964962604193218
12.196753030458892
21.265269558693554
16.386500784066698
30.627567406921933
25.93312272408769
22.96071414982459
28.044034942757364
16.83341002622193
23.852091783197938
24.935412386706624
40.835270263658465
13.127517747429899
16.990651494566897
19.41422265690267
2.319738667565395
18.177610651433714
23.15566866652895
30.441418017409966
19.34735201434387
24.380815138507153
13.927132517434545
6.7442879436831324
45.78653496264358
15.566966682521318
11.400005083122918
30.65914255304905
10.787189137949161
23.356935712571264
21.248714245947166
19.66185705889315
9.127369891850353
15.213396204748252
40.99564442212548
31.30124556853528
8.87577607407192
3.530686051222483
52.287649175983724
6.3248796782587355
31.348324339068814
6.070918646446366
17.120078084008792
4.084289881830114
1.8271331713507426
21.087055540072257
21.784702713990864
32.05022639936851
5.9005912918687
34.06800916375067
7.246693501992146
14.92804940177101
19.907748947328525
16.26451152915021
11.210502153358547
17.37597508757173
23.07693562770801
29.254512961924753
9.912296934117808
7.430371431009612
30.736284813626398
10.090981676020803
22.33541293189302
10.32969067809259
21.249674442747963
23.439721226488462
15.411419325739763
10.315407623725607
6.216574631157928
13.48551209782594
21.30641102332194
33.39978506936142
10.665261098951708
13.287789841301553
15.029587579444536
10.239170794427757
2.3326375058121513
17.1318818694618
19.199485053140833
46.06631068202459
11.13572848632839
20.142381098926382
30.5913926184496
28.168916563716433
11.775514631212861
18.479994941528933
21.26854212874359
22.292255366557466
6.315629715352907
7.331924584314559
2.8040639274203416
21.225602386630257
14.916550489239247
13.778292536467717
24.365518929512152
28.36778559541892
12.531317897040008
19.650238320927752
26.781268334820396
11.897128862821377
22.259281500338655
27.104691946996358
6.17439959539422
17.212504781649713
7.3064087047638875
15.941644161126106
10.916121605422207
7.816201436296802
18.356124316188506
16.00619536912803
16.58678170560066
24.814904677874818
29.981612502607177
19.024358708575342
13.576115585170776
15.269962248826543
23.81589070592866
4.613648624796193
8.875261738143887
36.093535643333254
9.068716647595625
7.2980106077066855
19.18401401620919
16.652536956939652
34.27932140899263
35.58338437361636
11.481581180924278
3.678435928546545
16.23355167619736
26.807896137050253
14.738833055833924
33.79245681248589
15.10290522698358
36.69833050001297
14.719102416765448
35.577540494765
7.180621035923225
4.71627466302322
11.173766675293377
11.255079995142578
21.837132539590428
11.875594199614541
35.06030857122305
23.384613286462244
31.172663386381533
17.229028046219014
15.378658988354259
26.01057867318288
23.461156044385437
28.158052792389704
16.220186481105934
7.462240763846076
7.858012700829578
9.939727813023431
4.732984187243523
31.474248332875355
19.512274940561944
16.342443156538103
15.955866901008049
16.983346091616504
19.49092637140275
23.012339731553656
11.120652570353055
4.777664222600134
26.452382206084778
17.582710246545986
7.138970872838228
5.163423755253425
11.635259751130969
22.122819947693646
8.981365977498815
12.483645095388386
9.954016210759152
17.592045086986463
9.870076553318333
17.736417993924032
23.329386667694052
3.591948452068913
9.397004741672678
13.407767071874636
12.765218048971672
7.80488187918398
16.22984629435729
14.111597108105183
3.829668687571066
7.210651874666826
26.70098081156908
12.04007461951277
7.909623663710697
2.6498779308383806
8.508439734546373
17.97957301761239
13.102257857978096
14.019201452226683
13.32439492901559
10.850291570896713
12.766756300078407
7.556960793294562
23.614774571037362
14.64017186973597
6.070500963514745
6.2335153171213955
19.99286185934025
16.16543437956726
20.730818327813616
15.918623463831828
6.553197105642677
18.71924131327444
12.597298535958675
19.133647785028987
30.935615715174535
21.638309387554177
29.454784233837046
17.69466666147564
6.403934315812122
10.377577402643546
23.75843152862715
13.215464988026561
7.363270716181533
9.477950120634889
4.592813575261272
9.71980124972582
5.975028499832151
5.405251590184875
17.288728464128972
15.23438707346162
5.485593176670342
17.271919565346685
8.403992271668837
28.606933032869293
15.28953827972801
22.593101359307628
13.55505043503559
20.045073027997347
6.536078401064674
17.78712612530901
14.138096390199989
11.480776394303938
18.11832411746887
9.809366781333694
27.021750238354382
10.434511311513624
16.724817364353843
12.601990777656903
10.089075786807456
23.8147435099952
20.292851164243753
10.577970929004442
16.284824596051614
14.720247310145117
14.169060149375113
9.868251514944472
5.074310153295126
12.14648434073765
7.6615381233041475
9.832084807000808
9.128241804423507
7.321759205361834
14.539220498538747
22.954989493044753
18.695471013790772
8.276630329765258
3.504717459837485
5.777710060618976
11.106072283947679
9.974988642673067
9.629135706521206
7.247022096643212
6.178799629038272
9.442744798303142
23.869622766324166
9.624370801849432
26.965789514976958
13.217066164087692
12.922232741431944
12.439691494138383
14.862737964892148
8.13656744768408
8.535945450595024
19.78887527967499
12.482569241512852
10.076560314893324
8.430326839708254
7.730083751549661
15.584509329501222
9.99367328516659
13.504301519022674
3.842959668130499
6.526036087994892
7.4477810810121605
3.7158813365328243
14.866294959669803
5.327974840387186
13.577943130411423
10.468238681585218
8.303037149903533
6.94597207856051
11.265767930670554
6.211087946056904
10.171867226635555
26.471546774750493
10.012933356228759
12.807983339675213
21.046000560494235
18.66237782246963
5.35182175899917
8.555649831832522
8.105206898037862
5.095307177606674
15.775901747165904
3.870330878806353
19.045013924914247
19.440652189657158
13.97677829141025
11.48791851713145
1.0016955125477207
25.859756223896376
8.32755923643939
12.521770355052029
12.456250920740958
5.73215390183614
5.668754987493527
11.162555112667334
16.07964114375565
11.533388810913523
6.767611799029148
9.144769195629674
16.818827613969646
6.645486329351305
3.433743548856328
5.850876761352893
12.692898708574397
5.767880643611602
2.2532784020246654
13.745674864766412
28.471704556349227
20.04517768022927
10.794929522602372
4.878359874002174
2.322238105711465
8.541944811332293
6.79444335255968
4.929746709391853
13.139726466780479
7.015806985821602
12.085377757788773
13.390406116265615
3.9715227243633193
13.043344803387743
15.427614450900323
11.801572628647623
9.670735625461061
14.367999985085007
13.958373303863373
3.8726533742139173
31.1842106045459
16.94161555621497
9.83322350811118
2.762823987905433
9.900238065130795
14.874962804203145
32.29136347663913
17.262284300280683
12.470612048179321
21.90017960573611
7.564105137950252
15.411990840241891
4.277385926196497
5.4562165418463495
4.00368148995746
24.4071680014505
11.216225517175872
10.46520511569148
15.129364580204356
14.151367833610593
6.371583200278078
3.5364878130467665
14.347989889259468
25.40170362148694
5.201735346818102
1.8192135442428934
9.594231918818615
4.003133435388794
8.175716147168929
3.3819539433269252
8.59700811688072
14.889573164750812
12.21530645206326
3.619400513818431
15.525891146770999
2.1306064501997124
4.929828855844309
4.128859867273738
3.765291368923875
5.106378894241662
11.30899224766614
4.039848711474527
3.5903937269831347
3.83271760235092
10.187459869403298
8.371474661559196
6.918296287202197
6.031416671869127
13.408182247123744
8.348870798513937
5.650511710629368
8.505610607663224
15.715689752507085
20.554949713311302
17.442208824006777
3.041121431227517
10.35984254451784
10.66666307290346
7.6627447495267464
14.014094009482537
5.691010448912478
4.76710488145347
6.7926449395686355
11.750486384918931
3.3334519311221644
2.645013612384534
9.93895488410231
8.618013308873504
12.473164124600439
11.921540058166078
6.37579163832809
8.086551222682491
13.244956439854358
10.177269865747187
10.300462641564254
3.0945940699351366
7.058128568856867
3.634300154391775
5.051091775017098
11.376894515749564
19.053032988796744
2.4546272209570787
6.267404755464591
6.786761781374344
8.587908643571872
16.807176775730337
8.467416216008145
5.133573588476147
1.3721939614339784
8.12219965564417
3.6157991944385026
8.611117306425404
7.484186465782455
4.2178116705690085
11.00749299836977
6.424435052965094
5.526625231398478
5.591629810283936
16.98277138670569
13.636777030910704
9.099035302648929
8.224981132113138
0.4578310978322643
9.43256133810712
7.076650890941072
6.546560326961583
10.954086002484452
27.12636549207608
15.22252593316164
4.750836578294745
16.46923146583029
5.638715304860512
3.646530959049781
4.9594887377492665
4.062840057921227
2.614910687737767
10.997511257341499
6.280837478777671
2.8843702848653976
13.074742168450548
3.0589501762144824
6.163920651649368
8.205066202781797
1.1761714786128372
6.876898983415805
7.651775839529992
6.3046038675710525
2.244828101671072
11.362533554249378
8.529505057703046
6.045657909739175
10.819803639743103
4.539590133265258
2.8418928765877114
2.6913883293805374
4.473552067333103
6.470440995008329
7.691133332126139
5.06491759083147
3.634527008947619
9.098143897523343
2.3750097677787063
10.963628273321367
6.310938509459763
8.4805726974894
0.6628559198801639
4.026827250497192
5.487339468633973
4.127475279238735
4.869634834696081
4.902430879557347
15.708941284586578
1.7205820934940517
4.681970260145387
12.855248867446479
5.080830898617834
2.3781209737442097
5.4750415957518115
3.445767926626095
2.4128749744359457
5.032575308689141
14.520880416336698
13.377234319412544
7.722811898573283
9.297344045178395
6.748905954442497
3.9875258615078
8.651307468973105
10.179933770540732
3.3642317440713447
9.069612499415461
2.080226485833078
9.362899896392316
7.927866682846556
2.6746511768575214
7.878511816722568
4.139528331821486
2.1604198810257165
8.057791129616694
4.921568898714601
8.35504638219612
3.212607491921957
9.113299731223059
1.2418628118672315
6.003299026702685
3.2319799626176624
4.531346444197928
5.7410701751983355
4.7448427989079835
7.9676017695942845
8.670248425082532
10.01615373940482
8.18834849343931
5.294774643578986
5.862671486729269
3.7210129798246037
12.407632387427727
3.8270586368105928
2.111732847884457
11.74820895348508
6.3171480894207415
6.220824505021437
9.416413334953935
5.075918167838453
4.0699230312253505
8.56168919870513
11.244994806677658
12.284910374363491
4.952651104774658
2.524789236132734
4.787526855357597
5.194402474864963
2.2526133265922197
4.403958197905225
4.091242866499631
4.128381505832472
10.8308247730446
14.553676181095868
2.4240982193268117
8.17282208595605
6.185251713358044
9.019895685640233
9.324368449114257
8.414429710687399
5.705862288127603
7.011458188001519
0.9304292805949889
14.26830653920914
7.631108786978731
5.7347035093417675
1.1536322202601876
3.1062578422922926
2.494354763070845
4.650864644267729
3.8238188032916107
7.875755418059997
1.7088222922130205
6.317513404221209
5.967961915588464
11.808152984409734
8.235496882147288
1.6475409535178762
2.452503234204661
3.4214680970000644
4.3594008029945615
5.863260811426415
6.267790702138973
15.336640346089752
2.8713869737696625
5.428586091960645
8.685185584205803
4.8416793736912584
5.131792505615406
6.484825715841085
3.4548915858139573
8.4624708208036
6.42048429243161
11.722732383908834
7.234027317455851
9.792822384261747
7.033309508716041
8.7649205660705
4.7355115600312745
9.33141072690471
1.680857968438768
3.951213834519294
5.456753353723064
2.272551365715914
4.133407249043995
8.474603313556761
6.341823029246197
3.799996299999983
3.3528512755293436
6.736645594914336
8.884921763064645
4.647928391319403
1.1805222645917521
13.47008819453514
7.811255413488173
4.565308327247416
3.263885554065185
4.4288783672182985
5.3557513210332575
2.8310768006889337
9.005766672927209
2.846029378342778
9.94548910247217
3.606173401542645
7.768740256315299
3.3011827814622094
2.4407782431105973
1.4879550249868927
5.560659849287609
1.6561933876756123
0.30563717848079475
5.3824750448788485
6.89837446786857
5.085225140330736
4.732454510518426
4.091606772306738
8.32835368725072
2.983880072692296
0.8613703588381443
11.230630162607886
5.36110877097789
2.1543253438877974
2.6731949057709934
4.7106773320439785
2.087518278823139
5.167285311077768
8.326677117997805
4.770516203621763
6.859604840037296
9.19176448374185
1.7716068671021983
3.8316188964502094
4.839170319963423
7.635727059377011
3.0508341426224685
11.693115101813218
7.422224640546825
6.382161250357547
6.631295255659022
6.393592407278129
10.806975433069988
4.910773712919258
8.056052678864093
5.583240974001936
4.624232451723721
6.3681430206654595
4.498408753695297
2.3701250600503148
8.662791674120946
9.350073713380512
7.234215871799622
3.053730477996749
6.756168885524867
4.974179758606072
7.9859056606533265
8.907390817966315
11.349230784589569
9.201554726030501
6.599344292833416
1.1126118085270378
5.701977881340046
8.445849251740478
8.887385775798089
10.569486377000281
8.032023184854456
1.106933676393652
3.399249178854518
1.8826244128706962
7.96857815914469
7.448969301243448
4.379494596303004
4.5680801958678305
9.706248349036471
9.101803249735468
6.875416337552158
4.767100540038316
7.065520012922572
1.9762300928209209
7.118732573208584
3.3722163767175344
13.680523304846572
5.78587483402886
7.390508142632845
1.3840712478991546
5.399551193995015
0.6882605568080268
3.5909111287160074
0.7199765928532913
6.083847044338831
7.839915099494926
4.517542481711187
1.3556415877263648
8.443307478462463
1.9533781550509504
7.108072827046526
5.1352093013775155
5.326869115811061
4.333200640783106
11.021145558054993
4.0579088358538264
5.509012820237881
3.1341695550462485
4.992664337705853
4.852201689073926
6.732194711512923
3.8277887579924084
7.880896246374227
5.147627545332428
6.659450569178638
4.2588675697734715
6.798874403920876
3.5279154821592695
7.754859149249129
3.5259419768837494
4.242822237724634
6.89743276397277
3.8547995733421767
0.9581786167748797
9.562101232515204
4.4391970892919215
3.9340107960990576
7.826237287983796
2.1639236427089243
