237.94310000000002
48.56092615840248
42.71872247879605
73.95686036982336
104.28138053867691
91.69990748633762
85.08206994231325
138.37299561781938
715.0626594210903
217.93386141285777
175.0974006028077
99.0394270620227
201.72454446563913
134.68508189620704
447.0809396054077
404.5434739052717
449.15661264074225
381.6315288606798
195.3399628923543
105.32147812502723
233.64434272734908
125.68066990329682
241.07833452305874
378.5382772635643
183.77176446940123
145.75272320909215
258.99099694556895
93.65562618762287
257.25222217529824
17.846866506523547
278.9816329020146
118.09908387548552
214.228980037814
163.26413514750007
48.5890075837063
164.62834677899573
49.05632715036492
41.399154949827775
134.29827583691483
415.237772909165
82.39699265616036
116.65761730113366
325.21369714812215
227.69815981271375
82.4071159618344
159.341020169605
223.5854092039518
58.978228975240235
63.71656681009943
137.14515473652517
431.73062764007375
44.5674214198789
295.6078752769984
183.0780640158054
80.22064678992683
102.0024505586979
214.7038561507271
52.67937716899004
78.33381168198663
386.7349439297
121.78179559177707
210.98264350412015
228.5114996288072
144.05616437176897
193.73109788141883
67.91950149717897
107.78793179543443
208.39783342994494
136.11891040021465
123.50886622003466
246.3242648594484
100.50410414812073
55.00847283367739
153.36030022682854
152.21417480083528
179.15630139868423
141.51849263962836
147.0563645487868
86.96414890034895
217.23739324161897
154.57973443720994
157.80511460790376
65.34294897192414
170.46918670568644
157.81743940483312
128.2512982599895
101.5307142480913
115.62064944842403
148.22358213650236
156.53635386326343
25.166069586459578
148.79666696142482
210.43483508848502
161.46206591932247
37.7639904244913
152.48305277961666
70.81144714297454
145.63628305742355
104.05539249443348
122.96069115863743
162.92744863443
28.61746129216985
165.03211846636916
71.09787094697863
126.17799139929647
182.75346487663825
25.923771469292035
6.869407523285402
27.111281175727317
98.15952355046711
94.10406713626247
108.12630075902527
130.28716580458106
207.05133720096356
157.40477893538522
102.06666431885039
119.43706910094794
100.01840211290916
112.63336951548054
82.30558226422589
59.246735542298666
69.98986818103978
60.957846976334025
51.580604515864216
55.20618033037606
75.38654214391569
26.352787459535243
51.51209559155639
36.764832201360775
41.84386629577711
110.0614925215823
43.303284206140226
96.3945990906796
123.11440332663366
34.77024902237136
25.286579499483885
51.508178998116826
47.85372292108304
62.662347110338324
67.61676682572596
20.135638120372665
49.337694272164384
27.385247088937533
13.423440426331029
48.843270360219705
32.372200188670085
109.44597795489759
36.28109413190485
46.90066979507417
67.13624032357842
95.99993155352519
115.16952135133491
80.93395932175589
53.393174812554
12.199507771526825
26.34443602466499
26.937699745426233
26.44766615323448
65.4593569265002
57.71265844562886
29.693029774087876
35.94001134252884
77.02239961040453
12.652286534236257
24.616814027523237
21.404860679958688
83.48311108685513
75.79702815482509
35.26538807919656
64.28107362744092
9.182081971988936
36.21309835537387
46.71155634337362
53.624355508372034
18.40993424736696
31.728234608904536
44.14344276907089
1.2203022373944348
55.304954622052044
37.20737112878916
37.42299991966852
18.653886315999983
16.96546981259447
47.848696479591915
26.943102842714946
5.475866333970541
30.901392436136167
13.711341814768302
23.4459186132615
18.943099517680984
18.57198049317855
42.960953546281175
10.052644207696643
41.75175359212121
48.66293582470677
49.879366868332916
66.14454676495932
22.495693847485523
6.649983618321345
14.612864420361614
86.53631220600005
22.161220172326804
19.247660068612852
35.75591054604374
22.26323109574681
18.250816743566133
5.8033481872967885
21.74253142098214
34.334564965867536
56.85635868460953
46.04864207533186
44.22451007244614
21.731115908621682
52.54832643990289
36.40509522657274
30.11651114622605
26.59151994849976
29.835180583147466
36.386484563712884
15.256739675432394
19.76240342017985
13.039085837251053
16.190746202996905
11.56988555292485
7.17199615697115
27.85065366952802
17.664383893208345
43.27338930219852
20.157504130063117
33.83765928456258
30.222352641736293
36.56931767710786
28.597664105605254
36.008842967703586
17.627202911101353
19.41466460916143
16.498482481081943
20.574080552240346
22.37634433963473
28.149763234476172
16.366691085349245
28.058618346780776
48.56107667034434
33.243328231266226
38.052503320936246
26.810862208574616
14.236407013434617
18.546306000068956
2.6559084668507045
9.671580920205322
18.62726260679322
35.33617442741908
21.324755489617363
40.478008054347235
17.271203234848997
26.495344516631057
15.798448129259594
15.147607332911475
14.265265671099304
18.04400674648001
17.170980285914496
38.04831709755866
19.315296628172156
13.61965291275487
20.818592249974035
32.189234010747
22.555817425575178
12.019506189504467
0.9285950083815656
28.685038214722884
19.96716641310024
28.129945613618766
12.701760475423182
19.33595950629133
26.468461882626983
24.576107746659886
24.70708545073345
39.49064717588758
44.28392751306079
16.775348075395545
16.50195443033766
34.73895368525519
19.503166461744108
11.725150566417698
21.925554715371764
36.39263871130162
11.271748077061815
34.70059888317456
9.078521591624924
34.70486643286326
36.29611611897465
9.44566148745054
2.9792901119248
24.402300520262706
13.851342583107222
7.529525000279351
25.474343196498474
24.2484287382433
7.9860040485050385
22.82391967356335
34.26659518811262
14.999742202270092
12.688332736231082
13.00238474144863
8.208084338642955
15.872256063446954
7.651530692988649
9.240650127731113
12.383700059657174
14.949942635697079
8.371654672450122
28.81240450566852
18.031021695215134
27.265553545287016
46.74229544154797
9.531164348963584
4.357050137045955
30.271918866596756
9.733112115829645
26.944058350745873
17.14070495513756
10.560766611702924
27.744257208474675
3.3748127014037808
8.53820317745678
14.959636654740825
5.759676107561429
25.417367729488618
47.973164918521746
11.502610090461589
3.43806401991908
20.030549153740186
51.7191220293694
5.7915437395799465
10.30794296633211
21.32590216155764
22.226569406992294
5.7443905791257475
26.24947422398497
11.567975940821288
33.60275973931638
7.036003055573227
10.844592326738908
28.164780166856872
6.817597958498119
26.427161217336906
27.538807410977785
15.628548893314568
11.967167263123619
35.25132129311622
29.271772944066655
28.07355625054813
23.15542374418675
23.88305006457735
11.682563823017185
12.196004988435996
7.09728526713034
14.358388462254975
15.08684104309356
17.132980032100335
12.544439269511122
22.73608822642031
26.681827108945107
22.47070923548919
14.21382740436103
20.345848653526826
7.776915081572308
2.1533933999518373
29.935821606558868
5.869397280974941
20.231788289073805
12.810088079934284
6.51529997135129
16.617422716652538
15.649137671410061
23.61126462376907
19.903706999556274
16.89458377466875
9.90007040373021
32.23640615840109
18.109222834651195
9.434802059969597
12.98367959871555
17.30654102608491
3.3218942447842217
18.094873083020854
19.21684356571126
8.831640544037027
11.550448248219068
11.201178315068042
18.813690793216914
4.967774016767402
15.484878601982336
14.850384020604421
8.139205215507028
17.086658339606238
4.552228731902033
27.43424918694616
33.47588080173947
12.907452835035148
35.542182598230795
28.617652796227837
12.580072593480793
11.473783312309978
14.329570145871969
22.139337025175983
24.24382551637892
31.881795410270318
24.80891012317688
4.923825115224788
4.835615705127682
8.103301939565828
15.787164957662455
5.291784333462196
14.104622592980846
15.518669546376785
8.84413714573509
16.27170197084754
2.2709747838857557
7.443857349285235
19.410660009033805
13.226384440181855
22.418100429875302
23.268458505634772
1.9293370997787358
11.209964863023714
14.720863789297429
13.522322564946917
7.498997279102494
26.37278345876591
18.645555473005274
18.6428798119004
13.667059857724457
20.382972160295626
13.175666028739803
17.604759296863737
17.58180547039337
17.782172422950996
9.07386833156097
28.71243934159614
10.005317519601919
18.974743729560508
16.697612029582434
3.7457469707735815
27.01063044266521
25.013880016700618
27.594417050447806
17.901264437940316
9.51580282882339
19.546467643125165
23.857250180331643
16.374604056404344
5.981847702188481
6.934152618731129
8.385134107099983
9.3822814052377
4.586319341708366
13.614251633717995
15.429230905944717
23.59156849468152
11.001241621923533
5.818541609799327
20.105994180904247
15.440950687220345
15.767061152541142
8.687707371811557
13.322111967452818
13.899778611094563
24.460576538470725
17.718356664369843
2.231249355829641
5.902417458531997
9.41031498795162
14.455293427309462
10.499782847659924
15.121032406716036
17.196026972363953
12.340279718513342
5.867135769359415
24.695550330582158
4.915092618593004
13.573218404800897
17.46843735159056
9.025551877363206
3.3178407845352367
4.754141624054619
11.593745838415446
16.46393283238021
12.704228484410882
2.5068436567900383
15.242734429355904
17.622368367194554
19.949299576567853
19.649062374438696
12.217676223899247
10.72631807957422
25.89662205729739
5.7673550956353425
10.313926281578851
15.983403600016835
30.16361430156664
16.98119479652303
3.25714393792532
8.715785289393162
16.60144738264617
21.84433384251549
10.795642557709964
21.350937356086817
19.5794438777395
9.937588787841817
8.46203846701782
9.564499048805319
9.060707050236616
20.526429982504215
9.00289328733211
8.353052164630672
8.023019522268626
10.615747288944997
21.439843317341765
8.487366258258296
11.124351686835587
6.56712421009693
10.894491539410152
13.671589997481602
17.201288286420333
8.884435654757358
16.986018207585822
15.000964678088307
19.38718176248648
16.74773906662531
15.790141403958119
6.33261690129815
13.454868277159292
4.6017942293291485
11.851726166278281
5.890346413777911
15.927671579618359
11.875891445364482
11.739262318248134
9.848739361250024
14.41240980384425
10.233002027345632
7.498461082208409
6.201864733088642
19.977203358785832
6.472145591273287
7.253720098188646
7.073743611830524
6.660517074072126
5.820629526676732
8.966770081125137
2.416813922128077
11.090987163013326
3.834499307941093
4.77960411899372
15.826432170297624
6.723720122112881
4.774565294999515
14.44510229204518
3.903081439039525
9.01099576469656
5.339347867084806
18.991466446384287
3.824621628570628
5.088702866537093
7.515832133249551
4.498646169882949
12.049749763481508
9.708731004232252
3.2241244815379133
16.7552403161967
8.180582510471185
10.332515539636422
20.96319829710669
13.5950682019278
19.491438132779113
21.38000550871327
13.686070277573737
5.717496785600519
7.615506476018077
6.627421920811788
6.639129803930208
6.283742534308635
10.735016156660437
4.827724744716625
6.004465508604797
10.061663441867072
19.089825380207685
16.61859018141892
12.916062052105648
5.30688717341955
8.205155626243826
4.66061165977849
13.87983350901018
12.062789117121568
19.906238635309546
3.6806801369061524
6.005416261855226
13.350699015017549
5.612934027646772
38.237283884732705
6.493316913940157
13.324297841538465
7.323125285919016
8.058792863523694
11.866886477886053
27.92847280683832
15.009319531268273
25.939430684993933
5.975821301168985
23.116308333476667
10.158073765180287
14.01440169896527
4.898901000642681
9.023898814980173
27.69262118578554
9.437211068337984
6.007727415276727
3.3682014996468204
10.733956291990802
13.94635931822422
4.997406625615688
5.248247450019747
5.427830815671733
13.81195939253363
21.485763256002567
3.8031555747871297
12.964193593719902
20.104257277792275
18.314046996515348
8.106559041595496
10.485360985646325
9.33650244257491
10.875377459563143
9.497057896965707
9.47373665043092
9.201177519641536
8.98864468504722
15.705582988553962
7.349335849597077
9.039383448400717
8.767829670470844
7.081069281376109
10.559347505522208
5.205411873562202
1.2701208070596077
13.292847120092931
2.6329568297874237
3.7816380323503522
9.39784183037367
36.737350740446544
9.15965897082593
10.161096585159878
7.372534147132147
10.35844940280086
5.504345111498254
6.786364702571644
6.90068882826617
10.122733529155665
9.301031838877286
10.889675599924958
7.569901201051363
9.010813949710155
13.164344692256485
15.78288774683983
5.097079335451419
9.507771055954818
4.436487093214512
22.808308815118334
15.266426986447774
10.767921228293718
10.543960152881425
9.036989005350025
3.2553684415601087
8.691006094529229
15.021181586988764
8.037344028709926
20.23037274834415
6.130655677276153
11.29246225114506
13.849077488081345
5.6656079413427145
5.172034488344572
4.510611772595354
11.34235705712046
5.635009794193013
6.897795113036835
2.3801351630507592
13.100871580095708
8.077846637722873
5.765924946862396
3.1081628430795605
7.60649531636704
11.497258273909072
5.117057697548098
4.990550275493261
6.913028822110549
0.492598021700578
14.819158073432485
4.820232465943285
14.260868760215313
5.486042467395137
6.799645349042922
9.73733446227959
20.159220209779566
8.55902481089811
4.43741390677431
13.396387439559428
9.851054549567312
10.930985155238167
10.60113142204555
6.758779359525442
7.5249969272833015
4.238958583774384
11.534707705379324
2.483939980092467
13.17633278427476
16.000409536738786
8.37940621934174
2.3934191969207705
9.559322674353217
1.276938557224875
4.1572552651730295
12.495313444851266
4.436245014275922
4.146534156046404
1.524418492599721
6.590285656892422
15.032672827581328
4.489419498750302
3.97008417934386
9.831223427165774
8.500009273777978
12.515945480522642
2.7326474882876832
3.7138446656650763
6.0853612741310465
6.798106192813057
7.711017269445712
9.504676655082887
3.950507998051019
4.173063845443328
3.1952647807693872
14.743654178511632
9.399553732696052
1.3212477622308507
4.037665498911724
6.598568914655423
2.699418310791325
5.409685245798432
7.4635659253864794
9.571765506744095
9.168062562870917
3.6752583462440636
0.8667187809589323
2.96476487237299
13.430979957751505
2.5152736786564156
13.02520967077168
2.9349736576378254
7.220434604519245
9.280314448884972
3.7488227781404233
5.61981048189804
4.384986853667056
5.478619452683802
7.0167323317515855
4.2971672787328625
7.076033081453593
3.838488539897449
0.7921488097985077
4.006034012212415
9.00032168769957
6.329802029810569
6.478830964174323
5.093540131028565
9.982740689958947
4.966883429776655
4.963646459483462
6.18832420986049
10.751684370806288
4.348266980089571
9.512081586895096
7.027945749937454
3.728924602355696
4.698185462102607
12.340002688576929
4.262449222911428
14.666328254830079
4.420868893288579
7.807287500060504
15.157330017015973
4.977724311163194
2.134041020606224
0.5633297574457423
5.049105376045703
6.729925868902016
11.703032440893995
5.075180963535139
15.156915422380056
6.529281006205081
4.142339868885732
5.938066656049984
6.110350909707092
8.037268924220381
7.175055051551978
9.528386245810626
20.65547356335142
8.671635728219858
11.666361106565246
8.73804341654141
9.263513532132354
5.14581104298584
10.19756053835172
5.867560927742996
3.936178442925339
6.845492032952413
4.060921577714366
7.350347591820978
9.321052142589267
2.3371074190737797
8.405103768851594
2.1161351394733705
2.968939792786987
1.9280838269222593
2.556497300584088
6.758718020181412
3.2030059585914787
8.199353983939366
11.845997552983668
4.204152003534018
5.210147276552561
2.2280703503597934
7.2844802090131875
2.2728884841428676
10.979037076719337
3.160878631235673
9.878638497069817
9.337555989420602
4.639477654455042
6.821535909117823
6.684315750676143
3.162024506257329
6.463081583031994
5.833514115091603
3.3874435551613225
6.81194419438284
7.843605274365852
6.775583139128505
9.61788901013464
9.673460679734815
4.971626523732721
3.3908866559880715
8.351571916269199
3.37578855318111
8.877727583925978
4.410362730490279
4.435067480731751
6.658854875144368
6.804824625357759
1.760996586731476
5.2574226410245375
5.646592424035613
5.014800331651348
5.237509942136511
5.455782936422508
2.0208116335791657
1.3179217481319068
9.742238024693355
4.290491014938766
1.8810106928950017
1.709075199727414
8.990194825777476
5.1272357944562215
8.150707500258232
6.437037135125317
8.36096922434312
6.284666223644405
3.6677841938432425
1.1562144223233632
3.4872180865024394
2.3917685506329334
8.397773875637137
4.313642419149216
3.723712692890829
10.970820636320623
2.3430939694112536
7.412404332692988
0.6065189270503228
7.375976681975401
2.910836765202657
6.838648532066252
1.6866915116240362
7.220673211376176
7.543657608830041
4.643059872249299
8.590232347469557
2.820808008957111
5.810695718188468
1.804003968547108
5.765776057945025
4.547036381179053
4.5820944821869665
1.9956790658878978
13.184547069599736
5.448209096857582
2.470262969676687
3.7085214027593127
4.929222740117821
9.076966353605805
2.967234658687887
9.171609311355152
6.356913392918143
5.703371323032008
3.902489297513494
6.7808903329742645
5.69457014881015
9.94694387423297
7.936379275101888
5.05529508211157
6.180617019274299
3.6706287380322307
4.355797136786994
7.64524833657715
4.060705521420205
1.7162389711933466
4.239595356729862
4.195694764590369
13.863985407713137
2.8003289027765863
2.439498841595461
7.987709486195121
7.323606858221399
6.003835393279692
4.642475029264942
4.336463218938642
6.1260831998444365
4.043155038014702
4.372234568560542
9.77849901407455
3.970271709242371
1.8573374175235
6.0512839905084626
7.345367479453743
5.955686190438709
5.077707723967682
8.685524886821169
5.659206325022421
4.5719522261661805
3.620142880534834
9.364838364132522
6.952416621370395
5.059423092088747
9.58721324202647
6.3570129041984105
15.992430506523664
3.002129691257316
6.357372107601482
1.6935864308767623
3.093372955088857
10.321669340068475
6.272797163097
7.709809789758073
6.349460681849695
3.5856283887503237
3.3747672647565823
2.85198777491326
0.4217069375328383
3.983726855834356
5.434433659946967
2.6931983175369156
6.172902401980114
8.219556295718878
6.108610373117359
11.76655171345018
6.907589658516945
4.701823659426967
2.421719810181366
1.73194252731502
12.350420421717796
4.546305484369567
6.278507854962387
7.916473494156956
4.398745659460601
4.425328552310513
4.848867255658986
5.927355841231972
4.665727956110931
11.127231313190768
9.914906470528884
5.829314990044503
3.949561787441592
2.7384254840315294
11.346253455547457
6.767387535357631
1.4587689198795601
8.021131255651612
4.512486368451697
4.5748519242212335
7.972752951657525
182.2554
35.49043808824353
25.802876008952225
26.62944989936187
13.263934343518724
128.42642146483706
50.99755313169861
126.25061383410598
221.10653226981555
590.6893256689916
115.0183148041539
31.097231887793157
138.62744127105367
107.05708360614503
130.02088868661912
104.99790859605194
217.00774665449282
235.26613281491694
383.26939064054585
318.5374822847449
138.42997571308865
174.51407954857706
45.760983257993615
103.51008526432933
163.86958016455458
111.41518501850896
275.63156445591096
246.67295360986978
79.72320379135074
264.9093251424661
44.61546812096455
153.48216976516565
170.364718506617
99.28448440776334
216.46416383629497
91.3346617842282
357.7756968082305
231.9804520094542
107.16905330617327
173.46475765009126
107.5910959671104
65.09145556505932
137.71311839367343
237.81175134012742
255.82279311844874
85.4731944293021
49.8736979239717
280.05523660340054
90.33119964783485
252.5939994866507
224.45941184731169
224.57762091915305
252.74272733362338
385.4597048934215
146.5924917902597
233.69349050805994
279.8409609379907
142.66879427673663
131.9063261284449
183.68489380899695
2.27812064247565
78.97533652885706
70.11607487881685
277.0447237780099
100.20184110942692
184.72435158627925
150.92939394356057
139.10522469642763
158.14225769767594
103.08476744455717
320.9277432291764
264.5368658387064
91.12690411974344
64.24403468710395
88.1452117443213
237.27426599433753
73.29241610351296
299.624356074839
40.36969139031438
118.60819427801431
64.1889557721763
84.31188410165971
73.09528283419465
73.35738319358884
67.86211870711347
194.9370727688435
136.01638445669897
236.87656009051292
86.60891895256157
117.43043826867215
86.62865991372485
84.46177030375155
155.07429583619094
33.21470381897853
177.94981016001907
218.45239073823961
144.01506887176123
17.59752677034843
40.14915980576673
3.0550105588083154
281.4020537450379
103.73847288559087
89.83551888145861
132.28629593186372
58.7432095431217
201.41358730392668
42.3244628536831
16.530937344427244
39.67941228290393
87.63818188623148
121.54251318840475
123.90549468494764
104.88897384535184
87.75638119758497
77.80129815559697
80.80366442785275
147.0696485526021
65.664121933695
33.51713780341549
73.58153125540768
45.252763141337624
56.53899347250373
102.23006111865213
9.436723570972969
113.19559563868384
53.76198446313705
54.367607895001406
36.61466697704767
40.219236036994126
73.37653434536219
73.10235170737397
73.56308390432095
87.05355175435741
81.53668511525815
33.63242663123283
101.95845955764895
91.6117029190883
67.63220899176541
34.806592921533614
88.89626785658756
105.31614290088929
75.69054795503749
21.26583203005321
83.8352370901688
32.187670170135476
39.639082059303384
63.28042166174015
57.69066061121773
54.957550241488185
7.210225817989688
32.76348679790257
84.60594510489972
95.67934302266539
27.17546308295781
17.762875901370762
38.459811750890744
8.628641985512914
76.93602099411777
43.19298604439864
17.65130630386168
50.780546846204025
42.08112528661675
34.45043126214945
36.20489335688508
21.099876169372198
57.817528451953336
55.11922043953309
72.22453454334902
15.231144841587387
42.63189227639839
41.85454115682921
37.52418422149497
22.831302532743113
49.354187298795914
48.431063767229624
32.840811607719814
28.936348815669152
24.670668163490973
61.40624806423475
42.14985572258219
50.36184038339729
32.6714596653529
22.133645218434964
16.272393282928657
62.32807210469027
53.96707546328846
20.30317436531316
56.225175363424626
34.68682622342361
21.634368272454
32.678474356934494
6.042390642713102
57.74191763785006
24.53688733947448
34.885836034092364
58.648771595616026
40.028152868045645
4.920703928957261
33.20323123788732
46.83087441707511
90.70441943544128
22.09035707130307
28.39589151505897
19.569041585630373
13.203402825169725
19.015618635728657
9.533005073293014
26.967859449613677
28.207708100904306
18.585639697995497
23.470581920288968
8.05094468455382
12.160269136357126
12.386684523680682
20.38888558874305
27.246267602620872
21.078415007121976
26.266238517433965
28.450188567928844
28.337832643844337
40.23565845278812
38.39844786073967
10.025040000804848
17.34932277485236
38.512733345585474
11.423730901779827
57.64499698999881
20.4633825883753
43.68797659877322
43.858611665576674
37.01779382416768
17.261643858988737
2.7966210917987824
41.072923813570696
12.412669185985354
34.82420630429107
47.12544088220426
34.05934880798665
16.613876434989002
34.41597953027433
9.58465079642686
3.0641684757073384
18.973595593176487
33.388877355907255
28.904865087912185
13.05369922100047
16.165694178667177
13.676481437852477
52.582550971951136
35.03709443593128
19.362033108635842
19.210176223261286
40.77587956789081
7.73969494392363
7.863571830074164
36.59470888946362
11.987408986017915
27.126955153593546
10.312189954673626
16.570505927686032
9.120472901365122
24.269105245432566
23.287184741362157
7.020750308820353
19.106257214133027
34.06321868886644
34.05671617691246
19.474581332825096
29.030248382732346
58.1985790273254
19.538509358813435
10.047566174513221
45.13402648951533
26.498870980745178
22.279546997447806
6.354086003456965
18.73510199308215
31.663771436191347
29.63472870386878
16.130709863991598
7.2620776627677275
36.588112450076814
25.7477937188966
3.393668010443021
16.767729915349058
15.676584341308327
2.9314564760378863
14.895108196065479
15.927976204931088
16.30110432107884
10.21437887767665
25.554923487442096
23.01259535000738
24.908325852000846
26.522094352485105
40.290921324812146
15.211118409173903
26.582316604227476
30.226047735055797
38.94441721865855
7.490560075534532
27.386065713466323
8.596889094122764
18.380498606360007
31.07993012791479
12.666782450078845
3.806069264685503
33.33510301140235
46.814308629349696
36.76809793538792
15.391918361356138
22.450190888408926
8.529235807507424
18.127345812758964
7.012617040044855
3.3609595647260293
21.82724744265867
10.27938729031659
39.43842388185322
27.722635689672995
33.31726446370211
14.805155778228519
14.827944211488273
4.111200995387711
19.89379241802095
11.830908476512695
21.020945273088486
15.187409731728625
18.835218097226342
51.95574842256677
21.573410183793268
43.4076968420549
18.897365185400115
35.18323344837096
10.527054604360053
13.896610748958079
30.609409024137857
2.4472640789320246
23.244707995484973
8.781947278171181
18.10739668723949
27.02432519033401
28.95249336594221
24.130035788192313
8.834967111484758
22.50476670061468
30.3855160989614
35.32682949042548
14.975426280933364
34.4956206079308
35.21422738197576
17.085296050748752
9.999844608727958
20.708898398296807
15.090089601463884
23.35376549456992
20.98097505986784
9.401647910542078
17.025435992587287
13.039630519527867
13.023772034299776
6.073760112090033
17.562009702358086
12.885683445440955
21.214021002873814
11.366315290858394
7.023120847306781
19.623125731938014
13.88377693603779
19.71281255920941
12.987789240026908
21.718080307224106
24.087675271870147
11.90415806602122
18.124151068607777
17.85033325180255
16.308476453837944
14.794798176772774
5.835299224963622
41.020131896757746
10.863775954646886
23.326180710456335
13.352840929787494
7.467820095951861
21.285650202220438
21.06437684366923
12.723795288095427
16.318699298706854
12.9342300390768
12.111902170265957
23.430710663956614
13.160447838739286
10.943306338790322
8.888151635021062
16.429892261766927
8.761713317327276
12.553008605846905
29.08959747676462
11.092675195379107
7.806872120726404
35.88145047931351
12.105521669367056
5.189932135077031
11.398353277223517
11.284550103160106
25.135409346986442
7.385068453170899
19.302298505162707
11.272376651472864
11.040013934536708
13.093802271570548
24.64715196584159
12.50142359791885
11.499579314312582
29.203600168180984
10.404567374531226
2.7632887784097973
8.679851055053696
12.825028820793833
21.570782353638585
27.774181838189232
16.145816442661204
11.895643157082791
16.014678322043032
23.635803114147667
16.263587041085973
30.907297152557696
21.444210165459804
8.300584399308235
20.936553925492724
12.962551438023254
2.8941529950398777
18.22506771957017
34.59959805322051
35.68563553620205
31.12703653636924
12.014839829076447
42.438205299036774
39.01283295571687
22.908314859611096
19.2962563727876
6.04526542088742
12.080283332906104
21.629747910882266
1.281868753227504
3.196533771286202
15.838852175262604
5.1999729054580595
20.544973168921572
13.41277794925004
25.037661726854388
18.704597646719712
28.152430572178904
7.885522183410064
2.857445121534124
33.733945994233224
18.71047117454358
8.424870754383468
11.359970906779113
18.680090607585683
8.496205562396732
21.20219172093679
5.056645755342105
10.314918898667083
10.16588898247509
28.972666683626176
26.958847704558945
25.621703499000542
4.506935079037485
7.944929275669568
8.611931835510319
11.209335238474184
7.401780198624994
11.33088033227973
17.859729689017605
13.894784418411696
16.33560504977137
35.05621977092996
30.379605908835863
6.5141557383862825
11.669900572955916
23.530662266103704
11.802570854415356
22.47402624340927
18.32798851892933
12.970093892783686
22.980947234976334
19.067966953133624
4.6742986802774835
25.692352290722024
17.141458502286568
16.224555098565954
13.73132723907821
34.14138075481323
13.022547837677184
13.075933271584724
15.448761010041036
21.21473702566333
5.49442282750969
17.453811212838726
29.359143096668834
7.922392941473232
11.390264568487813
12.734122664855304
2.9593297700950485
4.48148511091306
13.427618236113549
7.606240614063279
6.182619444006113
8.899139563477972
7.4568554613858895
12.641358060297357
11.270271008852509
17.315996568465877
4.754509620281261
23.122761372973656
14.625550623022008
25.256718002887865
12.123149087622838
16.94600576375955
17.854882757414188
12.760832315384855
9.705343262784742
2.502844243194538
16.159823282913507
11.277222174546345
19.502468610276843
8.657301941541276
9.228382969856762
10.123997536083145
4.42316377466002
5.634523718509235
17.429648515943683
11.333407124449984
13.089106278810307
25.614497651155343
8.229643317972762
18.474098677217455
8.452243683605976
16.425156436430196
5.620460263275189
23.106815427154768
17.126349624286075
6.271892924098977
11.516186375466878
10.955980236482741
10.330458261743603
12.158606771521354
14.600442991589922
10.627539285691235
20.088196849342562
8.33685565786499
6.937128541012369
6.561157989512601
9.912448543368393
12.864335086155819
13.836383954200695
9.482881420376565
3.884481149823205
33.59178421945163
21.46991422572875
14.022531770400803
2.581176528177583
12.0197380578807
30.09029920487616
16.6793852185297
15.996607762536126
6.309699740918595
9.7027368859138
8.488086368627421
12.98821698269125
3.203689248037353
5.3841375674078655
1.7839010783194187
26.191043824063502
6.416419252048263
11.860454455875004
11.996474512929115
2.829975609099441
15.448543096571344
30.0230783495799
13.831653660780235
20.08164075238468
14.422557125176866
25.837673487873705
7.437223349854724
19.584074365482262
12.80869084322056
14.84751933704584
13.414934501612493
20.598214240534922
8.278303884122773
17.167914217462084
19.04097772765742
11.028137165809804
28.456141649466232
12.101922831283254
11.30186534693049
10.054080799746819
8.561339858652454
5.588684834584052
11.324127779442103
19.543918621496548
2.014659654800865
17.06217966707305
9.411907486796782
9.917777884913075
13.327215353461513
27.264350499287488
9.901815806828779
20.128462723985226
8.824788325036366
7.9630522367431515
27.13054130311292
15.691319323839355
21.108889676794657
17.220902669065875
27.957595812001326
17.360830627233778
16.443331724143114
2.9408598641727806
15.869818358338486
29.180855536938804
15.696265836728653
11.922835681367257
7.1306816634949195
6.542440792142437
19.813493598393148
21.628465434858455
20.477636159280433
8.90342350558338
12.85445277179093
7.4432585100674045
38.52821690669398
5.485605806340665
10.363510687901687
4.592560899417981
8.411331419875317
1.8657848818855933
12.678323253343594
8.530766232321781
3.056500630160378
3.9051230981325142
3.6460462087890377
14.880800905242054
13.109147613554686
14.171360394115123
9.092119226133335
11.469733175164452
23.466850147867756
8.866616733663404
22.73209613261209
1.6377830963030762
11.710097022967734
7.176864664215387
6.77914867064594
8.499833176665055
7.292859724492163
2.2938327713356306
10.072669840634736
5.8236617864958795
12.422897556923505
9.542379598574092
10.820700940797344
8.322795746397812
17.265616102903177
11.00921981880331
3.219965392337579
16.2691679131104
5.902761142216651
12.599227140145418
14.029452817062854
11.568506721938633
10.725467180584001
6.116405550059297
10.462559769188392
6.551336075733992
15.957759214499418
15.27611004675582
9.560937916364553
22.04531222286541
13.783726153666017
10.76000650605171
10.471681380177722
20.453633853347675
8.732251990971239
17.865509207708314
11.714002354427283
14.18910236546987
4.580481081246758
8.541719380548292
27.129754469603334
9.82567931724479
5.658563433355279
12.025362412529297
21.094745229146064
8.702893764010902
12.745650909451493
3.199858834685737
9.638931246334051
5.983385233999553
13.404233539253664
6.553049565785236
14.012145602555933
18.265865435204358
11.322651517995496
6.292730303164124
3.4761948682222736
10.336459967924743
13.085240567914118
7.484524782876307
5.579831556401111
10.16595311397762
12.265310990266583
2.0033173221727383
6.2992633012513926
8.934807336654073
10.672551202956727
12.29790240725717
12.957275367633839
7.8679439392261274
1.666299160130372
3.667369836855223
8.006350457006322
8.222176059561614
6.005087164888902
12.983730813083136
5.0905253574585645
7.872686238085312
14.778606342177602
8.504060628836694
7.335781232915762
14.322546855393846
8.79228506576221
10.61566870216295
8.72050297989097
9.078521576906581
8.321995467287516
8.153979048620933
10.142760786469417
2.227922421983374
10.025420764602286
0.44095617244771323
6.932839382792208
6.395035125577755
7.025733356789332
3.843721670712326
6.332729730980192
9.572497049442603
13.408626183678251
11.015193557053452
4.453223548711923
9.459499356771794
10.688794634346094
5.157784041472552
10.436310371583444
9.508936678341641
9.819400506856416
7.861314400770404
4.79224911251844
1.3340463604395858
5.052915611443901
12.317750132599885
11.794955989953689
13.468372477315308
13.266124329129301
3.6174129066161207
2.699741026450815
1.933130084949914
13.105999912333163
7.421660100612497
4.8688180375524865
9.590792320529381
7.560510390435861
8.115651141615734
2.545044312403382
12.163772506544937
15.853973997585342
2.950712213059801
11.042258624751572
8.651474709853684
4.5308845771312205
13.513833844460924
12.478802167604185
8.653081090592014
7.7388761019388355
1.9486461384505191
5.92021771188712
7.233883662728212
2.221516236575084
4.010542493534629
7.297359261869584
7.584816945834178
6.200461953701741
3.8021580964123958
7.468140619468909
3.491984645414231
6.922610407271188
4.58136424615529
5.363302860455267
6.55595400054129
5.169725653569305
4.343340809412282
7.030340471488097
4.349003420662571
4.732559668947565
10.13281679565648
6.684785101703706
14.73220021211476
1.1800852061626408
5.927082865897528
6.413679690994024
3.009562587799598
2.004416886702748
2.4061318047951947
5.016104040773356
4.753877465201812
3.948070002766844
2.9911738224709503
1.139114043484888
11.927795841194994
0.9850134975101369
8.841768939678245
6.484822631254051
11.97605183277835
8.976885446318052
2.9949277329749204
6.973839257030232
4.224010388137355
3.6753698752138577
10.620667710311045
6.736894556528172
4.145138597440659
9.04702798160693
8.645084763829987
5.075650385543675
7.584944720062268
4.524644630307415
4.22672741905715
5.881182136394727
8.329671788484582
5.057752909964695
9.527223755012328
12.610765822540337
3.159172462956719
10.179171826828544
8.175513439924941
5.038546021653756
1.1285373923982709
6.859995103548828
9.63186222869413
21.413969528518614
12.705915456521664
3.2822635033490815
4.833280341390884
10.061029249713048
9.163832896118814
3.078828384046155
11.165728111960792
11.702043547201022
7.8216218367625965
6.652361585883904
10.030123096387273
7.231948607225315
3.2349620348420984
9.534134470496976
9.118974278419351
7.771008565853124
6.883315433592554
9.628863991677598
5.395166102225385
5.2791286191095494
3.6527971815678106
7.659334455745074
5.35392072068872
4.270951439716101
11.241392908268715
6.766218333872594
7.105916314266338
6.7427306817847255
4.933205085750919
2.743647072817022
1.8851156942132798
4.074392330582406
8.592251079935135
9.833769782047623
2.763674449061104
1.659908031939066
3.7692405727841063
7.448294994838987
11.286732599321729
3.221330404716248
5.717371198466892
1.6144620117245647
3.977438407637536
5.730876124453419
3.2310450947164338
11.973155308908797
9.066670624290687
17.63557436377047
7.187742000211015
3.9736061985719666
10.531271204136988
7.354454734886807
5.859539153132107
7.665412750861646
0.25138777341632446
5.036955514607852
1.0785406009035856
13.019286030475536
2.274030159708426
5.619938158701208
8.005087339319047
11.858675998548106
5.406778718323365
1.6869084796321523
2.8235094862786245
11.210835768551322
3.671234034261951
4.879561104580308
2.76070034632697
8.585638348591738
9.705801598589787
0.8147371955820198
9.391789157824975
5.133915796014971
9.604499860883688
7.2440327392562756
8.299001404323437
6.677543924245264
1.268559255941586
4.669837599221591
5.798756450747164
8.46518932144293
5.812101112295374
8.12735754159206
4.732151088230011
8.884061588735577
7.445991916644735
3.4951758216783593
10.0837997705887
6.661428001986635
7.8430031641236395
4.473202304557662
13.367303313010884
9.56662621268831
7.3447315757564855
5.913179709887762
8.755707390343538
7.342885054422424
12.037444701174447
2.3777401862847434
5.487460180877001
9.508838084141304
7.392280235586271
3.788746529603796
4.69045435278816
3.5603597183866587
8.090975084436966
1.727853065580948
1.4691656232906654
9.880558946896901
4.258619627765343
3.9163445180777363
9.44599892268101
13.690071537673191
2.2064853551997508
4.463979039268007
6.247457375860702
4.573133045529974
5.508076345085071
2.4038575438365153
6.202291200342556
22.281961420035678
4.647472589688246
5.825352187152739
5.19938493102263
4.622585857815633
1.003454625282239
6.599527196581546
6.405361098429334
5.62765502839813
7.35290560460291
7.140141622016922
8.059149524026514
9.6086446805605
12.112740369547591
13.6278563749347
13.387322794327826
5.491692671283104
2.7879103675270382
4.034698734070594
2.7699598244845007
9.404475877871
7.336509798959987
5.522023326437718
4.724623591432043
4.82945353676202
8.215191767071403
7.241998180137459
