265.421
33.52925899113735
23.69217783521324
53.51099156257778
25.727976475768674
35.43977719443965
100.8853480328247
131.00225037805487
165.78799302346263
657.3176810091455
220.84116207455065
97.2603280792136
109.05152547003647
223.92097134016882
160.63216170593626
63.08435808182819
236.03161168401348
364.6124109084321
421.41186008160855
109.44727262878197
217.0280827019
211.92789317149962
117.15651842006423
302.16501938968196
115.66241738064417
126.3385859928048
54.16710304214626
110.31306001172597
226.93177220295996
253.48983455889714
72.17327269017655
235.24566820219036
129.54873075474714
80.32363921161397
68.09543521600798
112.77165461747492
289.5990541780733
262.4617243812221
190.64114761780968
157.5872123750343
281.10426791740355
382.15922704254257
134.06357063923429
175.14477609433467
438.626992195933
350.4245266941898
153.4660108854966
226.80426322361998
118.19541629085467
356.7533698188057
236.98561652724342
170.4605494745721
146.1882445576405
84.81724481553873
282.7664256928627
45.45314529790545
124.13132590123988
141.8736031747333
53.12632636502102
135.39120332998354
202.41482290697047
203.92533366086298
87.86903186008307
192.47747184268013
141.43115014733408
175.0762475514358
195.68748567540587
173.5738220212872
4.348325257479197
180.6045302876785
66.83619746433413
197.87914719319966
126.30924727662241
93.6676651484131
88.29610528526105
80.96102067440552
352.7723160374428
33.27155808142747
76.77811665059201
21.73969746097768
249.74684957050795
164.16732656772118
188.06115063320522
171.3789917312384
43.328977434296576
204.3215748788529
103.34635593583108
107.378194135454
178.8324148437026
110.33741415046791
167.09221839475651
148.0213552825963
36.583250862683286
145.2826959486847
34.86774613183474
146.7099227847245
120.2187718229265
86.99048475974665
23.380088103128923
138.70306442048772
236.16193173501608
119.54344042940679
164.48642572130052
203.97529399403973
58.75322314821963
42.490727222059625
39.27077624341001
41.45012463316521
74.042151886384
49.67976113181019
110.95635444584377
108.12915963214175
28.14120830200097
59.84241212087326
89.83619801563924
103.2346434308284
15.082976460315667
40.13702761603393
159.597475835171
62.96909045726702
34.90878264005914
33.9683827038159
121.72079758222782
73.69626066973109
95.3365244551684
103.07912929194009
61.845498607236884
68.63147469464054
93.76021146726698
58.158045508531636
126.67704736018557
91.59311849451939
79.75892727102071
109.65615988442686
95.01762816290105
58.25529821031147
31.093966581215028
39.37629737183955
7.335198871202695
20.083094345565485
68.69360371998587
24.030903829512525
47.34886490006718
70.75617374891388
62.516412600453684
108.64914204576105
15.940951209499628
75.44577316412004
21.40761418858217
12.186153341931046
57.53837865985744
40.64114628582356
85.84964208715786
21.144697202449116
14.834409684445145
64.61457504903039
16.79734350540192
65.97506349017242
58.65464276721173
36.53398314076997
48.45569529969025
27.15162296484155
43.2833444519981
91.26104278300225
23.158402796062223
40.06087396927023
42.269486775566804
55.61148061672695
35.33719461420834
11.06956493205129
11.939887468117488
19.64597430718069
16.1367074562445
20.70059660363179
33.172284890882736
69.39479473400853
61.265951403917924
68.36393241657017
90.69958456491759
36.23418691257484
29.59154819032435
22.097950062219972
30.24014123175391
7.609257234308048
28.51057338939014
50.9923351886253
7.618994585769348
60.97654065975306
21.60644205365125
45.38312777719303
64.48449378290998
64.36910496047726
28.18199565567574
12.731260943043601
30.037717061350882
27.835171882268906
27.274884823226135
30.506006850799523
22.724209352623088
53.72768713685721
103.54418436790756
32.48853861912805
28.555223407851095
19.97866662794497
9.9350286870801
38.58044447240519
31.005341267154034
16.22197244051249
48.47504102441219
17.696509081737013
72.52460321708668
11.724627064753891
38.87277207846601
29.281597920190407
53.19078116340128
32.50357280258888
29.671033732619787
20.311889604237592
17.07989954654894
16.236476001910596
40.76401595785354
30.913534198943637
38.64014279296911
40.97445065559777
13.921720743785679
55.52572528822044
18.284994003163458
17.37521078006841
16.004439689737627
22.447629203235145
27.134193021048887
41.22559002506546
43.630973855382756
31.445440018169236
41.745840804091415
45.95154876938661
14.238528040064333
14.891549605632772
33.73909450884632
34.36088429380128
35.21730248097928
41.11370395104516
25.005352515231035
26.60870394207338
32.30761790978736
12.866502921851291
22.85358143419606
10.242379025496916
35.13789928571149
6.13586476097833
30.20938990625477
33.06989770921564
34.088082715656896
38.11956499648332
9.018503905124694
23.657866414644424
31.467858741586813
57.571079331164306
18.998991817084676
35.10485838080688
14.127839866585788
32.07070888128585
31.77006519080881
43.077975768879774
29.471635957573056
32.21613115571879
11.920232302258107
27.923187923708216
29.523925806220866
33.58043161021287
31.223303753186887
29.894040974421777
15.444467452904696
20.279213482657244
37.77950460042871
22.794908427750478
31.88904745451322
19.29831076155588
19.719447893668725
22.948035444721786
22.07522884041842
26.81755240491939
37.677098276478354
26.20053389334515
25.857706820447355
7.656340203115161
13.427286050327083
21.59252165987304
4.588257258199397
10.112805840195533
29.83611480505215
16.07407010015533
24.445026916863963
27.502133077785615
36.167661712095914
26.796331734111604
23.80096160458073
45.50314068820053
21.085353397648188
20.881826990469975
22.572817418907306
21.788701823927184
12.1776900788802
15.719687468339108
17.206650924054568
26.10393953062763
37.57243633493164
6.28291461474732
34.88775225113164
24.03807020759264
15.940775009733363
13.118653086134577
12.989964392048313
14.13291728229627
18.305475381300525
9.217474061807938
29.796419892558873
21.970915607673284
16.337361604404933
1.8421255316934337
31.523938945668466
31.452606843824345
16.412979360868608
26.367780908884132
21.84666020456486
14.410002097332928
32.63213203909976
16.38639944282771
70.35523668527286
32.00790632171212
11.163828031081128
39.51515253195249
7.400981816020159
22.309718493110477
20.25942210268396
21.311745419764037
8.416946932624539
28.07206324161797
31.161930094528117
13.207951631208404
22.62729129317239
8.647740697333436
9.420502565330438
23.517209823465166
13.233089069595906
6.120459724337049
26.936849102552884
3.9046634042214827
8.040619833584252
3.1785224703130046
23.36809100850046
19.96871218568213
18.15472721191429
13.338666322470726
29.079531957539093
39.384489513427795
1.3952416337553426
10.09006501523632
25.621444049426266
9.663480808635745
12.08690064770159
28.055533712656356
2.6939105646313504
1.42525853995959
24.27082501823703
8.434152708598997
11.50258443220626
2.9017560203198074
12.25286243039244
8.41748208233181
10.460858030741143
18.678251126685797
30.645814589844427
36.24627046540328
13.331208389626735
7.026325436649392
11.388153430227943
8.776261492150468
17.660858284474838
34.19900582000437
27.08115337357559
17.94317127833974
5.190045288293048
4.4198474052198495
8.126364409950916
14.939075242451008
15.262268700375751
17.695032440575822
8.593784167725184
8.803894188636479
5.034291571297107
14.231544586061194
15.302672862147881
22.036014560307418
29.571238386794672
25.178490932543028
4.121438175132948
13.314362285756557
15.753940342736845
24.418775231280218
20.888199679429437
15.648640839622487
6.004090815205115
26.70227455789965
24.673926951960492
27.138469145766663
18.331741485916737
14.983235496312696
6.017803923335786
26.299573579935693
8.64506985881723
12.003797456929924
14.720439483007778
10.973153777563544
4.557452482934557
2.963956206267374
13.006471142145719
15.856034336426038
28.224796129138944
18.36858794055601
17.08391356604307
11.745532813849572
28.863749788948375
25.59925266796234
8.247805013801445
4.440971866321251
22.803226860196254
19.47362008087685
3.001529198629693
6.275975072836082
1.2396016960795484
16.261213727702067
9.444040101949456
7.494499485405799
7.487221595460588
8.948062400885505
13.024181113834118
13.23581365972909
5.779847348429251
5.77758552454024
18.18096171120206
24.778040508190067
17.344447703285894
27.370144960666725
14.479368930010805
4.468703122380507
9.305281183654785
25.861172841846354
11.230150706021028
18.12540197055189
7.740404547921036
16.96473491727881
17.424334782726316
30.352075354530875
6.313044146479348
12.613419741727695
18.750441179462896
15.03846479093549
12.657710164283328
14.273627304611438
15.264470248698068
15.287648518628
10.322014379496416
9.665253662850823
8.927416989363348
33.0880797182155
5.318652929205015
20.38077052949752
9.052799827415333
4.482739236325455
9.13441097767558
12.540341965480415
4.620975144521696
22.94148109158235
12.968886588919426
9.800256069960286
4.825577072796731
7.05042237027424
9.067845967774348
7.402628888474694
16.03378717519353
21.265593141626653
24.560611843770026
11.099495689914066
14.596705674878029
10.366091608121794
8.449728442296607
32.63211938890303
5.372256595418204
23.88057554690982
13.875305441838433
10.25487746791249
24.278347913254596
22.675522673739323
2.6511393988511873
10.282629898145109
10.72657206000137
6.23532510725862
21.20839739046837
19.402949175232482
24.60295819156853
2.4624673313971375
9.81873790019294
14.838778363053514
2.412489478967376
12.605262474900785
11.435397455039825
8.949641765805588
13.742023730455346
2.9967268507201887
8.579070229253334
23.589423452246166
13.14382325582891
9.384901049760542
4.666111335717405
11.751837590458853
6.603346604340481
11.171840644726121
17.990062335745627
4.245460483227704
11.780128944640856
10.418897171284476
24.30133273693936
18.15986460142961
12.834117709891697
10.138544884178916
12.374835133945815
8.422893379104679
15.504455134803493
10.543948114523719
1.7880110066192616
12.657270214204445
12.101118621156107
9.992047444054426
8.43683321638445
3.5553962898973457
12.47171993977938
3.995419183455564
4.396833235231553
21.294248875935498
4.962147678997493
20.22790892877003
18.79206968215065
12.74649444978788
7.141925394745462
7.791897908669488
8.23621924619786
12.803384181920192
4.810423141242585
11.9334337150454
13.95477810202941
1.5803414728332046
5.501681547082495
8.573411797501981
19.62917867828066
10.52247473281568
7.804755554256138
12.773250148564452
11.855761979014616
10.423678073678753
7.062661506750996
8.153880002977376
10.33540754399595
2.2404699102303622
3.877484034406862
5.1059197145237585
17.258206724952174
19.240467815408625
24.825790406380648
4.6938851535212756
22.210238793025916
20.927324052347657
6.87377816350987
17.116640706271646
8.991716318729091
6.940780132822437
15.981875987869868
10.635099488557298
14.456216215284229
8.594709866784317
9.873712333965049
19.558770244546743
8.002895774333094
3.853746453901685
8.921519866220262
21.928052391266473
14.034624065172531
16.170809027218354
8.52622454835242
16.367156412657533
7.210114851867452
20.75508682784677
13.617641980133945
8.679282149113774
12.728859244664033
17.728178551246902
11.62357331459584
10.645468658861935
6.002382418975006
26.519433193412603
2.359994653079719
10.305192117764802
10.10796194646503
14.220212772627201
7.285093511196118
12.978953834756593
6.5184775436978795
20.23260124540575
13.195537598731496
14.60812663533233
11.883602910805287
14.79434674543022
10.674494304929034
15.656138294037293
3.0250134704032967
11.251617194126789
6.886393775574113
13.239467496087235
15.293738886754149
7.231275964941604
3.501604387599096
16.073372852653037
2.5403099382603935
9.659430970410778
7.63339157753404
19.327451398714192
15.944920152999098
10.585300862992812
8.721477732476266
19.575703390778884
21.392382636698205
28.009950008013426
8.734001223232955
8.448033561361353
18.56582769893298
9.763307515755587
5.193279299265994
18.770040773240147
3.385110605709014
9.835389475163732
9.758910077040259
6.735605716734675
10.553655233565209
11.129119069463322
8.387194409130734
8.537191156015531
4.58009366285507
8.107057656756714
16.561089300171535
17.90551436445971
17.950410901330173
28.247659673539204
14.837139200058827
13.02081580145835
10.430403222641987
12.270200308846539
10.962575057946731
7.298751723274747
8.402003338808319
5.932945761002558
17.311500889222632
9.631955615870439
1.0131702786467753
12.80554260561173
10.838253584865654
14.862904537777121
6.625911639660193
19.998339976706834
7.276400178708813
8.387492060775932
14.363496016924017
2.2640019014320263
6.8676365085229945
10.9778376162726
16.330764840777224
8.547661017770583
15.157506123957669
18.236500155470257
6.704387834606925
13.647713744446925
8.315461330664595
21.658501733568546
12.862431814563505
6.282704565699515
3.759636314222213
4.8944961902237205
13.983801604767601
17.830067988287414
8.395656318949246
12.148765954869884
17.684246880155094
6.247324349854392
6.243626006018328
11.545715768016825
9.589468920121902
7.7105122529620305
4.25295681783982
6.3628981493091565
7.992792522571454
2.981161344707215
12.964395488427801
15.433797229662996
8.63711192594312
2.969044839606302
19.295748462244998
3.452407531977615
7.324407380363297
6.440254361014611
15.484053870979524
3.773269078711499
4.394389274239472
18.086876113210934
5.517035062114778
4.317883174605646
9.366072135451594
11.486303830145987
12.055371554770394
5.690056126720882
9.30089644416924
12.235807781912781
11.501559015215715
4.049205085534456
4.415331548485196
11.551527814766303
10.252323257885141
2.6671599047435177
11.647689743935393
5.4444625132533355
13.103327806899744
9.933541264181239
13.758080005944452
3.5078856403662466
11.44790661313384
2.536324151004995
3.4871111739543887
10.91639112994087
4.314211517297303
8.970565714440891
14.348900337514582
9.652977478813481
7.961825645930537
9.409330730453885
0.5565557081527653
2.9488077517171405
6.751225548187909
7.07789940835831
14.067360293160485
7.833186825820415
7.6000327039028575
3.7577250984746158
15.414043785967433
1.8877129311420333
5.433810662303684
7.563192967676862
5.16767298292679
7.321270238034035
5.9306839254287915
10.12353515333713
8.815368348292989
4.0691885311927605
4.318954081754957
13.129963184366295
9.26086282933014
9.359051008741647
6.592506137302015
8.511623971932387
6.635034307400157
9.75837338953406
9.757591911649637
4.69591725830928
2.2449372307802613
6.0830822096119554
9.925421483062165
6.584270342869704
10.149163535724293
1.3600329185819058
2.2965968376896053
7.278489058859312
9.209832161994212
5.578775753811839
4.08634254131724
7.346376087720631
7.637192858277143
10.183746206149285
5.0658400982159275
7.3402195394823995
4.735113901063716
4.570937611626239
4.920615529563397
1.3568333992391548
5.458130252253761
2.5016335781162122
10.993916093724325
1.706562776243674
8.892614236591749
5.883866888715938
8.474542855810672
7.542269161214972
17.835424983295688
5.813041607714681
4.9976813252295536
6.84066589521216
8.080369316243248
1.9871167613345788
1.6447306982825716
7.057057039010014
7.271810358985076
15.85810506421561
1.814239167648503
8.254918501181946
12.121316663093516
4.586488872997375
5.150617039891323
1.2547944925345693
3.586806488871179
2.8034663515001155
8.573960583036358
2.178329948278759
4.618305184282995
17.877330585632773
6.822725544813197
4.729818099789892
7.323044930132371
8.976306346585407
6.749037533333088
5.275608816585157
7.368744666231826
6.342072581154752
3.8757305523692516
11.719403853276619
7.5806291491299405
5.6442643152744845
2.496030604225785
5.404485363528406
6.684921647783005
12.883868703199543
3.7322169380318746
5.787543815715828
7.510747793041341
5.831259220796722
2.8657295307354755
12.44044647863964
10.04274731361982
7.049870621322336
8.95255724954214
11.563552681677475
8.514070246092036
6.190696530992616
12.493809453617748
7.445219089096905
1.0782856144860105
10.519205804101729
4.545261253304202
6.636230102786842
3.6152943598384537
8.357340428279793
6.197269563564181
9.827980534112891
8.601057298724987
12.677923995581494
1.7971563489324844
5.938553141836677
4.693006096344504
3.570416161923885
0.8765121632413557
6.986740190749435
4.830101036204495
7.4473903436758695
1.5994075024604726
8.444700313800034
2.0245265923333324
4.629872819708073
6.677349324694522
2.2651916414809463
0.683871355373621
7.879509206621435
6.572648605940745
10.061843431313088
11.995183488569392
8.04910185370035
9.853438516381607
3.476008927744115
11.3937972777808
5.104785355638171
6.009232076178223
11.653754706526026
6.396542273645924
9.067045638227714
3.9210241608554814
8.342634885138095
14.25960146566851
7.069119054444241
3.132850507234094
11.699097980294638
7.526931179604635
8.586343813449087
6.240382723369275
4.110178254174136
10.151734161931419
11.549527787622942
2.1135686647340193
11.45242389233375
20.166439972069107
4.116931937535189
6.360566825802628
1.9141601279074867
7.926333375218028
4.924141259287942
0.8176150465596806
5.6005065254279245
2.1454700359370666
8.72099015670109
1.4384546918933139
3.71739323847624
8.903774535717305
4.350594133467971
5.961462923292771
12.211117424708927
9.329515086002171
4.720236519372405
8.527611471943654
2.8700933313938544
5.441788367740896
7.275791915936429
6.401103443574348
9.857551951989253
1.154688744779858
8.310514840947013
10.432604725790286
7.151224752130541
12.444414780300157
6.828899025715155
2.705457027196563
6.443324427087147
12.608866429204545
11.538957681524177
16.427409129803642
5.805344186464916
5.389724191436785
7.237857299408297
3.390425897900584
2.6688515426920385
2.5318760280003145
4.390376462249204
12.28875098240273
7.694633778808778
7.961843410113242
7.876005739475458
8.760646454582558
2.2007372342462324
11.123175267452178
2.895233945464772
3.40562932902033
10.64088104586433
10.114789629426092
6.664142030491016
10.288795108818503
5.702192605501059
4.565121722569401
16.17437061284021
1.4316950901495378
0.7773944734924775
5.7293447284341505
2.4752811225510913
4.146826095776127
11.15311610374063
6.151215128704589
7.243956500407176
7.0045345563396015
3.4200418886948794
11.321585492844576
4.66521176439763
2.02987754596097
11.111878695244
16.65190727695699
7.5466817693184165
2.0593109335321182
8.57946198940744
4.270129603412379
4.918446945345842
1.4530928675052994
6.02143956386342
4.23899764828775
6.447701348829729
5.607449213035899
5.649542562126407
8.756354846467353
1.183384243012448
11.23335659050635
5.552145505430535
5.943925872917008
4.604574796627186
8.058984509086839
8.418290978065873
7.666967193910516
10.156494532884896
4.158081592522025
3.99273157699374
6.407371974872603
2.110753397259937
176.9684
40.63430040346304
33.11041210236645
18.11193165093786
33.00466464473524
72.59555032002768
72.1529238151909
57.71686970569463
163.49169731422737
650.2986922027467
209.66013949157443
67.64090756497987
97.32203501625101
67.61581017181712
72.66626967459743
101.4633306706132
140.0096284942516
177.37494939744454
449.11014680084406
400.8565340524009
46.842707215788344
208.9842438748675
91.64960740997984
26.06613373301457
43.73738409926651
106.8813408227707
193.3808675720214
266.6355741047315
130.55261925732677
181.55238219929475
87.6281375069133
71.57972430682698
114.91293397863153
191.29022680811175
245.88550265194021
28.095558606833723
314.9547909182819
194.95719536116263
108.81799808642442
163.77875283772093
90.47367425361398
96.82019029770109
188.59323974171912
229.5806029545965
202.257436339064
36.234817558114884
46.803634158925
270.2283783654881
115.69407422889878
230.7470534290189
226.4115588151441
219.8354019654806
266.40345579360394
411.0947170707993
117.61441166571667
205.59557315446298
261.22843627435225
137.51677647959417
172.8371033380473
232.4365215202188
56.53274568574307
128.89160029293583
91.87662107604001
305.27066763396107
41.06909422920569
246.98003440781974
167.94701972876982
127.24916231605134
168.1050146387998
124.80534656443237
279.65255472705104
294.0762022530119
116.9279852283457
82.30920024241976
98.69210794835803
217.04574579493283
93.23755752612031
256.6731088494268
40.74765231829198
74.1100702158867
137.0509131737671
35.221215367344456
65.78618765071852
54.58373509665784
92.49458322602726
152.57844156503185
51.55633165352527
310.5619482059272
21.434442077591253
45.752361668836286
42.01052182786551
70.56878539875488
91.47478396042234
74.99241582447743
122.02529483603759
231.2372982779764
145.48996054439826
52.313612366253096
32.18978272602676
28.16731121074697
277.5419942256945
86.73245040877532
84.92885752237052
140.97408135535164
59.74095285874772
197.30998524568292
36.18875189804063
13.45125304285355
45.864291216245114
89.18925442966103
132.37740368119432
120.66982430142362
93.97462450713925
82.25426717350743
80.87320482256992
70.36825808417362
155.4551130092144
71.53603080708757
40.883770227953455
98.47412620668129
22.33428350185019
38.19929450521872
131.9825976683266
27.72582401689942
92.11475965654235
34.62386629875152
35.50672537577172
48.204225597378716
48.00849287624704
83.02635157954538
81.97336578085815
48.6761202650756
78.6520606449199
38.57195844273297
20.696921262399076
53.45568433640679
35.46201478299449
53.74629840067183
90.54602850536943
138.58421990715183
56.193560409143544
98.80060388036405
46.94564233777432
61.27630850732575
31.088732821471975
54.40215867671842
50.916923113274564
65.304012768783
59.04945065544412
4.023396764820937
27.469232372294247
83.12977683969591
88.54513607968443
32.06734495117624
12.249308254636988
42.849218793184356
20.893274942551383
66.49527577201283
29.558491642769173
18.639278187609904
29.61049062453686
64.3359824649477
17.536463009477853
20.983788876511618
38.94996226375346
38.655321541885975
63.1864564351903
59.81836811481105
26.74578161366788
26.513575161773787
49.873100843379454
53.542896913433616
20.941120781285964
37.082786351237395
57.96761668821768
18.453503770168638
40.090587960188785
14.482051859501919
54.81167987004004
36.36017683354113
46.375266897846245
26.736495660673018
19.927361832652863
33.470693925474954
55.428192044614
48.3150147105788
37.88373896756601
47.9845155535878
21.71503322052272
28.884288281637332
27.541828487352003
5.13973878889429
57.25071129430421
16.582611475955495
31.132566550490864
45.97996848147955
47.47803637740277
18.806417004531028
23.568961205616773
35.75116627124647
98.32726222093896
24.202326027828242
21.611383133204814
30.167021797049316
3.674109108143342
29.907133270220008
31.31154078029707
29.901150859364115
24.207223438707796
11.370385595933964
30.79949836469523
30.936396231006437
17.084718567301984
29.129836961251733
9.655064587303874
22.31177807313593
23.629384347838663
26.24031638419932
18.63632939753035
35.20515775406377
25.934724224072475
25.292934288919685
14.604855041353337
7.634517885714428
31.260454885392235
1.820278674011865
49.650141720458564
14.709945075886242
51.286871816142806
52.53153396402955
46.381320497445834
20.20634699404122
12.493337029947327
35.39681439136853
15.977376023011942
33.23309088868319
47.071412549852795
41.30943478307048
10.531691783278909
29.324990897178168
9.102677001977991
14.915254093049763
5.894330043075272
38.93582532243825
19.66367860862343
22.786703515235693
27.14853209438758
6.164036286444012
50.40169425931564
34.37181986905413
16.17108528298313
12.936273543972652
34.93975927756046
11.324922004273098
20.12565907009372
38.37095307096989
14.675998068279023
15.571152182555569
10.837117947330851
20.34686443564929
15.045733101866514
18.674172502055683
19.705421713396113
12.095061514476498
9.632452598237075
28.739330603869757
22.537110424842606
6.514706016714019
16.76894465207737
73.6240261472875
5.476334996975293
23.22486703258418
33.82047777515203
24.6651354825113
30.588375458517817
16.035056950047384
27.717970885895618
26.68323795331873
21.77275931466898
4.96269919929284
14.244220052436898
46.31650150929398
33.929315601775905
9.540872273049683
13.353989617105631
14.489409229105869
7.098966171642595
19.891018867079676
13.371731143057247
14.819538239084647
5.9415245823988245
37.540587771946996
16.545911398129935
28.93785221539482
19.701892961045825
36.27869561067465
14.60522068327163
23.377339684261667
32.73457230008347
32.51373706532359
20.32137486906037
12.857228516007385
15.291078098485238
4.372732429725518
18.102930469215323
14.720470199921087
15.076250714712181
35.00233321065109
39.1981404230414
42.82259719958023
21.43616743568167
15.292433539894747
1.378781589090013
12.459884275603931
10.692275883194348
6.542040596124367
22.149213757964027
12.173505916813003
38.483349667638905
27.380971753831822
26.91032631542198
15.031053186326671
22.639445027438164
14.107566090533538
8.998977503268888
8.794012550681911
6.811410248141746
27.311452605044163
9.35663495530864
37.726961007750845
33.87445236644237
49.715682813015086
6.679745462547457
24.393703170251026
12.311621031473148
6.805440650697455
38.89296893955018
5.9724912554386655
22.91322391534457
5.1309516748810475
18.259453065357743
36.0288221848204
17.077584374039247
29.56986553949807
11.260575627178547
7.096930367182275
16.99547457911484
24.049574204334426
4.280498625846597
28.08200783521467
28.743499368559014
6.452161442942407
17.934868611618242
22.123560313518595
8.33209156807384
27.598264267622334
19.12392542287393
8.356544568583478
16.922140800832683
9.362267754607679
12.865935869050814
4.266521578698394
14.997506736102748
10.623083552085598
20.899072336624346
12.41172150286714
3.875827091134474
18.013927901695926
14.469364683909491
19.59358136800016
13.749439168343088
17.80794282709108
22.47815895258106
11.746216775456906
23.7921298134778
14.900456443755996
17.533504617854692
5.562216268544181
14.40491167207107
33.22463275349388
9.201532965363478
22.74715885250741
5.042600756807268
8.297084459330039
12.649460057201189
24.667979355757176
3.938811371038509
25.03414896867685
14.143696269308414
17.2118843160241
24.464776079110315
13.888895006011207
8.607506488799862
7.906504776779732
15.83893400272973
5.784036070510946
17.377306080882338
30.35584278875424
2.507617952028621
15.295992663854792
26.233165337229106
2.9709941294765065
5.802422586960573
14.028241550002559
19.78230655279091
27.48900108095501
12.447600991118982
22.9557943422436
11.226123164739102
13.297888643711735
22.477407468281122
29.480499698903696
8.335932537089008
7.292554702819535
31.723833633276993
9.066999679105438
2.6217930044500135
10.629422752013529
11.819334322729546
24.308978094213135
23.832590460944427
7.773782484082341
15.994230931909515
15.733990800772668
9.857176282702468
21.99533909419407
38.75645042183661
9.880885442624422
19.93496167860911
21.97012648430472
9.109612590748194
10.44146792104858
29.519282740531093
24.231894681468525
28.857686995363384
21.874071038017778
1.7512357188573833
33.636234631404385
42.374194660408236
29.55072981403435
12.537868463842141
11.415144674838745
11.314519125646754
17.796176417725913
2.1380582320372485
3.6286089965318844
13.594556062536414
4.880055699819015
22.59898640407703
10.68169888018878
23.032854791859354
20.276781619868224
27.290862783551635
3.345721357517838
4.342552422733909
34.462159588844024
14.049773799694558
12.858351216537148
7.061877833101709
16.715069057201642
10.542476329177008
19.52130903215137
8.314448569785204
10.647799812108262
11.534457181221388
31.253337498609735
26.32225175537427
26.618872643894612
4.103866531785327
8.560029124835964
10.528368611970066
10.043841322530048
10.937514911710577
11.574103576199299
22.894106787661023
9.496129077853324
8.412961989671903
26.744365496915623
21.882501300329043
15.555774206976723
16.22740693565536
24.221611260275118
17.30853536373363
22.90138350866774
14.549045652539228
16.04882099967199
25.662978473697834
18.60067599761553
7.988569202772124
24.335288572512066
15.946671755225685
13.126721790613967
11.26994490817032
36.75127955390908
13.619027971316497
13.901561054267393
15.150099166991605
20.974618680581756
4.42401651376262
17.035430438714137
30.620489116497655
7.194880587409268
12.715398023163505
12.994530267695323
3.800492551618744
4.770856846740836
13.93181059299087
7.8503223138335345
7.2716509601027415
7.836010096779681
7.930810970092978
11.79385438032364
12.42481714565999
19.15663365779087
2.2907909662744643
19.404435626705254
10.610452909287126
26.665816506815638
12.510091084195079
24.23035303453137
14.541178013008683
5.634055802905169
12.756885226232294
9.911620787926799
21.720563615741842
8.32138319324674
14.705424659440443
12.505411468336625
10.082909868223249
10.272101389763462
4.934057169556141
4.655611960008345
16.572218022596854
12.65980261889786
13.770832988695254
24.884140119234104
8.50261371172432
18.192058611321475
9.37930050691918
17.727847355393443
6.531308716210723
22.191894437261713
14.047410156894328
6.219258330752524
14.00707808701321
15.61326912166797
11.61342141076399
13.215222395666695
9.1616747588335
8.47012395261714
18.136010546292713
10.278207415245404
3.2371188732174785
8.141186064710693
7.32258383250748
10.196963118491372
15.907890781697983
11.990731067075323
1.5948354365179425
30.146038329265686
17.77767308336676
17.239180514093565
2.3959392207536934
6.915908293886146
34.68477196121668
14.80919193351038
14.149533192809065
8.907848549866907
13.607202352022355
4.145518251615083
18.21916382064936
2.256948446078339
9.09326139153314
4.878081480724108
29.29387408124861
3.7587752575470312
11.23586460935693
10.066844797582343
1.2333975098653807
17.084977448139206
28.37029725490076
13.019694056424488
20.87114025750425
14.053380835152806
23.75684448749507
7.251604443768219
21.72653499849546
15.116933156268933
12.117181141211624
10.621001184061019
22.0077370333002
5.977921497868463
14.258642895606217
18.097399175165013
12.057405323247071
27.460815902443283
14.15506007494172
8.244015684062772
6.761812657178534
12.599229033748255
8.167872162810331
7.213044071862759
20.488361053050696
5.235538293917604
15.823771888046384
7.00397442031888
13.661188279427115
13.792542139719863
25.913181160334563
7.4338050347080955
20.825250489388214
8.576479781414058
8.353015032089447
24.717050692452013
18.12945365774066
18.488028370365466
14.216989140429028
27.279334568429448
20.846480961745282
19.731821300874284
5.209251654042613
15.00770468082511
27.525592762105358
14.162706005091486
11.333558801536672
6.049214636484933
4.961156706545849
18.50832169537039
22.53297266556619
22.426376082133192
7.75364750218252
12.78586773648884
8.402498396561798
38.67235374093054
5.90144982859452
10.303664581073186
4.819668206019861
7.451489058854268
3.5218730779408003
14.706719412193856
11.111190880308863
6.0282645570256
7.204485785931225
7.750144898499425
18.03129427683996
10.054337684190985
12.315853142136273
9.88995748068259
9.004310039476634
24.247923220825204
3.1478560672588327
17.69136525326166
5.146268469168152
11.974572034967665
8.599993340169977
6.232087862996186
6.8675683895572135
9.219738411832118
6.188572757646845
5.38658792268071
9.6560620775257
8.061039772820399
13.240488940042823
11.74710503394676
2.6126591970764044
9.654180159872372
2.5467593420541745
11.257592966090673
10.12201092797665
8.081692811738723
18.115217462615142
14.489303834332082
14.846207084875692
6.754020432753121
6.200228927034379
7.220545704843477
2.7121133300162694
15.730926228956466
10.84847194602466
14.172661480995734
16.558126054213663
9.193968803779786
16.29542005245587
6.759079328764408
16.637624542768574
4.944779548101294
17.247079166869415
14.48245068988645
11.422389719419291
3.9699205628401812
7.653321251145518
23.520877307838855
3.8106203411091357
10.607195462953573
18.906268183123508
26.29376917129872
3.212743071591899
9.80511929577317
5.109569657945121
7.881539790480229
4.286399015457701
14.445052624381137
3.7605709311199376
12.830177782575618
19.362680954715938
15.127374678066422
2.3481502668551695
4.616948167807181
6.847947969969576
13.920128645891685
3.9738741233808588
6.831312145488312
10.395770779881964
14.612481963055178
6.512835764667326
4.753934386311629
4.032724845017262
5.955859375598411
8.418443271471576
14.229467450961486
10.411027732190657
4.154313696265864
5.856940317284807
8.804575817759714
6.881486449611841
6.6186677990865475
12.858341409515434
3.613524378743174
7.284717817441688
14.466246273387746
6.297080954890759
5.160660364958726
16.641024246495114
10.565348306397365
9.632568887870764
7.529185780033781
8.070234614053309
7.97067341729564
7.2928337325112675
9.064916442473729
2.8946439254698113
9.83210361080727
3.0375629962583792
3.587608458589653
9.380547934832332
9.482184646874288
4.844053773678064
5.991760135986765
7.095859058779919
14.540196888438723
13.62663145037031
6.8259972139116725
5.702918151332174
6.738048298091437
7.875676551764758
13.929642281422652
6.644384687383743
11.008271546002875
5.139614164795624
2.477044995641827
2.1300865175696653
5.32637236986713
12.204253773371306
12.877673944358431
11.848105477144772
12.695479318408768
6.910023319140035
3.559370630088572
5.233757048834259
10.05359632924622
5.173403162285155
5.938864567881047
8.16930048370527
8.552971059993332
5.534141952312807
1.3900636074015569
7.915701520430581
19.103274767972596
3.3707900327413514
5.214821632415431
13.12787388889232
2.3935953503840817
16.44313289367746
15.878890954566016
9.951846213923867
4.024871895568267
4.292314264010919
3.3110192288101548
9.46000405744597
2.5352178673774906
4.928153445043667
8.344643878159832
8.820553848099575
5.493454248001922
3.500030024332507
8.791888222759185
5.117266053023807
7.490800143277466
2.4889590308098577
3.963381148725678
4.11765346052676
4.255532698175893
6.101197405909701
5.06867601730081
8.235727172184044
8.871670212216014
9.422336462273345
4.235144313173002
11.632816776245344
4.502469821971497
3.5448595378363175
4.0409363201645165
4.343758440440937
2.219144072187327
1.8776182299557402
6.070914357174095
7.2179705450231
4.568613123314515
2.7383771541583113
4.752276306632964
10.752571721124482
5.904955786917865
4.109847353925028
10.750204179723164
9.465799214396107
8.000020236100854
2.575042862850787
5.5625165413966835
3.1731307676767755
3.1571650703850676
11.09892110823182
5.709379647155365
3.1166220173496275
9.546069992845888
9.222675170184523
5.96673901036022
7.5769378941694345
4.4454704646992615
4.886175434579858
6.532918291849152
10.1314602023181
3.7660995466784892
8.890793991724
10.024684189334012
4.509529793725089
9.131942448173533
6.250800221613681
4.945929732528826
4.0758154375250015
10.723751421124142
5.874146654403122
18.746768596623287
9.888379142022607
1.669960726764421
4.619385909872713
9.513762857327261
8.104941559598794
4.097336106911861
10.025348172455628
9.30224390695937
6.372772872647497
6.373211231015583
10.024832799067827
5.473113021113931
6.185611923620236
10.44876318679336
8.41406798757961
6.43769412096593
4.610954878964093
8.41375041158249
5.948275873456537
6.300969119146888
2.8420071680456562
7.435399524380902
5.397701870233377
4.854361709619653
9.744638920512251
7.154574049578334
7.7249211866612395
3.730492962636487
4.499189405442031
4.856933884509649
2.030097887648928
3.262530277732807
6.045664961209262
8.889837609662548
5.875375957384778
4.4335117659645915
1.8425212635182324
5.448244899130532
13.770934568776402
5.495034518322104
7.038935650777853
3.312570692559968
2.6622290590837796
6.762117782126714
1.3965716566796524
12.116480620018676
8.713534706909535
15.695846026351868
9.065473162974351
5.73850680262984
12.24367066173217
7.055774168776095
7.050315812379069
6.957832452539822
1.3564068523687867
5.448657422326502
0.8058874591619085
12.661310635343812
2.561038342612482
5.953526342244211
7.419725057748231
11.01122182152702
5.402151813478471
1.3021899962556516
4.306713581402324
11.02237327971042
2.7265657837635513
3.968410679307093
1.2730445580965104
6.386136739017293
11.903255977006298
2.9710929506756556
8.068035298538488
3.367348727609748
8.180223967001163
9.121329565171541
6.950408876129475
8.649699038740435
3.843714532828302
7.190347670329622
6.681395780375074
10.727148737992852
7.880241261248702
6.231222303001748
3.1036156022381487
10.289854603303748
7.42444372060037
2.947522774103517
9.429965750996509
5.836811465341402
6.4329376262903235
6.748864515423564
10.462846055516312
10.572991818024565
9.081107467605833
7.905603909836767
9.519473273275887
5.531107170749162
9.090103022514503
5.5890040983606255
7.6276812863729395
7.699709559943234
6.664031762519605
1.6712968198265854
5.829713551667022
3.3006954925606524
6.312656558003542
1.2461429302131652
0.5573045879523787
12.047354284561578
2.9829752979451247
2.2655300627493102
8.361134397554313
10.715907271715157
2.3987852155349714
7.789777072872231
3.076024313602007
7.837945573716904
7.292471070400485
5.440498509477357
2.807697671979553
18.66243935959541
8.50846396184281
5.241137395212484
8.61430671019977
8.491092608679255
3.109514134950329
5.83073823160503
3.2415183995537395
3.124864871344214
7.9115148790257726
6.407918895072515
8.103418302474369
9.411180211654695
10.908516957347453
10.92622659446634
16.875606978172012
2.7916533913552395
6.335405022980268
7.324761529662293
5.516932366797794
13.067158272151925
5.493064617683151
5.5764167470443375
5.4760451119441615
5.4494051018845635
12.662117103939238
10.769232445704429
