267.092
47.19495940251721
58.68694766061898
13.61087714161933
43.21547731312574
129.57326683850462
242.95507992895472
56.57399092304693
107.98803543240373
185.17691759935806
477.6963035694843
833.8335426416546
291.6225417491899
118.16503818748306
176.65122554461556
141.87553816851448
83.16911146884085
34.73175945461071
104.5659773681425
155.6831236129124
261.72437500996045
247.15778847844186
79.20466961800815
171.13945666314504
156.6146685106864
87.08365782051092
135.13664309106724
77.45767432755503
142.99421127236997
73.67876968499495
154.9542920909757
178.4142764748981
57.89452381345484
75.92643015590195
129.71728142962064
180.1340016792251
214.57221062417383
131.8411624511449
158.33668770908457
138.12085512521827
318.6951028288701
238.97678927361022
206.2966776999357
241.44668060316081
211.11161948352898
77.13268565603909
221.88587210024772
117.13722349962624
63.69280715465031
111.26726253720504
554.6833944992795
110.37177485217317
208.74636446372227
148.7100135610537
238.62403613195576
231.05253867738057
124.85166440829033
54.568284092570984
173.4248509297303
104.88669610205125
166.9838419501982
122.17230402840417
36.20412563857374
180.59211477601124
234.12361518473782
157.60209563151142
54.16973049816131
85.57881834296626
166.80566072097474
199.02260312619703
110.04095107126352
29.26768106411269
225.43902885137743
127.51636529218283
145.20011644308534
98.5812950757606
110.2114660842661
232.0753132240196
79.63176700866394
96.10498668328584
16.37278863487645
88.66804145611627
317.3814445617195
59.83073291938195
157.60787746608315
66.46630323438225
222.0248057354674
137.75395187456013
101.67914767939061
173.7640589636519
179.88843716605265
178.36197366033028
77.6905640595514
83.05286966986405
185.7691466695012
60.202540520149896
62.555054847740955
141.17091834574202
66.61061399257557
161.8453599370538
424.7530707549826
33.99343301696799
163.87014623094578
26.67009365829769
110.57165033295965
135.08905757494384
60.27595634331671
73.44793911349026
97.7742273695146
71.3076962259724
38.25120635082364
121.47937784519817
135.0244738132555
108.21816618851422
63.7277725138551
73.3989757074574
111.8630007739833
48.828335808420846
93.29296564975166
43.793624861635735
131.41786751861048
73.57845519464074
115.40310062540784
118.51281672110586
94.16915298382523
134.57579176480044
57.88474295281177
60.88244166516278
33.68938258892391
75.43268914104783
22.598868278051853
61.64220296625193
87.1909479695672
78.95802414803742
39.75867262776544
116.94234880224501
94.07118869601261
50.374367347314326
73.94203587735771
40.89839505433002
91.28860341720161
38.50597800619437
25.95288102624659
66.21197539490245
14.155157741604466
7.418670911467929
61.7518686458508
34.08800264511724
90.59228920985915
67.73683526227228
53.269403297623306
28.10528011527215
64.119996795869
67.33104689850367
62.1521855377111
26.838508020752684
18.542063637363587
11.40484071101446
46.42055037392013
19.790636931766816
39.74543437172595
50.380142483179824
37.31350976929006
26.05520871070975
64.5133108388599
48.69470524726494
75.78603629301982
75.30925393408012
42.125426538611165
32.831042266338635
50.89940071455666
62.76273735556744
59.77256576209186
5.324639514423871
10.721428940306689
16.724130248477778
12.41340130290963
15.484600230539211
51.394956218342934
41.98504028426841
41.487805513255694
39.5403326522191
34.49931268573369
32.898469043297176
83.1659124971893
39.41016928100732
30.885670485466232
23.62960887933161
36.58007973374725
17.90448098672823
27.70369816032835
11.50990719546783
39.54200512475509
22.95162591434547
28.39984156467193
23.114954699239885
64.02596502421439
21.20725877948703
23.208030716501057
4.82834504238087
39.716403545712886
26.727047478008508
37.59866274255038
28.835045187046514
23.9528574101129
12.010446052953851
13.99040580462001
36.378021820096336
78.74841225075251
26.11461467021739
9.318446170683325
41.438640950813685
41.332203392582656
42.42100977529626
32.631990036766446
56.38477487693413
13.615811421907901
48.79222002176771
35.20520901579043
17.584798086442483
10.782226334918331
43.8949457983977
42.114730247337
9.49906121467139
53.1626487959369
45.25207361565238
32.387460243534264
19.460271969649583
15.71619210229821
33.336991265309784
66.9415671879717
21.22716732874222
41.81348237154447
38.34525745343636
16.495585448869612
26.0425227813507
14.28612183161897
18.743773487811588
20.54065999004663
13.022003951473575
44.9880586409806
41.52692292229661
21.26029095775284
30.156219496514904
39.66053350608286
28.29818975472898
14.62432291098073
50.7867907552076
43.29334476919517
18.917783866820276
33.49980902768294
35.67027477745037
24.39814919506441
26.49325295069316
14.256951654400552
48.49020758367446
21.900074576225553
31.895430553402747
29.041282230639347
24.896843880657816
23.422583254362326
29.61265957350252
56.95288409121781
42.427515343703725
41.80340651911205
44.15729199878875
9.654935144131166
25.018743281434737
30.58396602348897
11.10283770202758
12.028746882881842
3.750793387294852
30.684773646793726
20.16678872162398
55.33180717788918
16.83107123973178
14.107228014503363
16.1275025917288
16.055324282935167
20.32688632888944
32.1267524032436
18.904944212617657
5.3760845307162946
47.11371300318173
53.36871268568899
14.848921966655238
30.199622195630678
19.65085145861992
26.550435125871314
18.82148845249498
26.38730016006329
15.5334026354673
36.581764021146654
8.809132948817204
11.584276515919308
27.415061924427192
29.541031558059604
20.52162972454097
12.307359493484421
34.17578662933359
39.08447012864322
5.625084997272214
33.963008887235674
38.57328659626223
27.706407915375554
11.513083970921242
18.211956090747556
15.715559573587566
0.25488492201945967
7.881977545762809
15.74225983751333
4.294218535053191
24.590871096988124
33.96986478449598
16.481753935468838
4.8445653143349485
32.602562879337384
28.162296920439054
7.872786054078752
17.806054740147612
24.4152548530496
47.98082287563966
27.339804982869875
29.8378197731242
28.140156071102368
36.67560110394385
36.57790613469598
32.150571605976886
53.14104252248575
10.41372345232857
20.030392901215546
22.75913483324895
21.556128553002008
28.388437041927162
10.5214634601757
22.33706789913013
63.07422533481855
2.977912983543204
32.494256732822144
72.09840887825553
15.346393851072223
55.896182195907734
39.243037114648736
39.78587463673843
27.58553241629285
19.964660731996208
19.91063969766499
16.93166884813086
55.22318121074133
19.250055948496694
29.68905277629103
24.01993247534129
19.90745074685754
10.249205150296639
9.874373354064149
27.777837836690967
37.73994570827398
26.771455778792024
13.025233578791308
26.186115483177993
3.6471636125960814
15.684570907866464
34.563251289803866
11.015695558064731
18.77607637726581
35.02920868188426
24.793097871310486
46.4100354696349
17.74642436602874
18.496135124687697
9.62333816327718
6.510186698464283
12.629205435364112
13.28324030630637
19.537620973645204
18.511650305220495
31.529604554135926
6.438702453922801
20.772198785616098
29.752171781928094
15.7408846407594
19.36695733233427
27.978174861143234
13.56645222237849
20.566079816548694
14.85360276428956
25.650841055387236
14.428706661063181
10.553172405115202
14.960940868276749
11.575001889347073
13.700658144444384
38.570258805453356
6.71442018909468
0.47215515275466935
21.382308963877556
15.547252551686096
18.94941817096905
24.168074185399497
14.325992021857385
23.634133060215266
18.453631687119014
12.6100625037897
32.40538362357863
35.44541165961814
16.55662273139778
6.514009586132055
3.155919269777213
20.63179132524142
14.621538153841254
10.046997380673963
18.132721232025443
7.000748867567505
30.756677206141255
12.716874382518979
21.405831619938688
4.523359634103514
11.280628895262645
26.82412127642774
16.511782048337
34.50766705191241
2.8489066706179305
19.59948605216944
25.216002528882242
3.150786061520183
22.445747290634397
26.79115012331359
22.140237828871886
27.579952517342427
19.943020644992295
22.112000427424835
10.1803313748901
29.027509208528542
22.188191113543713
13.265270576944662
30.163313715110153
10.387588630101062
7.686390528441342
19.8581467617317
13.326083863138402
25.91189804840859
13.049190579982293
18.391401697148673
24.51106956760613
2.124290089545627
15.052499672101693
0.5427130540138378
17.262178533257217
5.443911112557439
10.84833741223058
32.76177753800098
13.97660017586824
18.42177082795255
21.758526023716513
6.892120495414292
24.240305720091246
5.60201729367763
4.365019695455889
10.853511355985294
13.301654798580559
25.260316232019754
11.181587410886312
24.569258697012863
26.284410101229117
10.909349739061337
19.33765428640253
12.724137974714484
15.004151150059023
4.249670897461571
8.04540544370921
30.539085232183133
11.81801206809486
30.730436529293446
11.229195990410506
12.134102084978275
4.271842893870607
5.844740300880255
42.90683598031905
23.06804302687009
24.46423144659614
23.772440128908308
5.843076243535241
3.476133091549213
10.36680348768342
11.765409292149915
11.972327790620149
1.4933575874727085
20.862420986034685
3.705825533484791
18.20393275859935
17.249563220931158
15.156477280208254
27.642840935317242
8.02092831558629
9.306617207365175
12.47579599277418
1.5272904921029198
12.764139481658695
15.490251663269449
11.392228846172195
16.404793470339115
16.2388480913292
12.933386868518916
15.405435129635514
7.2294332107105275
18.24655336841647
9.282786620625826
11.478492239582128
13.199443547167167
9.975558750041225
16.257669772183153
24.29039554956198
22.60422504611113
16.819764292872755
17.264294284872484
30.49040011464975
24.402572175494782
6.2255056757954
21.245660382125433
36.092080101733146
19.00942888852878
20.652403163842568
32.337263769771454
31.997983146016033
32.77455169893796
24.90985620124657
23.558984532352863
13.764904721531542
17.916477871131146
18.6972028319188
31.34587121965379
41.356533028491924
14.198106656587868
17.39487478033986
2.6831589554541204
35.33615082551282
17.516985781255766
24.32786306372097
20.304191923605668
23.12716222060919
6.870473026841463
13.079332493295624
19.703368564646492
26.36937412553736
14.67490854790824
6.723787181763338
18.244191238386193
10.802466266604364
0.9539066600435819
18.35027047945848
21.77376657471958
17.52552738585228
7.376821240927559
19.863421140429047
13.848187220495687
8.616003475134569
24.095280235181196
11.67624851811046
17.290043374878895
23.28688571857616
26.017999240870466
28.944109819355987
16.321989908142378
25.70303949339616
25.257643171808184
23.064480644676216
12.012053631497569
30.74168208713053
3.923844306607863
5.7507573250694515
24.99602045739149
19.947137866775453
24.187249811453096
36.16099072021053
37.743225412390494
12.099170535299733
19.84227021940538
3.574991581412912
18.922952290382124
11.999883998286707
45.659802593403946
9.77440632136474
9.552604576912984
11.442572663093602
12.99546006933694
21.034674307565307
16.31212086283278
25.753268567794905
12.14439028735392
28.144873450265504
22.954569627814703
20.187711142402016
17.035353245005496
26.673204731076854
11.829763839106615
1.8147570154561883
27.94120319088726
23.231193886187384
19.724241665333533
27.210918967467464
17.014664688189995
15.562654390691371
9.009553435966918
21.558032300054403
8.631795582337762
16.118104775287836
7.344669147573899
30.478649933248832
16.638992361147615
17.98229454052817
14.035542473836545
22.193490964525438
40.93846639100299
24.30607945138809
19.47992185815147
7.435243202328585
7.191307302535868
21.709267593346404
6.409454410144665
13.971223257656524
21.515916508379085
4.390798023906817
8.720137294948811
19.261367439963546
4.8198390921735275
20.41670526733739
11.983737767550247
2.5806121830294613
14.435279882662808
12.258388639469487
20.96825301405289
9.846230366969957
28.665621882489326
8.048127769551227
5.660367372287266
15.805374628166053
25.57878390005727
11.826356103912996
14.138482831553263
10.275696910706902
25.962879430741665
17.44718257627873
15.216707955548788
13.065325318575361
21.773787337550548
15.405724516498427
14.612941151606176
14.554309915594713
2.586446589859126
9.602573483939075
17.356983999461153
28.134660667431888
16.51784068034628
20.598768540498618
22.799165906712968
6.290358873046437
6.9750000587075105
18.971659561157097
9.904726448955598
12.857337673533133
15.434003745190354
7.769074798690461
6.289000969323559
8.720396332789559
7.120815838563478
29.723365776604442
1.5723317822438685
12.14968720839142
8.432409296985776
7.0719671992303645
18.39359534677836
13.704045479868098
7.9721580973866635
5.434527802326319
14.21291786578665
7.073941609592988
9.193472286997977
1.488373069661941
14.151143613614451
12.851229794345139
7.107915169203407
7.308581957872513
16.69962952789538
8.900953656213053
12.563107764276817
12.698837457464947
15.752475523769931
3.732158208094163
16.240134734499108
10.96304778861021
20.924928983228984
10.183547297203628
21.705823240158363
20.637158596563694
5.271866197657823
11.930671410157691
2.771695713231741
13.950534959843036
11.229282078638601
13.958803966327167
42.76432758045871
10.000675775984307
16.272509411249562
7.696440240710471
12.169552031284336
3.777839453903364
10.879229309986481
6.028374562360417
9.43508003427169
6.800765730036079
10.561062642431628
10.990799271050824
20.28654383050074
11.51351096009727
6.228505616003689
9.791636219435672
2.6956515566102617
13.228255792401743
8.662597409385315
8.731220624965452
20.023977781066264
10.850858821056333
6.973519471346667
4.282188448309671
14.326782785356942
6.047276571291989
5.844851061704588
14.42646747249114
9.122223077209284
7.483444064926276
5.068136326693515
1.5972601983226467
12.541720336781474
17.460542112952613
8.305940834608858
10.927880256901311
4.768740246188644
14.224028016444901
10.782434305331924
2.9719456444553067
9.194336444485137
11.072598466327443
1.8778339729453726
7.667456430389446
6.961335641152086
12.218381259545257
13.569426810635159
11.77624190664635
5.111948543814069
17.47821779604688
16.73065845967358
9.298279875118281
2.952136963619348
7.4601102086327815
6.794714185729968
17.03975174586098
7.171455101065215
10.847767671660042
14.914984617160611
13.836375961313157
6.208886061074476
7.015160276571055
6.321064077943988
8.1131304271119
9.59969131236665
3.4355099939707183
3.998197374688874
6.62782320544041
10.573572532530942
7.1420336098622075
4.102328209957623
13.841269547468158
4.875948827892553
1.886410974017794
3.9317048822571468
15.851872138949652
2.272300682897417
8.12903544773555
13.52794746277061
13.010349174498543
7.461665025500557
3.068340251641356
12.782633649712064
9.121789339098838
9.643779200877832
16.560323139722307
5.374376251652736
15.894551489516923
14.52930572100785
2.8444093284466345
14.60478010938504
13.45413547244692
2.509547094133912
4.838816686987896
7.288023334901175
7.7584382237051575
9.3266446332828
14.027462027312506
6.295432236559776
17.81022537224224
18.090898302010746
14.060563774884464
9.212932654585527
4.48495203257374
13.436779159061908
12.225810869727177
2.3092519912016742
17.175646280026015
9.00446807701799
12.246392837035197
9.653117869875805
10.3288502919679
5.102890228880466
9.981708132626856
14.9533495168416
2.68478197474391
3.0452416197949392
11.954209148525692
7.917376176975279
17.870753680046594
8.236549702313582
15.251363080052586
3.662500858027524
12.593094619039615
7.243361373839168
4.101273694154991
12.849244459371466
7.0066552552884005
6.019456395973869
7.9367541845331395
4.330480242769081
1.8123996737363919
15.123446883874893
8.815117038887845
10.557269605168319
10.868009648549764
12.075006988173117
3.270034950197729
8.350151672656086
6.558861369455999
6.099334313122704
8.51030412959522
2.8433069441763092
10.560299554181855
1.5692294363818815
11.487513835012843
13.907234106686726
2.7311470040910146
4.36405453726953
14.258882439800857
2.5639068650979717
2.7778455129296407
4.025279991071224
7.715665614646484
13.488207158324508
5.691858103935784
6.227541022915699
5.218278485965833
8.265204602381681
8.055485393520815
4.909347971121812
7.217113108717534
8.14287224912982
5.927862508956268
4.503671439660812
3.2545653605345235
16.503176392765127
2.115002966790937
4.950742460965858
9.472115020785221
14.126955052865256
8.397380739450393
10.502638458661313
11.850608351919908
3.5932539208163017
13.292717986230054
3.8992019183180098
8.6847734756633
8.272573186502488
9.06428262808618
3.9131296916850036
7.641599561514458
13.787337128073215
7.5752529387727225
2.838958591057834
11.13055413475471
2.4821390379179826
16.004700110434538
7.370694309899294
11.076736839588866
8.276174240344483
3.567218108427538
3.506611531771039
6.962811428581901
5.633363867048322
13.905290539472547
4.461932344741846
9.043314535042239
12.819013005634561
6.765156838069608
19.745331631914148
6.473495007842983
2.5793640054533826
14.078520481872044
7.3617957800379035
11.885304531426941
5.602139649760917
7.207217902560335
5.259637347392626
3.293297631042825
11.558731647569722
1.9490189292079076
13.01477709048458
8.82104996665534
4.390256707869631
9.93367033156492
8.052080929226706
3.4127098783475374
11.290287376643859
9.873825905989323
11.330641920138302
11.178864182561702
13.376765478763451
7.6029609961043025
4.619332399644401
14.193398423023256
15.296458088363151
8.51856762521423
4.359191373745094
7.04001947024228
4.489617634660951
6.950382092775892
4.162688139449671
11.853954171792028
10.609787826829853
3.6131162323516532
3.0880403962285383
2.795084064467595
6.226862645324288
3.329475839514676
3.189828459366412
1.8096899586369115
3.6803814162348547
7.706966404625116
3.4385883426822668
9.054909595572518
6.587537896655104
12.87677249617371
10.064022448080385
6.917512129775979
15.124504551199939
6.803385206931694
11.529284604856803
6.53573713764321
8.34241089230997
5.838660576683096
3.0892312898892653
7.3915583102259
3.1934988688344084
9.697961665473873
9.523396966383329
2.494518827060606
8.45356771432942
10.400519324121468
13.03172778924653
9.763153457586254
2.6022810464687676
5.7331868460896
11.512340554282693
7.1706450622070435
9.866097939582808
5.438412301785362
4.820524321075787
11.23677910326535
9.815853518004452
16.65612941520937
2.888417899471795
3.7158344295378143
3.4210541282272167
4.242364336490295
14.464743433415412
1.1615612890538891
4.9018503345622415
13.067585572747161
5.165123879445067
7.267587749802582
4.901758712790045
7.470109315985184
8.861948608040832
1.617887189837227
14.920503915937534
2.3620124724612626
8.688292643886793
2.774532437220625
2.3482292420996576
8.124653221130664
4.1233939741222905
13.673945178953861
4.113169198966915
9.074535411549416
328.746
39.477280623452
15.656530395754938
23.140445488113922
35.5214186118472
56.78951569968334
47.69893408793935
86.53334300255291
143.3889904132747
233.4900081123634
468.9792189505416
817.78071419362
416.7184404305921
147.8775365758066
101.84024937283485
24.58147571817661
138.8090912156211
69.94408145191066
122.90298935660933
323.75059463645107
159.93688866984755
162.57278446295277
265.3257424824886
416.1959803807016
118.67548179320832
132.0529882536703
17.286688230319097
143.2256250196924
82.33273072131244
73.4357461751776
104.30125959837483
190.0931147120245
100.30503933632617
177.90417754365987
94.52440797036657
123.31966395761607
270.821239858918
43.054296925547774
219.50059003467317
57.80627423471118
225.55705289172212
241.5732855159686
202.54199819463926
158.7527670049096
104.09056210621641
195.2123208370804
124.06719274707234
348.06483622671544
163.4889212087466
201.4823005338122
146.38016842698585
115.66128639479409
53.97227259087814
127.93399448662282
520.6974996131639
150.97820146977332
65.04176543289721
181.89976554559843
131.90040474087084
59.20101451107143
82.06322130512181
124.45554089634285
114.52590446404636
278.34112025120464
183.5193616619276
265.826119213134
111.90858238492577
298.48756084899804
250.091615354834
178.2580464880927
113.4882702202239
182.5605713633416
264.8002441088588
44.71177115792665
152.0240724371397
174.26537416473144
138.2662433763345
158.84565915222151
109.55325319772989
77.24336866526579
184.65029874108993
86.45708320966929
14.331124087043905
32.59297291152205
132.36773297687208
49.00355062555315
56.062569242541585
60.366228955127916
87.99147656769746
115.7556869705513
177.6594998181611
58.72808538430502
197.63879626694683
160.2484384889178
40.94683502022578
92.5468746787473
286.3537617526464
177.38708773248825
60.53230141245989
91.06791952616982
234.87659756184664
178.26001777483546
110.13399194912141
91.96973645983556
108.8781449698934
51.019687505314735
57.01471471866895
182.966805541426
110.80211402745026
45.17535397434828
27.1812865561823
120.19350025046658
101.94445054660572
169.77158426599422
57.67576821706354
104.51231381580743
16.988991501033322
116.70797216736793
42.72461006971421
84.25113389956948
155.52831299433325
113.41361624060029
102.80403543274747
52.03552292403136
86.72299002270358
28.92231541976635
95.74007913665484
110.23732894578363
115.5158448203733
94.58588196526067
82.68552533224367
41.492620781813464
17.84506404920024
27.563176742065675
29.106804847462907
110.12927956605864
80.79858516611229
101.57640534810548
30.971548786485222
36.752057168199244
76.53875520474416
27.882359325111853
34.97415613332315
70.7799987548263
99.53631377591692
29.246832697603455
29.83672361868364
23.187987703193027
10.644105095547722
49.339126562178485
20.324654514517054
22.259743480641724
24.05080481140936
48.72636743228559
48.04970430677443
54.77790133533038
7.855913800513107
30.352846739632096
9.596939717225458
45.6907034633895
28.67432455040362
21.906615751711865
33.68133956982238
35.9096564796166
66.1049772349675
39.73830910133335
10.345082407853894
61.33320569128392
78.13657894581046
18.58550399492736
37.68381723817052
12.918188819710506
53.37916877097075
37.17419462311546
21.622352303939397
34.81142814776688
98.32030737776086
44.64255511985364
12.488308200419374
74.63826837164585
60.491407708159684
22.383088309936763
83.94320937662364
54.15701162126377
12.179878107498011
29.118205313913762
80.94124886916119
28.229677127159817
16.533434172132214
47.13876133958402
10.459170066497693
25.522582507477715
55.769927259197864
73.29717956940851
58.77713916443872
41.38055036690894
26.942841361413997
18.174859581707512
40.62760970545783
54.19273069693678
83.38852925120464
35.27485690308329
26.85225676813717
49.02570351712766
25.352259631435242
30.092800257536872
20.839322874174073
9.616667789998921
6.466151683410211
44.396885163352074
51.74353689420556
44.22822777521909
17.955593883565285
5.833836903060884
40.67406581753547
9.27931135883229
36.994944951083156
35.66301401547895
60.33145833677833
44.00678068286633
40.10403335561307
19.229114711360502
10.121188024445207
16.688136336146826
9.979664029131548
23.97769991169846
5.597118993676465
10.618133451704965
32.498470067153
62.1592737648833
40.6981472537829
13.63151143316694
17.46966645890742
40.85337597729451
46.23322461885286
26.36694957634853
29.26901545948338
28.611707064941243
20.44717693920681
41.64492871880089
55.198360406031966
11.728719685000497
5.643085796096963
27.340183907459725
30.946851682641615
39.19377838180251
11.224393276690463
41.07754266532596
51.834296710199695
22.222303662372056
26.315522875898704
22.686481128467655
23.650772698640047
45.5237767233878
21.3896289054412
42.296693189170306
45.558407626437535
40.156348571317174
7.996064873113869
31.307827987099547
27.133428301274343
30.690845031695364
12.53147280020351
48.76874435006105
28.56963602928752
15.426786684168391
16.33407152292053
24.016644220010562
34.94834116438878
28.38441173259474
26.217936779975805
44.35470359191729
28.660159617017204
45.68398788624491
32.07220833570158
26.392681962696145
24.250187765367727
26.363840741232554
17.884847747729108
23.250919618573832
19.06727586422159
17.242370411717697
35.51076942586449
29.879128323500446
34.394936741484116
29.545249079893747
14.704227316214105
24.75592630167879
44.5063190587047
34.035782505483944
40.49905671870194
41.555357524418596
33.69329192330333
5.471874646030564
17.538586178002163
19.298554482728814
17.461831675188893
7.442439135109574
24.23263566282441
49.617066796560344
13.840846062365104
23.114646308028856
11.887845806450544
36.555625654119765
61.41114041852717
10.891868373464812
18.971508790133342
34.02878276613993
27.812127752244322
31.60474624862579
12.039649582945389
11.807151324631043
21.176907704174212
20.722733608190993
12.26082459795514
26.283191497516274
4.435914290830422
25.278460576048538
21.266318237407404
18.74358238641144
5.919774732854726
27.16237773602114
27.5268167489149
20.625140800913147
19.03671556293162
18.169024111216295
20.731975113688705
35.02905895366436
19.1297407714686
26.765378996854576
37.135016471278206
20.88507153506755
15.352799324081268
32.66960035395488
37.06127317444922
17.193652844124845
35.63033034485527
11.499328061327194
7.923241337864436
36.8707646884997
19.005057532656615
43.24212543093616
32.94648590457682
15.34617198029353
6.672804503683975
10.55815324660866
28.376851054561303
48.11359792852546
35.37427556600711
28.42292090869785
49.81491914870403
31.620079616709404
6.850064229000137
43.00144786100971
29.336665165604312
7.348068827699144
9.556895988995718
10.780717814518798
11.541089188999917
19.964644650500304
13.227223969837723
21.968338526400544
16.20055607842194
10.02233999802003
19.014878206568522
26.85884734729517
6.2512886061318556
25.352313037983375
36.17963563519926
13.016176668147946
25.642273674500647
27.30107555654855
35.526310529989274
25.16741032132509
16.26634967060856
12.014751463187068
26.565192697866163
37.779760835158314
29.959543008506667
10.39719451924747
27.23728753242717
26.069328377277703
29.13889369313315
8.796272380335761
21.019608691277792
31.85844860407838
20.487324793483545
24.225030126684032
7.945777136656087
9.621289129378468
18.86831769836088
16.911188169816462
21.315263039877863
5.379125314307621
14.900070568625218
18.153879195793838
26.127024040014614
30.29721193486267
7.6780712980865635
14.965215652949787
15.56326526421165
5.214927533915392
12.370761070263338
17.04340642617357
0.7772569642683591
7.169332983925297
10.873661595641797
19.308081240450665
8.827985262488909
18.05193598623212
2.6057656065559076
18.940525455192734
27.473425428783493
3.209358561522879
35.14499345144574
17.070570594581955
4.057737656891045
16.185725062067004
19.69882775942065
15.509416168511784
11.256648357471287
34.11645539957634
32.07265465432351
29.643211677250058
31.51314649776318
23.63624447281941
20.714640781393417
17.49920568916599
22.24381990575959
24.9108336600364
28.54620519666147
33.77845288609115
32.056138499321364
36.75675241799707
27.221628768389866
12.18307035917677
15.53087441704939
7.367844729380799
12.453892219365002
7.5226196562232035
11.187923514350558
33.356910927856504
12.019157694746536
7.224238068643934
23.917809551651253
24.818398493643922
42.50335232611099
47.30403224238051
7.623185464371734
34.28869350116427
20.727823301092204
28.722737654255766
1.0526674801156723
8.344553839650388
32.5969087850447
30.274535415344506
24.216478579561024
11.229307263467932
28.976560919214293
32.845580330790476
30.87778560474419
20.656580389846464
32.24895128236583
30.104592990017498
9.945695982825491
13.375722360791514
6.099785511589761
17.154977460288546
30.067273563772503
33.32959373384255
18.60789381767465
11.97644091904137
18.951112276423892
24.334005621798372
14.624513730280631
34.03571467993128
16.577159393271746
22.929091595589394
21.15645731345596
28.088876348616395
19.598995180350737
25.735756128590232
22.968503020872987
13.407454009562008
13.005781600102894
11.926486800004362
13.513154131929166
26.97645831358297
20.32833224297023
16.60712192023417
6.007423272045505
21.882768174506978
11.53014319536102
8.493384887886595
14.940695942545029
10.943299592058345
14.269508500554847
12.24068699185648
7.396160173266417
10.979267959877134
10.169793081816158
9.723772735847161
4.029265382105445
21.72651864332609
3.8644499386841864
10.393044715870571
7.1789967471265905
27.07384632876684
27.92702431544657
18.68998858446306
43.88829082584532
15.30482954667669
11.812802449852583
21.567763883062362
12.78488429211862
5.2713662526905
8.344374639641254
46.20788025242261
2.244055745802836
2.407248059651284
24.025413275401302
11.153365253581258
26.353456336447827
4.639899998855463
39.62214318092555
21.30364883012894
30.780914064441184
13.114749304357417
30.931348425169787
21.671636305839762
18.716865256423073
15.393741641786345
19.03318995631992
9.638928524510877
2.174559142882554
19.381947906050318
20.372217789896116
22.5858539663671
25.075503894288502
0.9826717778227313
14.896113950140146
32.651491644790156
23.19880384009978
7.8670243278292045
23.945430504168012
22.899159810871662
23.358042845330424
23.054351678947466
21.290422100170115
10.052303562425614
42.04479800608031
18.16967619059321
10.141947106696152
12.543752341185627
5.105736181822631
10.465634404095304
1.4443226552439608
25.883065352848252
19.16397174881083
6.884839891637725
11.16616123406571
8.89735935056326
29.687778343401803
34.81380834577554
11.372765159064883
28.437259527571374
16.40227421845651
20.84548893269682
4.38625326856757
9.740732059864225
11.962565402795606
15.30747397645843
8.077345990723066
23.572071515595667
34.48952422667522
25.07549878577877
23.336366682811487
16.88532654925243
11.71870451860526
15.974500783408438
22.60233685282091
20.90563142253914
15.760212354007404
18.833663182217972
9.487223875058532
7.493763126921718
16.812980530927756
5.961890513857151
20.46907395254277
21.950850362176165
13.569107062624829
10.644522279117426
28.862851970400293
12.733457998781388
26.823677983610434
17.225374838843177
31.388549042302472
19.117707828742528
27.76215115217513
19.613237472652564
17.28614325859533
26.759454834381682
10.09766967714426
18.61390297065501
15.18874691223226
13.89237271270142
3.678550778715538
13.157547555239375
9.781033693129006
6.727507838073089
8.391248374567201
18.080957357132732
25.322150728026273
1.7698082299753028
14.947441143681441
11.237490886399279
14.410993386575626
9.45227358023115
3.338990086843165
8.005688725775192
20.48752155329665
10.672352779206683
19.87133560921337
20.883575221241728
17.99518958564409
18.538576808952538
12.832720279268234
7.551677263198606
18.824358518401432
20.57494768959863
14.693186140032601
25.315111412971294
6.509648145150405
21.58688052599272
17.647754632516243
3.787161255246495
16.842291252878184
17.403442757832106
10.290800930540941
14.160335624274724
27.598263574057203
6.29710767760452
15.678575867585538
14.104734977234965
22.53606063183206
12.27900242208692
12.076743878232199
22.346375580778243
5.031831863320392
11.67202717698435
9.080942349283097
18.40963994139786
5.640128522015841
26.06771927202463
15.28535135338909
7.861419278807649
20.960481888740986
17.625120611447215
4.32349032687127
5.899994931355769
13.013571810524603
16.186576329761795
16.393185334174433
8.495898550843018
13.94013744346555
11.053258881913218
27.470383038423783
3.51172830752768
11.966133350569033
13.680791917647316
10.404792737329226
9.131383426044469
19.941003380753035
8.70017033315229
7.83027955317168
13.540303512685401
9.991675028468263
4.402571861594911
9.11948964181529
3.8320052062113357
10.985819597911602
31.54208213579326
14.312803840346636
8.097164145094997
0.06928715462434742
6.893572839075418
6.898677450165066
17.387431889725875
1.5027117702274075
19.44722092294858
18.373390463104897
17.81922822882558
6.09835460331216
13.16573867924948
9.462212343074432
10.188581222523522
3.625178837528071
5.946390579043417
5.440731209740133
13.654782905413214
41.49656115136053
12.765554064825151
11.496005007726378
7.275983251957604
9.001617532642165
23.549984697427476
15.824261250335823
10.409546462091276
8.053847716549031
1.2674506234428495
4.5390354401237
9.55017642226037
11.541964529384634
7.29824574337437
5.80215450747583
15.377463126501825
19.787294096660826
24.417194302318027
10.003022973525932
11.734364036384747
6.4187564393958025
9.40050067352004
7.242474321285104
17.24099343188309
2.9232029412441074
8.499812334014324
25.25753168294632
2.575979473484083
3.6266295814227507
11.612129505280308
7.038478052959026
16.440913336743268
7.765055068613394
10.276581845135462
7.885149300444642
5.332192894340181
7.936239989878934
6.423563907622874
12.00656206422175
6.042611371140817
13.254450513430768
7.141217294524003
5.983728276732057
11.276673250977145
12.467123059772602
5.186092298992224
8.976172096369309
8.082077764422781
4.304660213595886
17.191711655181518
7.561201484178032
6.19147773207375
15.415736810744844
11.512239126289018
14.659083090912741
11.435351942946154
11.180504200159076
9.553321379032928
2.613404500051499
18.969565890166905
13.262348768392679
21.1312542945205
11.914611666559276
15.583873924322978
13.181368497322309
12.113456155635124
9.7290048721485
6.096889220556565
7.590286917518286
13.446030490971438
12.705729945364558
12.968255995623522
4.950678618605663
17.815345474422973
9.8411457981962
2.738477780446908
9.508400117384857
6.190133759954231
8.556352150241052
6.061695389343454
6.80362866946879
2.717308551007973
3.8219426081974293
3.7038334514320463
5.525770871535467
17.1935584703121
1.6231884147989037
4.627913290040462
7.435642532012723
5.615248956962538
4.982102182927335
12.840022072553097
12.095031996147542
1.966992268319314
6.024468209626101
5.726770203239975
9.590145020690294
11.128018695743442
10.64211705973015
6.762155148680476
12.116199610525895
10.081195701679842
8.438592301045029
4.973789914023089
7.235175060470086
13.44054350635753
14.376683947401567
6.086765301605424
7.421657846393808
7.281153518869903
19.151540316983475
11.690925833536506
10.9961231604243
12.53411795611564
9.65381535226316
12.875412001921966
1.7675837255116444
3.9494801733397225
11.012180900717688
12.576083693101134
6.366221452880257
9.518675027983601
2.9481922420561526
3.0248202421399206
4.041877236120037
5.6096756191691615
2.8247668920726468
8.689834225825363
9.212429340486858
7.7805454526827225
15.679014954029926
10.24082067017369
7.362482919927897
4.112788688096995
12.747315835117417
9.20503545483195
3.6450646040750643
6.8237173972671386
15.25213448247646
6.669217464528842
3.5203777996015964
6.144465501118383
8.051155842664249
4.798741928278055
14.038023660247246
6.7452498258334215
10.86543829594152
3.422203678673536
6.238534717175481
9.372102597125762
8.99269768956501
7.620326288226005
11.732852406272766
10.020661054126371
6.807334332337449
18.236211116364224
7.611494436633709
17.553212446536726
14.411654078508544
5.291735001276376
1.4396882272533154
6.188860276985037
11.353021662240204
7.243700391577373
12.67110331125533
6.644296198505202
4.232588801664161
3.051304077872214
12.957025982923376
8.06704740644222
8.253603357968396
6.592226216464058
5.883266598684355
8.26813822106018
9.085351285508615
4.3075563731762525
13.700048615696192
10.287727820100043
6.321440770205112
6.878286381498074
12.966051229439069
3.4440772430317557
4.416098825423898
7.381776563293267
7.668438246359486
9.367857120704512
7.270677894223785
5.001974419451877
4.628361756262847
2.8456422503755476
11.452399333704237
5.381469168991984
2.495485190690563
11.8385242357285
9.127950556948248
6.336314837839191
4.583242746841834
11.232730250838076
8.491706395985586
10.359973477371739
11.50589111800457
4.496285068681087
7.590352921184011
5.438462109707078
15.639659806817049
7.270689815973703
11.190993863734565
2.5199653558001436
10.897000461743117
6.272836130861748
11.481869399726703
10.719360734914751
2.378052774519589
4.4000604834146415
8.72817742104772
7.450802703679891
4.598971382851887
5.864198705412489
7.463569881587627
12.345179898573576
4.703468655828471
11.897690707015684
11.610478855507656
9.189813490917313
11.753705101562717
1.21413366661928
8.326417013394376
7.178052718018152
8.558933071570797
5.669858018083154
6.673228616474593
5.447944582105757
15.389262316958048
1.0942542357277187
9.020622721865147
9.019213510137927
3.4096041407070423
2.2613469130024946
11.465710967733019
3.7664027561326474
3.877435419558088
4.506866520658839
6.007197541926966
2.353162512827369
1.159725671058198
4.7822779330836145
6.8132466281818616
7.5604553435476
12.871144959336563
7.130780532535281
6.641236581396034
12.055170054271885
6.234795837257068
10.991701202496262
1.630799402479997
11.96546269357532
3.483874744655168
4.96114139946629
2.976019931614594
7.814030419143328
2.1103543828050717
4.110602157835481
17.399100191112467
7.913813637778009
9.909967271394564
8.237837418395847
1.7491630052624074
6.21186940810473
11.348412029260986
14.04483809920751
8.739812583750151
6.219511448323369
5.107995664688054
5.572522815777467
3.4701867327949163
12.906372079153451
8.265151558955543
7.088225413622488
4.480878828810171
1.236459162357707
6.124821246846509
9.63588932085683
16.213641321927525
2.975576482014776
3.742954438985941
13.60905562827285
9.226256615979871
4.037004074174183
6.526557285805106
9.466231793284482
5.420266600870938
4.915506072322183
10.318533399925084
7.226690289355717
5.3039373672285715
6.36484670694881
8.012469197050388
3.5478522513689184
7.440862896577026
4.8974180831574925
