243.833
66.15019402806158
43.97272179795858
61.886467728067544
187.16066811075254
375.5275242300086
737.6647434775051
557.1497739906333
196.68591785478097
381.9832243262996
384.1568484243978
361.6963667440738
597.7011976569572
642.2395697173573
953.7076196382358
481.3492703695285
53.97433903885316
207.33555715080362
271.4721942203265
170.2046846379083
513.8996459735747
183.54490272483454
178.3555226859159
258.9703861409486
28.1692419236398
284.2453804217499
75.19457874481526
50.52845752051525
180.0056371957759
328.2022240541941
72.47309152562248
138.3614222636314
309.1437140970235
86.55948291617509
24.522690648809665
153.4829104246724
84.55859712319423
210.33740300082746
309.50884862640606
189.14086568524013
52.38721772579177
246.26185752839626
68.56676272126273
338.34807430500365
39.06424966871277
146.93103233430975
129.96287657711426
142.49744468524176
100.3821717104706
143.0281850004428
372.795331265156
285.75787134672066
121.75206552794198
159.65786691775827
189.8048414836305
180.91971078882042
170.07432862421754
106.11843900212986
251.45909897005393
89.22358349804252
28.501347182487113
21.10672251121999
126.6768728612199
41.6892019384659
154.91185723705442
46.00465055528875
223.18528045235115
226.07642039209873
179.1470585371082
96.7578472575699
175.21851374570156
69.07050815480012
184.40887222893159
29.731936436888514
83.21389143490183
73.7762215470218
50.447373393053205
78.60827540295334
136.89365748780884
140.9463196344656
155.64604191503688
55.149411206086484
186.72128302900913
123.94255933861265
144.18935080731157
98.9608447939987
296.1042957357799
122.39390650859559
40.618377463879234
123.58969643368147
134.9547399127066
65.53625173189461
196.34019296974472
99.50708228940218
82.6529109444673
133.72197984668279
78.22033903628441
58.44733620789843
141.61897930329368
8.963356855953052
243.13362533679515
82.02415681392847
53.50384861741822
140.44186486777446
75.75217786109789
83.05685442513986
74.33026584404051
45.271347969662585
75.91710486498667
90.25525760419879
67.30208675129688
78.04475011002955
82.20784705175265
130.55860965203655
107.81425073766394
30.444371430239418
39.11118752444959
122.07678394925769
179.1361697031319
48.26151184523192
72.64586095419862
60.67791048861939
9.819532291859367
60.73303349473837
98.2894264917648
16.69292569262347
56.307803577787496
151.29991528415982
21.516029474530608
66.98262139289247
45.171331703402885
55.120526619143284
73.05932927277227
83.64437373410446
32.0332432005267
57.469030959418966
66.98124548587401
138.25744531713858
74.46760886249432
33.84877263789337
43.32455027000777
22.156972008653437
16.784925761709296
71.8463867084456
81.406652822659
46.75080729770983
69.84115235717738
52.43660563129926
20.86639153402057
62.20757409369686
22.586282966035977
68.05084978548672
32.90799749475441
52.78524468749569
43.690631962158335
82.18933131912986
46.7950011886742
31.96982007727201
32.321791464810275
32.164943157332196
29.705007067712337
26.048488423018142
16.03577111770226
27.15749251958753
41.82440423308107
14.953763144520174
31.306180748884408
21.0150039121717
55.50448888843193
43.76928445777532
27.36942571077546
35.16911763246616
50.271765487530466
12.323842239189386
69.38688968490963
49.95250460313574
54.38908103731308
10.10752548590584
4.822901808089938
30.083589209473402
2.5260362342947027
43.31329308521451
31.936927778072555
28.251511511413177
21.24227749199696
39.58945476902164
32.20667946705577
53.32842853822679
8.839882672440748
25.442167774844595
32.76542099160805
42.25952457499128
7.304304240091114
41.7804110461924
28.698539617756662
10.610311450927453
28.324170251386676
28.069789965510612
49.47905486695746
38.28176653011047
73.42609735747146
40.07893325286999
15.57482541960779
31.85840276251781
12.822193352405307
25.95812081628285
17.40860257702427
23.779209410785906
17.029630035117577
54.61336506884495
18.456233403262086
26.234219509927396
25.752617558402246
22.2312105003889
26.809704562533945
23.0533694978869
25.030141484154786
34.213993823224754
5.132591401963171
26.526921285749687
22.302045307300542
13.227603694948513
18.285170022963545
39.473643931494735
28.882494719157346
29.14127211612755
58.79531134785986
36.49038736938249
16.03759190238413
38.56201019586857
22.02914959182493
28.76675429815195
20.91097550697312
6.994213090120649
23.042516339234798
17.729742663730256
7.298764462844815
26.203719385546126
5.095244870503425
4.906680373843577
47.737752022866594
40.69758827399816
10.79035152035488
3.214941004746182
34.64543947629944
46.45921997122639
11.147773583851427
13.761116487091277
16.17739984180466
43.27263778986204
15.090230664722965
12.832370310143263
10.955811183217628
16.58940914344389
28.951389283696443
24.971967813164856
25.483657585597662
37.5700657193532
22.45248582568551
37.687483230579964
9.500085378564625
26.766474061302393
24.69923224139184
13.411456035605507
28.986868114958995
25.632839588072496
42.49598979789163
12.419545020386042
26.07260920699261
5.475838777581992
14.843543587120719
34.6083745529188
13.831285950789761
30.783971690347126
13.84424220661699
7.3245432157358925
22.231253786207994
23.274418699388164
14.861840307491532
9.744302680519601
42.56762128317925
44.53087468365271
35.39555969856687
25.489740001583844
15.354609746595244
19.20776385409011
45.8726380924865
15.366852105933681
15.52809608908537
24.334110226272536
15.830944297530156
6.220576425432523
24.848764532048264
22.096068681605598
19.34373924113069
9.445207643142169
10.903110142264474
33.688573809985456
17.789873605131206
63.75818165622108
18.815623834471346
19.34920239713405
2.8669027653875694
30.180478577516016
34.1068853234047
17.617181444492523
29.740287352806366
6.032882824420209
22.486532161705036
11.100530100100341
39.040496073669104
21.166773848615524
2.776850455034231
17.82502255677365
27.32803892506343
4.769592649516816
40.69431737134334
6.808735708095716
48.891270003588716
33.71366629860387
12.981768871892013
8.885105278324763
20.87947960372373
43.27716017826773
49.46634230441363
19.84287292467798
18.23712233026368
26.094698060365065
15.095016122887492
17.539096513808108
28.40283524121874
47.209660981952915
24.030369675425273
17.205216893263614
4.1937678700588235
29.442306218212583
44.53842927814647
14.62543123839366
10.164228958368348
17.440375186106564
25.37117348412768
4.98222933643062
9.47049798867572
8.001186552426075
16.783888367524334
26.60140167967932
15.869674972985884
18.830020232641083
15.179221495477051
29.991465991639565
7.9805883486092375
14.932934478334
9.47164414523769
22.98130297266527
31.251374266498924
20.094155114654907
15.089400568152094
16.091497159353608
21.239595057298775
25.406202175613977
2.223382468308159
23.801630157290184
21.601698923105047
47.20685617588137
24.487692358861942
39.45999857153268
6.720155740767139
21.694924877294586
30.215431806155717
8.851808438867673
3.4442048285919866
12.005221184622883
24.62768573917483
31.395509931341728
15.32965350578152
17.585499398575692
28.012684914883884
8.45422803804851
11.03662753215541
11.099904917539227
17.70556415375885
15.174308394989685
25.02691777670991
7.063094062788073
12.319522556170801
3.8494763995176577
32.3964483064419
24.045550593669162
19.607096632497598
18.722177202774965
25.470909808501734
28.71397697182319
12.993121708361583
8.442581168470381
26.798026505708698
11.104333553240629
23.628222780000986
23.40683388994157
15.176214645830195
14.997883419030227
13.74408748567855
18.787229036178346
29.29682302984733
11.21302292514246
1.899671511692221
14.280541079101592
10.982571465123574
24.599813501010026
26.985922548603874
14.9315859191786
7.102995688084134
4.081659955000953
4.182476014988758
9.993829011257313
6.443856942015971
24.417800097894407
10.23032999839464
21.41356727948167
13.342339261416313
10.654966582784606
6.25355417538884
13.140759672575534
23.878000501196528
7.815287298673227
4.367862955073923
2.8717877450616904
13.252550048954054
22.0500928074245
13.656679572819723
25.589742867080023
12.32517697629472
16.715232106635927
13.291938801842548
10.89491228107948
16.882989155186436
11.666657234517748
9.11272064122215
14.319646199021985
9.800578985752235
11.638929457722824
16.694018627591305
4.724957924886819
13.403134284232143
16.13770518923953
14.753184666875317
6.660118300409476
20.49656901250697
12.328043465988314
11.75206078417128
32.50100611219503
2.133105029639697
22.447185899495764
14.058344856922783
13.334269042067273
26.772356701494214
32.00469451394858
21.254211373760736
13.313971694505277
31.392205332279456
31.443146937664125
36.37292878811006
7.731641255126754
15.299848720387
9.138271283693387
13.955257678652476
21.86844804008993
22.514628344347095
10.173286322678933
18.463948742498157
4.021004461955494
11.133930311067656
10.928882555604817
2.7729919669642533
27.324964126249128
11.546700744915288
12.5497849669737
7.79073449239502
23.9975431376871
18.86215814434055
7.447811533525796
11.842080939455846
11.346841723337073
2.7404573007739197
9.60229920247859
22.12057802269229
4.804794634863885
6.117634876279558
20.308196096141078
22.51844659154351
11.636496232223305
8.221141391066613
17.078245450750746
18.32711639359027
16.949608147733038
4.313321480162351
9.830375803017155
8.812623623492685
13.596061829115063
11.29493943404208
7.359748907324092
26.697578053826643
3.771916804922296
13.162034691861741
5.8932845985360425
6.419386862686066
7.50686876406497
16.95756278635666
18.62729596406539
23.018885028400568
8.235241584179748
5.588872488706243
9.060280051852391
12.098616572581221
18.24097559555612
9.71220396675793
9.493026286445412
12.442791264949564
5.572844769700453
24.314279686811506
8.801843989549573
11.411607065691614
15.688644476474764
17.57777719096844
15.242837264195876
4.127494757131804
4.074501003875733
14.606379361136758
13.68364492945153
14.295768161241103
19.350422770700877
16.399709145216416
16.966974406239693
18.387081912577436
27.91135241848756
17.104442242493164
13.06697734218446
2.7098825729669453
0.6810598758752076
14.309725615296843
14.81413791702378
6.628364143147119
10.195600971013329
6.56488237847637
4.6336593916379405
7.515489481854417
1.4956625928520633
8.544369576940108
18.11531634837745
13.787041362546654
7.281745545345473
7.83760655519039
9.854006006866522
7.022236274596615
8.77512553027316
5.053254230643628
15.464309309694372
10.442733368304152
7.842030054960965
22.639348791849415
13.690994982374379
11.51744432466516
17.887604995549776
9.397338333967266
6.801783995585753
20.09668543312336
21.152704372499073
5.6533981361685814
5.43151234136003
3.7411480697867385
17.348876322612423
6.055049161163942
8.618842499420419
9.040239602118568
13.144196937121963
21.704385506660653
22.85183006643097
7.734061457273792
7.41396099395939
7.216863210069316
4.754147559159512
10.348807641148174
27.59076567021456
18.58023921607233
19.547166192460164
21.88360485974713
9.50539255648392
10.425696677684423
9.984360311995147
16.690805916532387
19.10166468178415
3.3301612627034283
19.14817533736829
18.735090094724896
39.900295273855214
21.660998645226407
12.671116039338274
5.9519941735656525
24.619347277905106
23.223508990571805
7.49191241973368
0.9398954881041861
13.152609060820453
8.521098585568973
7.583885669472118
15.18008980358975
16.012322058027053
3.3389719099632753
11.32673848003797
12.744334899223182
14.446306715697556
13.83664100470942
9.281570300221267
13.248125734920734
26.51452161141447
12.06581169763206
8.109895957401866
17.823143401134367
18.73863250686054
20.805532679233526
4.301142349382283
15.899549215471465
21.035775259432206
15.83215986376027
15.517490658236117
5.358553344331665
7.920479349460236
13.002058916157065
9.922797224398684
12.279538357103112
9.617963346119135
14.778350961310329
14.846380773529361
4.0647825340281205
3.0513925836486955
13.13555222503096
17.88092816960236
2.7611017746751108
13.418539536774606
9.488722731058296
17.956610302603796
10.030925798558929
6.291876765983795
12.238631486348229
8.20674566478886
13.867935119305049
21.519090223910094
10.891514284497655
5.518710249522384
14.421767216656674
8.919327684483298
21.722673523996967
11.473460799699335
1.9633523318884412
13.256397138375975
14.83848684906965
24.64147896413732
7.080098825176052
10.894275479719282
7.679465093553448
14.97622686063649
5.432993239065818
7.856253716548541
6.382954518119665
4.51418947727692
14.244362499983257
5.177376748464595
18.131295362580293
11.466150423946397
4.2830154001155005
6.007582946139802
8.892091130830144
6.0330867443659555
9.220685162046156
4.626805963004609
4.147290223650329
8.497591491877058
16.314160635880164
8.755235116709201
0.9971145170079753
9.405476446497154
10.692247200699265
9.086244468492673
13.274046615408798
13.488797270805449
3.2944654200167864
8.978368256505473
11.27798448832756
14.293611766974067
9.791446656155227
5.92232073649562
6.369226315660217
13.571476024132306
10.054901811110206
5.419312952437439
11.970338128281155
3.0917962192201975
7.821050628725313
16.43497161375988
2.4132943767564248
11.33307497773933
19.946115023501893
6.581835957976585
8.36141574882152
11.911525367293175
8.084956137287401
10.09423457556315
11.237117385172578
8.211062946847116
10.584636799427257
18.032869114073556
2.660103544448384
8.2299567270566
2.6589318537597304
2.0519465004304007
8.505072931698091
2.8409488057519257
11.14629373108758
10.48377721446112
8.371592973720576
9.473222372870678
8.08435911957791
13.026713177477964
7.074769025954719
10.402214593381643
4.937147661258579
19.47859516738505
8.028005978536035
18.63165700773852
9.647830303272238
4.528194941173484
0.5097281773032278
8.743251577522205
4.0690877916605634
7.496172794058684
3.243032352460551
3.550184192236118
5.526280494509644
5.078160602821196
10.289286247592962
19.621232645191636
3.651253081324772
3.210759796321836
13.029852758875306
6.4818054582795135
9.167012659624568
9.109296563613087
3.7041834126986415
7.504649538290524
4.0929400273687015
16.13248941127392
3.4235785977906708
3.883895297160052
12.958822097708307
11.93152605268919
11.447071145925856
6.469710103069461
11.392788518700483
6.581472145824859
4.51746306370114
8.338063263482509
9.068881117197483
3.743895502634562
2.3020857283486906
20.611494484661453
1.763190739248333
13.89503868796271
9.707619861053539
8.888404047488377
5.044797408289143
5.223858196015305
10.652160986484196
12.627899641935008
7.8147814308873045
5.995305032696161
2.648000199001288
6.184383894508186
17.427063592851102
5.140445520881342
12.144231881246647
4.56565204660271
10.635135276876042
14.20677070082714
14.682913222769898
1.411301663755474
3.8081216949347927
11.180626519699432
6.940670053989359
1.1468095797594795
4.59224244793836
8.561844669458823
9.715155106360777
10.903927554787627
8.486637463213157
10.451563838040885
7.509793882100919
11.344212389635693
6.138262154214479
8.587724106638227
9.860262292065041
3.4601782195260893
4.348602522975461
3.8544941792659193
5.898370961629978
10.23444275952545
3.1362851015112074
7.190930563049217
2.2196488794672753
5.437515881310884
10.607985500973603
3.183805251051622
8.367852231260434
3.6848888498758217
3.0260759309631218
5.466986590619821
6.915171349081589
3.653847935946825
8.259195700921628
5.905805988213213
4.210874475700329
3.2958202286858684
6.549270881946549
6.927547286105793
3.3466652834731008
2.2657436624049927
5.987030634817759
10.011203375902372
11.792853758018104
5.88332068142251
6.728186344561307
15.781146288013884
4.184555668731265
3.5741640644793096
6.5377231288118125
11.669560103024152
11.200848759329158
13.04236172772767
4.0426368958112
4.545961399838118
8.607680578565352
6.4310213866189585
12.237729867438581
12.20087823817145
4.102823371948689
15.100170487901002
2.1572950887271536
4.0715701555527515
9.653619555064639
6.2991625396577415
9.3695676460433
4.806342028464389
9.424648873278251
18.79290847050504
7.560320825626796
7.330930355641648
8.219903445974515
9.864207279470621
8.06527717804211
6.21055891649689
4.196211018754731
15.548630174604737
3.1103420675058846
7.918405836252104
7.352591802245537
14.174770226612495
9.438312215186954
8.191325847257119
3.1457121571684854
8.932879522507466
7.825544601714975
9.964483334019349
8.576192307042787
4.113705638834114
5.451820855188219
4.794347479570228
10.99141800670461
2.533148215738199
5.138693444021173
6.942054130879869
6.21428341273962
9.13701663177191
4.285774141198314
5.240989710505522
9.452817718783868
9.594778278932562
8.200953196357924
4.849094042490716
6.4500871811700735
3.366966076108464
9.076612756718369
1.692568765060862
15.210992241870876
9.015350046339039
7.380522398783187
3.81720782074538
15.404799507083034
2.2277707190528435
18.051542323209144
4.589580051080126
7.524467035587953
3.5199519548182137
2.124701428641471
5.8896486116621105
9.98705308726307
7.822365922096427
1.4972881795647819
3.4702239688599934
10.083683435171295
4.857776644371651
12.157814587307696
5.545636299500103
5.941668161746108
2.924429650377628
8.36042707808553
12.219152642326803
0.49214499764081443
8.812644653910699
8.829768632249667
8.049662898823575
7.669742984824211
6.797468469472719
6.713527878506126
4.276237138962855
8.92792453557853
6.714801707425299
7.185862999492972
5.280888264450688
11.080866552207372
11.083559901634686
6.356772484006766
5.232221020422771
7.264974129637892
2.3155634239375313
10.305450166905711
12.31217204013781
4.076229097468305
10.986093330774912
4.119933443371673
5.2566348486818235
12.604154914243859
10.148941095451699
3.420838874242077
11.017163719543364
8.033373237147924
15.62255934853233
5.904515688035227
6.200441611279891
5.7227857086036025
9.909934917631164
3.2267079032896335
5.268962667877987
5.727538705813074
7.6534014116358495
10.994035934457132
1.2562953329348436
5.950734002253935
5.329257608114316
7.904967182496772
7.336203725737562
12.526886489257011
1.8782673996756944
9.461819028895523
10.173419969888963
9.163497881238806
10.86066486496748
10.112789312407903
6.889753576023775
3.3537841551247847
2.439428474905983
4.147568079306936
3.8686110610456335
3.9360308670541206
8.195978214838675
13.965194475774732
5.471451019606356
10.730510224861185
5.885306897526097
6.194986435068517
4.857268710850956
15.332796725216227
1.5175422184361997
3.469252961051464
9.041532366327749
4.246928463865248
2.4008849097560896
12.544820706757974
5.676661306381698
4.104577155942284
5.751644204299204
7.973622301724384
3.919498706563045
0.6791898858073749
9.07679075874828
7.4652870437087415
6.649312802369638
9.75101995309548
7.022031488135664
5.580629624088026
10.19109108442344
2.713383032141278
6.329164886745961
326.991
32.26321230085207
29.872650380842398
18.710216502974177
36.85494141420827
24.66794235157566
43.890878448293336
52.08076371662977
83.36954332370354
174.9893654178192
456.7920084621876
894.9824128663595
392.08505603690094
110.36114810553796
35.88675814415989
76.71697613434561
102.6009762886823
102.6133781292999
106.95525925540278
327.34268174090846
163.93153943801568
138.09731080299545
280.9070818980583
383.5054701159119
78.88090295279709
174.22985928629421
38.74477552056517
180.72279753557603
96.53774586006914
54.18191655421064
130.55053965730608
198.51312032231738
93.01148026840025
192.70919397474063
58.6859065247892
76.01824640256017
322.4029059152433
88.13893289435401
174.40686869021468
117.50301471977589
194.77687262146645
296.77329919325854
220.1163234846834
142.47273144000903
60.977184767729966
257.17976934011375
48.04895476017878
262.48269470479534
231.7087400345039
193.82241211256306
39.47688481913967
70.27842868259764
121.87336044676724
219.03768337708107
419.7187037109227
166.76175876492692
31.042846076858122
239.3431618209913
164.4917412678267
24.664573830377467
92.24207904311874
60.40576080991877
72.69300071410156
250.10528579120037
64.33673222668894
362.56246769102046
250.98124090561018
252.58074670857255
155.5090818963925
74.68242476619533
179.51579155370504
98.85990293199801
292.6795019525851
64.98355333461484
165.53066581080816
159.16255692371612
114.8518436184932
111.31558699285029
172.6080899223676
43.94831449296647
256.58414138880585
111.00676871448304
62.490719137120365
90.0262523402159
176.08158687232154
44.85902017495244
47.9244011809296
112.68399836870238
131.56368109166496
94.58644505795861
151.70985668207348
119.7983538454229
182.91953268265007
214.86684827776446
80.20465406500195
72.06553265500233
270.0291336750569
137.68490378100256
78.35068958466857
108.62669726520762
256.94753117472044
167.96086320119517
143.19526766392494
145.51765053635503
154.11293879635366
34.746614924920955
108.17158797716462
224.06551904045736
71.99037491764727
72.59973055938448
36.7384130030112
90.23835377470817
92.85574562055888
122.53959029285393
109.73927023706602
64.57780651704935
43.35551686445425
65.76736215826206
58.133055989774
111.17461035984842
124.64454590337783
150.47842329413265
73.42559504340822
70.92068781447817
76.40180456865473
13.385007528136319
54.280768699938434
83.35385113572374
91.5793388002459
84.84886815546207
111.14059752353842
66.48941184156595
36.613178666109874
28.457393083610558
27.362426195807757
112.23409003940048
111.85284020198486
74.02433491679807
53.17183683099364
21.014118439243564
65.89030798660002
36.875667791569185
14.539452381915604
56.08062799040267
118.20528753489076
29.61857333061953
17.028713867207806
32.61909182873484
15.160027370844098
74.42950206023082
45.82808517443651
44.05420234815129
18.521490957665918
35.58643057380835
47.46269254074389
65.75006703166964
3.7571483961419014
31.445434715547936
15.215660942821968
47.30761708801035
24.944361810526583
15.679235807670011
38.088114691748686
45.737842580798635
76.40569643833504
35.968464024517935
18.220882517049063
66.55744916667726
74.9212566957751
11.282850076324616
42.90358277281327
24.042762249829988
67.87166793699272
29.422965513659154
25.463669644489297
50.60584370366597
96.71430492467631
82.8873173907082
44.659336258294836
63.82082013343578
60.92029058698773
12.869212548337094
59.197722446809905
41.02923280350338
21.566525837633964
32.83475185837917
76.69409717606707
17.34108142212798
15.990140893260543
60.67467063802556
32.20043085487121
14.596926172765478
67.29619193071248
43.58607474713688
61.20044068884732
47.86215858867363
46.49048209451128
19.624030474223737
26.18079784262899
41.48136073909877
82.50898754196805
37.441057944737864
36.71276665739628
54.06935461474245
19.319380011798767
42.497527465440996
31.946856011219126
15.13824419030734
13.705001487998725
46.661093992678474
40.87519906041576
31.150706320609977
30.720917474064816
12.320900373710789
46.31268539186586
15.887236070615327
44.926669783471716
29.538301354703044
60.086717969616686
43.9696190868693
37.65212946794513
13.724734410868168
13.600553479755103
23.230566261868976
19.118590078228248
7.137296110852896
13.644369088089325
28.336125946626307
47.08497574376389
40.791024228821364
33.67708310512271
30.114289341245712
17.2270270513835
44.87960755679904
52.34204022022346
25.599456507155036
32.15958760596295
23.547347507109716
28.453544239408444
31.071811925593803
34.91442709033899
17.1783516475366
28.20590831888768
26.516075537524216
27.510593833310384
24.835972524648977
6.479775226761488
43.05723411481913
52.851692768887375
21.068848907815987
29.919873190833773
15.894725198522277
20.848466728392637
48.20561482323423
24.170324871207697
53.09164055478533
36.2068651759683
46.82072624569779
11.276995880144478
34.00597309111617
26.330304737954137
31.796955341618087
10.436699137657795
53.581135197940384
33.674078688655705
19.9299084633315
15.203832777057185
24.494121033042852
35.24957837089759
24.9329075937135
26.866339682518685
45.34729046224256
38.887822198117
41.20848065061807
20.59164736628305
32.15393058642738
33.26075127931781
22.26844893746591
20.61134128635122
24.266289990317212
20.597614279089335
8.612131749681101
33.19563114530363
40.18983033655228
31.1918787388091
23.164838961396942
29.582050826127904
20.315827122543617
26.293055009255767
14.237499315917983
30.54858783137977
43.66283738074458
25.699854090193583
13.342072323932964
24.6668515915911
24.628597783012015
23.508672121909107
5.780493487027134
32.17101069005087
39.12112200584722
27.643110156264434
25.707672162514346
25.56122324137102
32.13708190000194
55.569218781576524
4.080835637106716
25.38032406455946
32.96325751860449
36.98668978404958
29.942037901402514
24.867840211750593
17.06306523709458
34.49645490160445
24.67563256515771
25.48253519933186
18.47892803863252
18.527014346130724
31.59416998992172
30.385099504255837
20.256628760769303
6.984510358699352
30.174032386789527
32.672118921623444
16.993385976967286
30.534157031913274
30.868905988046937
11.736972445244755
21.762932628207377
26.929594458695025
24.81571801299768
44.96544914511721
17.12288738482881
20.710237767974824
24.419438127915146
30.49253139976336
23.76483181713571
28.29135819414818
23.06156675283665
7.6573276876040355
37.894549701304214
8.845383277094953
48.98722589433561
36.36970843264789
23.55635967221394
15.003140460991387
6.982290577676642
21.82836909555141
69.92882399859492
26.806267821811684
20.002766927917236
71.37222712635874
16.998737509868334
13.750283177678481
48.6262756353527
33.228245506415554
4.878255850700599
11.618250964168823
8.455140054155109
9.650716340341297
21.41946345910209
16.689613936187737
27.435319873544994
23.513081633121573
13.651427216744962
23.497665257615385
27.092107583609938
1.8508754832288172
20.644679265571394
36.84398778325954
7.774654214056877
30.547825042045297
23.683027282645465
32.39146222478477
26.518198115419494
17.35710377905403
9.163728996557087
29.024279221480903
33.60311975411845
25.82369261030833
16.608935464232452
22.31660262082987
19.134504385766
31.659420363498924
11.499179111725688
23.831176624952658
31.502840115289075
17.72351055433205
25.38800185240913
3.1137600692383867
17.268821641292813
23.014447894228688
3.0415663296517432
15.374438322459959
14.80399940017335
16.229156753453
36.33381892445204
13.811108797086563
16.621384824692775
10.310664692093264
12.367272800903923
20.71099912219485
4.925725431461514
11.21481783534659
20.28425478614025
5.910073773400316
2.900235223873478
0.8126562223099135
10.916848966640643
18.250491060248155
9.318330026430596
13.622506282451111
9.74814011337994
17.83187706675677
6.657845917627565
28.877058976531956
15.348743724209537
5.987009025156022
16.262768154084604
23.80915162331418
9.725306477883734
17.01734345290935
40.523488399891335
40.600437412371896
18.74437061026598
16.956697983583382
31.49008163944839
6.933516410879244
18.07960074440862
34.60013864713506
37.566676536535056
24.83106994937285
28.336649021931514
40.20899592977816
44.11219202261451
23.420891961845275
17.897936865123025
10.600491075709796
11.967653125051074
10.521507037820488
10.176099963463722
11.772358230454065
38.76108679281429
6.298903530795586
2.449325111936143
28.66832424728271
24.0615471291951
37.97099298276327
56.531407577175365
11.885038861125713
25.7100718478277
19.915224289595418
16.68408343947613
14.150422298509728
12.542756776958933
18.664966101013132
47.08914335751985
40.43086692533118
9.309873470938237
10.536250016188589
33.67006256760818
11.72736730271293
3.4916551524146957
25.374035932392854
10.019794436322712
13.68610080503474
4.868706597200311
17.22000281619654
16.62859742916508
33.4109246046956
32.37045586744714
11.219849274280556
23.45088082037971
7.85518622450466
37.875183092786294
32.69347908429921
23.704467437638602
6.405998378071405
17.059147645872578
8.422894842479431
21.46152955383746
25.40854315849722
27.429592445931533
23.537482428398803
18.29576981920295
22.3220005831696
7.188486655646396
2.854993498380888
14.356504977516636
22.453957345253663
4.564791380749781
15.09311571224783
31.098292428656485
20.23853524147379
12.890953590852947
12.599296399540385
11.246703239921539
18.18901979099081
16.44794699892811
14.597178152311852
8.214204325961765
1.8808748958617296
10.190690036858793
11.892874084071153
26.853011426537183
6.642812327832506
3.90245861101282
5.936244016796652
33.74560354008892
23.36974393448775
9.183817785259672
50.81575634429435
17.616691026617854
18.981491975177764
23.39898499580186
14.535313855869715
4.5299554596206315
9.030565831351254
45.28448800039855
9.792333419193344
12.898401155973335
12.842572526790526
23.305542506365228
35.33826471765018
15.725103730561592
28.61259679258767
7.997709301749078
26.341873804853424
22.550298530071746
27.505131146286434
23.71071714925186
15.462517733843185
16.234843140006657
22.80546228390385
17.27996817820611
7.84985543331792
10.769206470402015
27.91772709276753
17.409515223325716
9.571977269028809
17.126074702707065
2.8180181783930283
29.471633097006606
18.688430933974992
21.955046917566477
39.44061373416006
11.972775823832942
22.068108006522515
32.580445294464674
12.961513362726405
14.939253263488261
37.60657667427759
19.769454890862722
11.988703176894434
15.113487607850088
7.911381285087357
15.629288054919538
6.895634310983544
35.23388982016971
28.620912944089646
8.463927338373733
7.223605046137531
12.923429273707141
12.386045407290917
16.410599194739188
25.412791774073963
45.9450460379709
30.416374028934722
34.156330616170706
13.754497210485795
11.405585508067793
7.98122572714638
15.044067429347143
8.666554245132465
21.87058843070337
30.23287562533281
18.960022586447923
20.825777991016274
14.261234723185494
17.652956902640184
10.031413896675765
12.028406470181663
29.89073162044724
17.725800639136743
19.31119363076396
14.835827429528894
4.335135738191527
13.92895155754872
6.927079821627497
28.132822788008333
24.84219085520698
17.68521437596164
3.807241716350139
13.825689090032215
9.158209214822795
10.065828068336472
10.781313423796181
45.6617937694466
19.45676920083315
27.099856611924245
29.87736386612941
20.705101072098845
23.525836841633712
14.405862312897078
14.035011958194964
11.482328207627942
21.811666573562455
9.105204973805295
20.434370644590725
19.503644954509628
4.224228592780959
10.01686259304586
21.113539422808365
24.880023773215342
5.556357427414585
13.367936588532576
11.701575696765254
13.144196076533401
6.843393448754523
6.0539440919841265
3.989711537098485
20.897348841885616
6.338211422611194
16.4980652914841
18.711756445368987
18.797927865767182
19.82269145799938
12.518127786358427
6.9562255426981325
15.623640124712505
21.900069696198848
16.098832965073086
20.55797689655188
7.4835154874000605
25.6159603395064
17.39501396732578
5.243619485686722
17.370409802923344
20.653401485230418
15.19519692530191
11.464804360967552
27.871714095236534
16.467621687341335
14.149051119627753
7.17120928144461
34.04783289900525
6.249061091761271
25.544058697485404
34.989390310267865
20.158914224304944
22.07072119955248
6.926504978763738
7.283829440124628
15.733449370091721
22.17735148234022
25.49139867120914
3.392136308675508
17.855878963567907
12.230656520121293
5.334828841137716
10.168643776131939
13.531943507249265
17.749596063004013
15.849306699389691
9.164642177169439
10.985594236728566
11.668822737443111
26.71517763115162
9.172303439427397
10.927134709927302
8.020859253423769
15.560211587637843
3.368256024889452
15.227629072767494
11.429950056761788
9.54037075414227
14.181951180869165
9.811901986430746
7.499133629930885
7.001568614975768
2.442794256795099
5.2809758467447505
32.50463492380744
7.01772763227624
4.874322893683195
7.297929838593785
6.821976761074043
2.6646849880455736
18.221248069882108
1.2372309296719342
18.8506253879688
18.730938709895216
19.33298216516995
8.381076791667018
14.805064564883178
7.975691664166753
2.124226016773935
10.262841555594932
14.108744858299337
5.453243279929945
11.672295251374836
35.329894614861054
8.85222238857677
8.243666782252225
5.267643729196889
10.936286406170304
23.804537760446053
14.852904353289775
11.290001302613723
9.525914608305802
1.1920484216392635
3.210103242852014
11.997299125764636
7.977416889043685
8.29540907322658
10.67102485969444
9.888463790337815
17.787837745083642
20.278918985974634
4.096647081045892
16.80321339113709
7.634629694861588
9.546003668009307
9.346442637227678
18.741784141306297
2.4942807629280974
9.176954584417164
23.654966269430606
4.227663327976856
6.158668724148109
7.061596004788355
3.4934290265047636
21.236226617586354
7.771500888873702
10.820343749967467
3.092576868358353
1.2080303305291926
6.283584490168186
6.980309625826309
9.476127952223315
6.981587715572191
11.297895144174921
12.80645210977717
6.676858679834079
3.300490638634414
13.274891858881912
9.579767787427931
5.937003593817612
18.369525190461758
5.927948748100866
13.148698373737895
6.660499986753488
12.83975192573483
9.385404574151503
5.57275485134858
19.815115644453268
15.255781650788018
15.136777640195213
5.6113213087008615
5.952947176520043
22.25619219528252
8.362938436457389
21.85988310659161
7.473937869510743
11.58026129496493
7.707943670129659
13.799769783930968
12.49197923148353
2.710433543664247
4.4976237924162055
11.297811779717755
13.965319568626771
13.305405482372503
4.375121428560263
17.73340247220581
9.080959998976189
0.3546320792921817
12.712476887585844
2.8010908942199904
4.6773302274399
6.905181497929091
11.098841685862084
6.328296985097844
6.53234800959308
0.7983014166473987
8.837584527240773
13.718659040859894
3.9356900267277077
2.9312445773424454
4.014736327746551
8.733809133970345
3.0024008862546947
12.433151229632982
8.982138158940106
4.891367238127594
6.494736569404787
8.329282207292824
11.767713558908406
8.501243707698606
12.2329900928937
9.631186029148344
15.141366257573239
7.270588566843937
10.30576666588403
7.66086608541965
10.487525522323681
9.841338369220425
16.92780185020691
4.253755017461376
12.270935892559056
12.593193221165867
24.889224776600845
12.198670823733217
10.212906440381877
10.80250715098356
3.2623650392283716
9.672996471161099
4.226009404748796
8.783511508386638
10.355619222499913
8.566193116518818
7.1612641616644295
6.625417152929354
1.2706759571948676
1.1157790177722133
4.020619135423518
6.436122017223723
3.479257622550319
9.207690592465607
9.08604423732133
7.473308473403657
15.391983335810483
10.010742693702912
6.881700476728575
4.703521502305158
12.033989724514806
9.294258118260636
3.9433282651860644
6.231675182295652
16.162018764342513
6.35133502341104
3.5749534803337046
5.788246606857557
7.982347690803244
4.005020990399081
12.699864258511543
5.153244855807953
11.629563676385477
6.015493272923259
9.719549968469838
13.329024678828851
4.707226603575718
10.609354911728643
7.4274501492272265
9.34094161918745
4.779170667351285
16.606852756922844
8.862025457892377
14.12867081008753
11.443262955514088
7.364141530638974
3.1718442459140856
8.612619285155597
10.891726614316916
8.097785972175663
10.74431328131264
4.218109791790149
5.592219652767124
0.36574236352790745
15.70062961890712
5.529102605155625
8.98422931514387
5.2217596365698755
4.519590973911188
6.800365503039278
7.683393635515016
5.850374762319232
12.265226576843775
11.773301416171517
7.757863776223478
7.690526906620183
12.579283845916496
3.036459133341648
6.775922676123524
9.257754105497984
7.146945567002688
6.081912231281769
7.032925810011583
1.2718628638288694
4.58625953719671
3.053547853106836
7.177019942356809
0.21274753185750153
5.46439139069002
7.301553760077891
13.516095435785079
10.565606824875143
4.232060607052199
7.949767561322148
9.896289378489701
11.605005687707944
10.601118601402154
6.335116103056856
6.596672576961958
7.188420848173601
17.85426494290924
2.5466374743502618
10.472455984067992
3.0254726792206657
5.46068651809151
10.413291839011027
12.127283660645778
5.996813005213121
6.772657946587278
2.0047616715882826
12.430229978324528
7.7398688058272755
4.429713474236275
9.782254590106277
3.856959397452665
6.286198709808999
9.79209275463354
6.120269550170569
8.242492741956077
13.96512247260518
9.09689323507467
2.3359194254032563
8.865436413394479
7.677217466006835
8.178870674416348
7.397233975140002
3.918132551372791
2.825575524303479
10.952599333505313
6.1679880233882045
5.542044253651726
5.249172963971793
8.619550968264466
5.188376762335713
11.946414807213943
5.269005710510225
6.618991020059626
5.944972407046335
7.4516737388961385
3.2959320458431436
1.4236056909654424
3.292764019388161
8.368266999346329
9.475941128682651
15.62882705531761
5.681896551110578
3.2932180190391245
15.62103333329902
9.238640492040966
10.757808878188571
5.986274941604435
8.517256975846925
6.539625524653683
5.052121951429477
2.320329044494881
3.396478543605107
6.497507311748396
7.4288327328788055
12.206049621988853
13.302589729906696
9.648682081488712
4.245861215453425
4.075787211664546
3.9100452502414282
8.002597698399851
15.21280703222428
6.268482961749121
4.456004275098387
2.9947033616856396
6.721715252811768
3.4636538002856443
11.47978637781779
10.01122674647825
7.65511477169121
3.5594278319808574
0.6227981281375782
8.505578257662988
9.170448134759118
12.02483812322023
5.488313185818168
6.7074108621797
18.021700353462
8.24069134781366
10.04907770779052
5.036301727368627
6.55237554877007
2.385388001465979
6.436840102945556
12.238899777850849
5.451937612692795
9.039754982880522
11.37164458623759
1.7843668666357202
4.749158505170041
13.328597618915055
4.4181864358656435
