417.754
85.02661137759961
130.9692043547501
118.74194817361722
143.9611848405785
98.28484485437814
264.65864499010706
532.6329908855585
803.3688921119202
491.8694447962415
365.2387400864581
276.94024045593966
359.2758232377822
511.87289253035067
777.0342124060022
601.3613579991911
774.2744876659201
217.95642181264023
230.4841502658968
280.1780863705606
364.0047337477227
486.3147089886521
387.58701292154046
304.1292896726974
49.10493676060518
305.8903839921847
74.78923827122136
98.7143323817755
256.9855324704549
151.76939799597
52.6566926077456
90.57279897856247
432.2063554442481
222.77187819074925
120.2929553120552
115.64023392242223
113.88021980515045
230.5505877392055
149.22582226419024
104.9400783035277
232.3443730683766
87.58239184690716
52.88631300392296
87.55807601277549
181.83476418992515
189.3623486613957
100.64601919053075
280.0606752636079
121.8160557138044
111.41114147900146
144.55022903090293
160.4390092146595
128.5745589149002
32.69506267106818
154.89328897268715
228.18467456033738
127.22009908997809
304.9398529235373
19.31081057282042
95.771933214807
45.530633979931906
164.85876693032912
187.92469911332302
118.16523205305936
23.344490876483704
97.5968974657671
236.0494196087386
124.94174624082811
68.41619086683578
158.10324425444082
200.69411017201026
169.98939909361903
305.27045747323655
124.48161243564671
38.04596358313116
90.93220930955162
90.05476191278085
90.79345211963205
28.98822695393758
196.14531720429235
104.89205689156636
176.168591204716
140.0329784195818
106.97889696359192
226.8799384025716
137.68327187077247
157.87416902478466
219.96090836986258
40.17973350019469
99.22549134535593
36.27466773677854
105.03644715554765
18.584895831838626
117.31806123835771
111.34323093657096
90.9055707427748
138.7404696398339
177.65839348097506
64.0215120438148
25.799193609564263
352.8393662988687
101.80941392557182
23.269027221870545
149.67551631943329
199.00045890732383
14.734272278659297
185.3213382727973
45.740800271603696
173.5013247347426
58.11027184671346
73.14217719450005
97.71818151524077
117.89562325145477
15.13209509359071
35.56714160496428
124.75742073716816
120.87017810225755
82.63415818842796
35.86205175501922
32.43458214830246
32.42458416042155
34.32400449997234
24.28537418931725
68.77383356685603
121.64242207209205
66.46979701830988
34.13051133042592
55.99619354736266
60.34791227163095
93.63617077412712
44.840661484702935
101.81802068071994
73.99615463820271
41.862777609571296
29.22733430186513
39.234841017483916
46.87290465832028
64.54919728967363
38.41837011221361
14.310969435414782
35.474359190909404
54.95847525519007
96.62065310692844
104.40664062226223
32.624949862721735
40.09877590457337
52.33767418477303
74.45817671999403
16.451490292244294
50.56099766172635
65.62202267738736
25.013039930660636
37.43256459478246
72.03348526820606
70.46228643260888
28.635975015265355
19.51729669028977
48.63765100756459
27.907411311226014
61.58984379028451
32.465888842691285
51.590943477114074
9.522578996145407
58.164826803998544
27.304632339548046
39.611426217302345
25.980040316834366
41.59858854873088
3.9150725256637915
34.42515470589962
54.621078511972534
66.72676912421824
22.512900199813835
43.05897124747
13.778630784606161
3.0047012678381226
27.24926116281162
53.20998417479866
8.36141538131835
45.351630504518184
24.879611421284345
3.949807491281735
38.060284419242
39.88893997797117
20.645543094059022
13.39614920252543
20.12754853217765
13.134735986069586
22.263880755725893
39.52978148432012
29.27492224304742
50.79116201718552
21.8442623505354
34.210121717314884
48.17147047484305
36.86678147225323
31.815945828901373
26.180088240373834
42.97384960292725
25.361588005055285
40.129493443020046
37.106548202046596
35.81234752208224
12.213175398946294
50.878686710139235
10.844195497974296
23.378131908246335
30.514572146295816
24.46610727247188
30.209076631240656
10.344873105724615
15.198546206720334
17.051276078917574
52.43125227627117
20.824903290582363
28.761066409656948
15.890017822809892
41.604294457773484
31.518864072515886
4.840592992411036
60.64557043312293
30.281529654598213
16.253953262172345
31.88325613112428
16.86416201717152
44.30819176063248
8.166289731627682
27.99431394243075
1.255462767845063
18.056250742600508
27.056464930663804
33.23788805284301
33.144150778603205
5.795602213143401
22.753793785988474
38.49830361027753
39.60721000931464
29.67973815048231
11.40666299383346
8.396474452580247
4.556236510695138
25.55323676151806
32.80079557683977
15.981542971845737
39.9684337221636
35.821831943545575
26.162561975471814
5.138522226509599
17.884738904040276
26.839518163922655
22.33877580473866
24.198155098296084
29.594229410522658
26.41859751729378
31.862343678203217
14.045821494444992
48.68584183784759
23.24841565864634
28.07971329362946
7.533388276852385
22.543616458222207
3.869509781973143
11.392185948998476
9.267173195186745
55.169212601588136
4.716470844433759
24.133197203449786
26.136939613492356
20.67260527310476
11.144980154286369
6.343707600837205
22.304086636516537
27.61031126541256
21.89451794286527
14.825344862481067
10.934314424093916
19.722853237312645
10.090990379737262
4.512311119311259
27.636078275793064
6.594930948607189
18.711330280541723
8.248522363227549
20.7808636930327
10.248458329332664
20.70093722612965
28.075804716445287
19.762879701504687
30.791974969221698
18.91095305233902
39.9637765164888
33.680185473964514
40.27135025721527
2.6968126303792737
9.551528352821302
37.90189349173994
58.70602001216556
10.587922571352983
15.380815932637358
39.79981732012879
11.872708018885778
16.85431063296128
35.50713439741888
6.704038118973436
45.32773242971209
21.275643715937758
19.334174533224935
22.68764601143362
54.459018524118314
17.091529026394547
35.367041092509986
24.79645149758214
37.51001475626542
18.244365303572213
33.281251976519606
17.771159568892216
13.974882908526272
25.080602743228102
29.075650359484307
28.26358978498946
21.173613851393295
24.932292981213813
40.242155578599636
46.841430538346216
29.36855549705389
8.118265376413271
18.206742380762872
18.053031784622647
24.808793389429425
35.5754438294268
30.991641891219857
32.749531525877146
20.631936186407923
21.03089970149595
11.037448274414317
24.43043356453761
33.22096656409798
32.949488327581705
20.89269124371167
10.450332679240127
19.979039422485506
52.947325326877134
44.33619254048385
18.256134223151943
10.931600288547427
13.712984786311294
24.40910688872168
16.687863602465566
7.868173332127025
11.909996573513816
21.809544602388918
31.364631230889426
33.59412294094406
23.317748538042554
16.24000590080549
35.598867013291034
42.320372471436606
22.142806199589696
28.96603805826661
42.48940191500998
16.20051416897203
13.920147558850303
16.1666276855999
22.03460198444041
35.15048880964805
25.440884284897646
30.878698532630388
25.697055166853826
49.733491526022185
25.69426654968581
9.789577842431532
13.699810034456823
20.252632375963834
11.158086403948866
9.052817982202676
11.069583033710785
18.893884749788896
38.43571230569335
6.893589979048463
19.800686667308977
12.597978256204277
18.885591952515732
34.514132540073184
29.272262342705663
11.705472731102894
9.223782152746539
8.10418948562738
19.84774031294589
6.966040690145153
6.843805046929237
24.931815499738065
8.779744440905066
29.08782534941563
23.89827911155772
22.295881414035016
22.773356740547502
23.658308029374858
26.06099803302242
24.389892657535103
12.911799774276172
13.451145710215428
14.092710437697125
15.68002918306396
29.783300470920402
25.458840993853542
10.788634435454837
19.16653319350668
6.003163155390441
8.185979981429726
3.3811634731618847
10.137733510719004
2.5434587527341725
8.053279582971218
10.95801158867991
11.522952879741789
10.14699787696339
16.09047819913525
18.538371680412407
7.997940505445742
15.756418447299538
1.5719816903450474
26.23873614082327
22.89868252887477
4.877572378229004
13.486840133807085
17.356950384080342
12.940179622118904
7.788315817571726
32.71684995423789
14.557050182200454
15.894677170581382
15.3829921386788
9.913140749871436
20.33790411614832
8.731810719875707
15.7909119682936
7.002168262677418
8.761434743019063
8.594132485156948
24.9679849413307
26.779247296688865
19.192767347350305
14.742144503536938
12.783175620722774
24.34885196910241
8.499381264972268
17.14850118340957
19.569645669137273
5.895859958958139
25.61770405593866
21.9968090162727
10.344514240335789
16.338995698228675
10.794993373088385
10.483632543825799
12.99360016278206
11.716798681673604
1.4975806180306268
9.254229915063814
5.628151250243861
18.633060956047636
34.15973558721066
17.443134374354393
7.410253795642334
10.097402500274459
6.76190903621392
8.073002034625185
11.234425554122359
30.472691314139784
5.219889312245791
14.9179250271703
26.207536124824948
26.766458850607236
14.061302772774456
14.996725795680492
13.588843586559493
3.453277399105957
19.591749051837855
14.667074450612235
14.831197599324
4.085975751529151
6.657538878204156
11.159622419510061
19.87192287810853
7.83961206658956
23.97813097361031
14.747108495306668
11.756777634223853
9.382890345131555
5.914224437610821
25.584414410687035
15.171000990760382
15.32395313926642
7.41153355188336
5.76788267103008
6.877137437259923
17.412202160541618
9.999782930569191
15.59728276546471
23.750020801638478
20.585629554957347
23.330101282809668
12.912271663473268
19.339133639142215
7.132755041480394
9.290846721713121
9.150236074689206
7.38483999203883
22.633898479590453
10.025870728936503
11.54491503879402
6.906796138963509
10.773434513610672
7.418765131094878
24.253674808254125
17.616239888031526
24.233123610815046
3.8226590066414903
0.8052851182821672
12.692851472514489
16.397015312420542
24.776882564361475
9.20899807780129
9.530797814110313
11.663639000899819
10.442160151748396
18.04172825228241
23.583957651342498
15.60237475792092
15.790887700900493
3.6132993137287057
13.82389894169774
9.330813724068024
9.973208407264192
16.14487408649121
12.296287683069432
24.36308477816369
13.248814598022792
7.5585569887503965
12.450122276618895
14.05408855040462
15.26824201372531
12.444339115512234
14.315087895634335
17.730147885494635
2.339335814328121
11.029682084584262
6.563315902507788
11.28975784862868
18.500556107441383
25.294817658683904
3.779360479644063
4.671620448866596
7.9863864431974525
14.51924277599418
16.465188510168115
17.61855747195385
22.799570187802633
18.792532944081906
21.161938003871917
1.626384703449724
27.931044546852654
5.290765767674587
7.80517565973859
12.684106009090454
10.209925312691608
4.57681098489018
10.176931536560584
10.782355772407522
16.014299169571114
17.26007121320487
7.955949529514203
26.325362442642387
11.914045410972756
15.60158936072031
5.129876220210918
2.4762603776089738
9.593141620719015
14.296955025414906
4.960363532737654
13.814959461349787
12.645295462762393
4.009387181952236
6.0764106193613285
7.519274543296673
18.51079744782951
23.73351984439451
27.115339013044373
3.1993155055327427
7.7012449891271775
33.02193387019089
9.744723213163294
29.79739233676584
15.403055493645876
9.571548359717154
5.47565643933054
10.216359201921941
22.963964250121588
14.294480229617339
4.273947498715379
27.913761960401967
20.706080330839118
8.645244039690347
2.1378289404258557
7.573749384990888
29.66184235714325
9.033761622968997
15.505306006392564
4.981494794431412
17.821552313214834
3.637851470883268
20.721536150451605
6.062120956846784
10.407014539237453
18.002008065749887
13.366306782424067
14.998218087450494
24.029291203005382
8.788523417482903
6.47755202264183
14.623001427637869
17.816902558473778
12.521928342773986
17.036933475218728
23.44105889698779
5.293624121832827
14.083964003074815
7.783197624861801
12.391679953435036
15.468819124370032
11.11123944448597
11.296938189431991
8.612905186186465
30.781689425568768
23.179287520639434
20.421889153054195
34.35107736986955
13.493391238248863
21.65084761577142
18.285283963396257
20.81137201037342
12.877809487945116
9.228754555494666
21.006784371001643
10.89582206160343
8.33091413514754
16.22869937367084
8.824448893227572
21.354630328843733
25.178752898804742
16.78669929246489
9.502704247735418
13.610915151962383
5.837034266207038
9.362682620093786
9.543225477407892
19.596673500857193
16.68201217462571
12.390298652776083
3.928496216780182
1.7863818836494045
10.11990042585306
8.661047694882503
25.730575956076073
25.60710407905785
9.115114328147838
12.815197939865861
2.1406001880613843
4.585127399337984
5.361102919331499
10.699990751931205
12.310865187729211
7.619268170942943
5.649471397509772
3.8135558451150473
12.912181333590283
18.32427516463575
6.337826785787471
15.750772930617185
3.5820206944166393
2.578932694464472
15.123791277986376
4.33953345717151
1.7541012369202833
15.882020581784857
24.415072850542096
12.08652470113188
19.194568774241027
10.677662374554577
9.224083222290249
11.920295312387148
11.54406769620055
8.918522699544729
9.623421600195096
12.638289970541472
16.564312918374895
11.246321259820652
2.959106040726302
4.296053042659944
17.522153475376207
32.34083078328258
5.238020250147071
3.7041537414798316
9.448435074724358
13.956656189701821
2.028259065837301
13.851031876933169
5.924517309191195
4.839756252235959
5.859983426193577
8.079995527082973
19.893961469752966
5.429194369530363
6.520659622902313
9.65150180105059
3.1192980734912044
12.225466739633811
12.31051500167473
6.431968600365153
5.84607263749655
4.4006711425304355
12.46950598758855
12.210882187217527
8.14182173829932
13.745347738676655
6.4686544128406895
10.226889801187873
8.149641096311909
10.705851107450465
6.201020653358868
7.055795168459501
9.217885286117268
4.60540937757438
3.80432340228018
2.0289534605159596
7.375147178806984
20.875570291355796
11.4372615888579
9.894062471938971
2.3196474931120075
10.252752961043566
7.597246121313032
14.855043714479304
2.467435440085557
13.864457996384326
5.189254283153678
6.194078148108303
7.491463597253482
17.816368256691273
10.029416705045213
10.792568388845593
7.95519488582338
0.9436904438505924
8.282587005114703
13.540428114617205
7.99555327139504
12.170801412175917
12.420753645380834
13.314266532277305
5.325021552177457
13.283492899777942
8.871919670948623
6.705604232712665
3.5676080634574627
7.29648889422216
7.611313857395581
9.710742821822176
7.483101403591596
4.644659257592796
7.054323284374695
9.570908660529819
2.132444863331123
0.9154750996423016
11.626053959133717
14.929376261462307
0.9343417101442176
8.86783909036891
5.2070079070245425
5.285338403630345
7.515916318341235
2.4117317694550358
17.00025834139749
6.551788542104937
1.1572338517717908
11.181074767473602
13.555102868201313
6.578837135109233
3.3610756360393994
11.237707412270082
0.735700606245776
5.942625223085502
5.076722747467773
3.1791634984568042
10.45701978093547
9.293668265303664
8.170160416917076
3.9709718125757383
3.6576715822492005
12.820574929221523
17.252509357302753
18.481350467209758
15.04087045343072
1.8812542592518182
2.2304639388428353
6.027569699083745
11.089023525699766
9.31253418263098
4.509314587040464
8.440599739991438
2.4267013110479714
9.707206590594414
7.320967245813486
6.668475167597213
8.277521341854643
6.42937838365394
3.43676474801464
4.865544898654262
8.86165439179661
5.3945540379571035
4.771591663620321
8.185143887640235
3.7400212867510105
6.322091816338876
2.8342887840852926
7.784293311785732
9.057187323293206
5.674209378819798
8.17004917800117
11.553989006303592
10.673425321553031
14.25669168670217
11.176642515573077
9.977011246660421
4.82199350840991
4.401162293880112
13.063523887178512
2.929355407354109
7.967992616178676
6.4095397189260375
7.02639198050867
6.527432225591406
7.573046818018006
2.241642902967847
9.334113949415428
2.6394139856541177
8.42400038295348
10.567201578231595
3.506735031357846
9.266114603857547
11.01564494114525
2.462454524924394
5.648776346332398
2.4647801685241992
9.506760473878186
11.462013583364486
9.74703649127505
2.33487850231864
8.982237321584819
1.8588901377041762
6.178175116878894
7.9564570426035495
2.987919499124529
5.791599491544139
11.394201361328072
3.3571528023433035
9.515106158886342
3.1869102723040514
10.358892466102848
8.682265106292784
6.423466365359319
5.189331448230057
7.643469645825744
4.152491611347259
7.984174714256456
4.8806289771269515
2.8961804452207356
9.163226033997187
9.297549634368659
6.592660635408505
7.8418541063155915
5.61780541847359
13.371141540926327
12.653643444093383
4.00999786328751
3.0767727599957135
6.9384987986575375
9.94544513474028
1.757503369038438
2.5759732290502293
11.048117548687214
8.323132547838828
1.4345330011089736
4.381652001340983
6.187758132710669
6.497456056796838
2.680977020766453
11.434673308027373
11.25068273945872
10.981582329005107
6.847678709029358
22.410169238489736
7.333888840709575
3.54065994638735
9.006324167677393
7.834915841748609
2.616830154408386
7.577818480768004
3.2922802556139534
5.6756178301104185
5.9827577120237505
7.774439421324518
5.61528474628681
7.115943771814022
9.807176185023817
3.1012367480669343
4.877639168528237
8.147830453046929
6.711817938281928
11.71750933950013
4.507833812132297
5.512372813087779
2.754787870965038
2.3264727660428366
11.561867209576494
6.6671186164811
10.372986575430787
2.2654250088176076
7.86419940951741
5.785988598157201
1.391527144044788
4.658854030893178
3.7930732044316975
1.6404751615037922
8.878123244218173
4.441861641908747
4.212786732866744
10.579267789881042
12.149031450516468
6.965544739164039
0.496591555564115
11.374434377819687
3.6056677116843536
9.484972699869564
3.055936887427869
10.38581296783865
1.7933404326645663
7.955045108901575
6.897484962131361
3.6900620376908715
6.465131117034752
4.397010272679245
5.022446454680935
3.840242209809991
4.540064047617759
3.2866607923645526
10.570004788670731
2.5859290625652056
6.82743294775079
5.8016727975565106
8.619630407534194
8.254121083811038
2.3590896188213324
5.570431595274975
5.364498167843228
12.263579308979555
1.7913317141717597
7.269078979188583
8.811535920624747
3.886663167858942
4.536908385066941
8.51724446505393
11.655527585278298
1.386953730904922
8.230168056375172
1.5680595411148477
2.1197379013205238
4.9408163636410265
3.4168250189123026
14.374289480879058
4.230431185209847
3.407784116069192
10.821479488865338
8.923212092493909
1.5650927323547874
8.32054271369199
9.606427562830905
11.747214309522748
13.344491451532223
8.110268067570704
4.533872713035933
7.723631200394053
7.192346028597532
7.727753299655971
3.918841392132653
11.941185144465393
2.5111791378668453
3.454940909897921
10.62796922272564
9.497214906570978
4.174289945903993
320.321
39.14807308077076
23.469214338068596
30.234966364606027
57.60445261640187
39.55119296258159
70.70418922238028
32.940012194270246
55.25437795284516
161.04115469307138
412.40527218143336
785.2978837585779
487.6000975661753
242.29271025231924
142.97381679871205
192.9169726019003
87.73721553176631
215.1482340850827
80.49159178384636
256.3594977066826
110.63141412637577
89.31661128828203
282.6002864429156
394.3162070232824
76.21771623843333
174.47843486073612
89.83384391048037
225.05072203513933
80.81849719838935
60.220785528489046
52.715996716961186
118.59297847489289
148.23942020891522
243.0991679796071
83.90513177524323
97.19292897857328
298.419696459091
77.12601483802287
155.6950389532258
140.63684662890225
162.92807972770123
287.84378536133624
187.2394304307518
155.45910134559466
71.39547804136119
238.87095354352462
38.77361811953738
244.53661470187876
250.87278303824556
166.87566475896836
75.28357588508865
97.08202088453633
149.15743624077007
238.83188711045662
355.59335934941146
172.42283761211655
109.98770041707272
183.12205524822747
88.32389237520725
86.90384725537365
145.64303121328643
64.67249285122458
164.39601906156724
211.89379298762248
153.0674140479201
273.7313294743768
242.68073037460138
182.82777471762242
169.13722784997518
58.42618614824497
191.60066972651722
149.5587397232138
322.55595657128237
29.459050599459292
167.90653512167086
128.3326738319543
107.95728272895725
88.61011898917405
177.76870785635361
71.69515995525195
235.47422162960368
95.759671384602
37.68526408806929
86.59118149826861
196.94733791289485
59.333847938646194
40.551190676545325
118.53340086370385
114.79405304446138
95.50069389487282
156.32108471159893
110.90837017594224
189.78923636682097
218.1381318687496
81.03046575219824
67.86106027434109
267.5165158314107
155.85631044527702
93.58987119372449
118.68583838754189
247.34864830379578
135.52915719742646
175.90403033627672
178.0042310202027
188.49433508993562
38.25765447514176
115.44094630959162
195.37367191728893
97.16767339830635
87.40186569556795
54.61971827056932
76.83907111479584
82.15191692042225
143.37890035434302
110.59484916874189
41.876235362384335
66.6147158417403
42.61896582104481
45.75635035211381
116.27281259506961
146.22713679611405
127.79460349993633
103.06998752176123
44.28106447201565
109.54708658257435
46.104563031284485
38.1123355629899
70.52183749039258
95.5265870372232
112.25733564351125
137.97428978149
86.04623041723706
31.407215912776753
54.282944721935074
7.8897079754341455
122.89277545951049
89.15535453894609
92.73939341312104
56.52040057836678
29.368275619974998
66.62675548327888
35.26256903263653
23.696083713507992
65.6655140937328
135.93050997263083
49.48639093735831
40.889660438985224
8.055704030576003
9.235719871046598
58.000845408917804
51.11657202125263
59.15062742502748
25.71142720785631
38.79439826791763
44.814286162226296
66.52617631347826
8.198170885176594
23.39397988269006
5.809505223181701
56.824840891589076
14.277433381811022
10.112980396397953
31.11177233945979
45.41972117687959
68.90324739656474
30.018371854999142
16.060497366382418
73.15165867185355
75.99972109599018
10.74309455973236
45.58597382060487
31.132065529856025
77.45352864887035
35.38144793802128
28.46258689177388
41.102580153257925
75.6204410164415
57.143250081908505
15.69130107280533
37.62040857780603
38.58171970234825
41.20916476777245
37.98903619576341
62.55504338481898
42.02189078794942
11.426335352135215
51.09031075309541
10.111059406864934
36.402226544818845
41.58226957724594
24.27655873001806
9.859148052010358
70.72958113262635
23.50568207827711
42.000237347758286
66.80836307322438
14.490883375123598
19.066643455131494
39.240301432761946
26.69119053074998
75.3587054979544
24.717497076989712
20.666222872363324
62.44113041919742
50.08095405556487
35.886082458991254
46.119427221797416
23.10117122388134
35.07692521505805
44.848966331708425
29.053606065046456
21.63717504531593
35.689964803509184
15.424983284610386
47.697983325727265
18.395540597090715
48.85366791137785
25.435622455331764
55.55619917952103
41.251262614146825
38.179104836005926
14.070503892232063
13.654152042387903
20.94368885608039
14.764992549303237
9.761907982202613
18.594586844763356
36.07972331029749
57.760700385624574
28.624497448042806
19.11153099727916
33.14392587373833
24.643546975347967
42.59256810596234
37.940538732071836
15.314010259182767
17.48953298583806
32.52236537605661
15.936206204657646
41.55595188897376
30.197861812432333
23.581279877235648
31.258083082513437
28.184237505691204
29.701911405624017
19.807366059450263
12.073183821736546
49.83469228201762
48.773468289392575
3.3524957230985692
50.71987036775331
7.712787792260718
20.913447277100303
71.83959414794124
8.852690845305718
42.13911726029639
52.889911975481986
32.57656591171066
4.864604591719773
22.416211555481702
35.726488343074934
19.937038477324137
12.325519094481313
37.38589330433643
17.990155635526406
4.661931232827582
9.083581399539854
21.501846594561503
50.17359651782843
25.143641261371766
31.042838268066742
43.71199042535931
35.06080071328642
39.49406122446837
28.729299014309767
24.755465282656477
23.893919157458534
21.137535983038028
33.91090711802669
15.852210280973745
18.120928131700968
27.16858122834087
28.668808949130053
24.120376046537558
16.292852065822423
39.70333923904847
30.76941620104542
19.39516520370416
28.079537289682683
10.427431607775146
18.479412510398838
30.923202098769806
16.900801720245127
18.364107059886784
6.972521101293319
13.063865583546313
23.082266732140628
15.132916157852868
40.34860290152287
36.17501516234798
38.61693740612131
35.897922354569786
37.76233251062876
16.54524166816445
40.1019068219608
21.62916624366842
8.345169668250268
28.315757009656092
22.714675620283412
30.987925652936
16.649674419461217
9.620052985003587
35.66033402081149
32.595704205267
34.547512216709755
27.25016477205146
18.6131001158469
30.1782300702341
20.2910924235766
26.810081325989554
3.817285107136216
26.950049134190703
23.750709522965426
25.800139956589653
32.771388796803144
36.56574894216249
12.048053793153837
20.867270430697538
26.309645091839407
22.845231244120253
48.40328211925092
11.185326103253677
23.498935123425927
13.36517164287282
23.339461504516503
36.858758975821
15.630803871897614
35.77593362689897
12.839429941404322
50.98564775950398
21.636630927633338
46.046476440774946
29.652902824279327
14.627295690151932
3.313543520810337
4.754732189355793
30.549558112181757
70.4391056128419
33.487649951358286
17.513134022647673
77.65996914435456
15.856188229684983
19.791264527110194
55.23947171441866
27.018122605644646
7.647462165524181
10.38949495151129
14.18623312053376
7.865280966815895
15.847033433494827
10.013471966268453
19.27257684303611
22.1775409965266
24.03084649030057
25.64135056091361
38.11371640231475
14.964729336769182
5.31917208667983
45.14636200253267
8.62619497172146
38.35415146305727
10.840723314444958
41.33314512779448
17.553062335366757
25.38658793581014
10.73115488101884
35.63870462865065
31.482830531863847
27.65701372119709
22.935155849518306
14.873862974629217
22.966138501889983
37.325001008992956
12.611869052715532
16.90473094219146
19.906235697342826
14.721458551342216
36.07645833985488
11.081071345063371
22.76727899649548
26.082743244070954
7.888667682642707
16.49250612041186
11.411671281878217
18.009967844237554
35.62931173940772
15.208974839983831
17.976169068782134
7.906326581878249
15.97910045991409
21.74763599052608
5.020061009187819
18.79326613405227
13.47533784428965
6.9346175001665245
7.971585447298181
10.789834364552574
13.504668178584833
26.375933836708864
1.2660999192927398
11.065894665807035
17.821848714483696
24.340581269937527
13.4579284607125
20.3459330344211
19.552102870704864
9.015783416168246
23.546702066411324
29.479660322297384
9.325902469431007
25.281541517713027
39.02896515045852
37.136845161795954
17.201931327392227
19.104825864666708
29.048401450891323
10.789668201425618
13.641674575295433
28.784866047028796
30.59024710016761
20.66100200026501
22.596248366563373
36.970758743966805
52.96905885301461
13.80629496024879
30.702167221891443
8.415821189683825
28.1499936630985
9.056646421407986
27.728805332442366
7.106340110544426
24.211491471388964
23.027160331948917
16.089436970125057
15.324716030607899
13.049288399516243
29.24102554967176
60.762656734216485
18.05129945828216
23.879576496115234
23.578440617905876
10.441508785326533
23.243181586167967
11.57802205581628
33.95314738933917
30.424491493586647
22.92413893301074
17.96765475089469
26.036758369737658
33.99661382354459
14.595914369895377
18.433150616756773
13.116112670734521
19.25905455855333
6.198905539191011
2.1651181733580356
18.18966018497077
18.52926209000693
37.51859941248638
27.738372395163605
3.4738648532279015
20.26060697535809
16.53372532057025
31.360959921416164
25.698016743803596
30.464393287639574
4.5167080018228996
17.973786971373123
6.87999840218696
21.637496120603615
21.08389145141461
26.05043951078896
29.82393036628076
14.932585794875777
12.978434985615024
2.6842625626427425
8.587011478977368
7.510749774726467
30.339942825252287
5.074771607391239
17.63778475532512
26.5274794093859
13.918700263611573
9.999064556733543
5.697452081384417
4.1059429673434105
11.13152274813128
10.080538111284099
15.486048883009698
7.359792405098863
6.040490520728151
15.479601051753415
16.688545972573177
27.332531679935197
12.581129280723372
5.7295010214474
13.763178257884826
31.038430040230462
16.003448357139895
19.68470794388941
39.70758341721939
17.237378005931713
8.366288539878326
11.792003883877419
24.99001264959967
5.594369102037564
5.234794019951487
47.107120312446945
7.667832739642515
11.746006973830497
14.04289549557133
20.35591332301898
34.07337669621266
11.978322476865294
23.262889382883767
7.887096782426136
24.14402862760011
29.24210110924114
19.988006308836386
16.782698222767355
21.005359016938748
10.926982103885479
25.45972645086508
21.91595369951988
9.190321078935394
16.185173352148354
24.35411501183692
14.423560402636912
10.059789430419144
20.77559917400719
8.658945569746667
32.124516521403464
14.988944649195524
19.52938007420547
35.13554945679299
16.34666959998211
16.928274599508075
37.084311895312176
7.738466493471854
21.396767715732636
32.91043840708301
14.588109064775024
16.407641581081755
9.847031845149655
8.30997524855603
10.908279295360261
3.8907417003056852
33.564895323325
28.889875432408928
11.414973422173027
10.624624827663327
15.827461166859024
12.025240732625585
16.625936112937868
27.243767051246724
39.2864032217677
19.322907530904583
26.69027243134957
19.13798189817472
11.43724274457236
23.57256775906595
19.58466749047765
27.83860840140801
40.02737021344801
23.729162514026697
6.481721246425428
18.281505154583108
19.60459900701426
23.749409140841344
4.702806203253266
13.67549272421258
28.595652761605837
12.959464137883176
13.85956908812946
11.025457907973351
4.896656020376568
12.827032009830605
2.1953288549494396
21.32218502841307
25.290055181359055
8.30867251206036
12.64247964344013
6.790094371460748
18.20573917790758
5.336168828709718
9.418138934578334
42.293947457912424
27.427365286805646
23.35556615060817
19.900695998249702
23.54654959734798
17.064588776971217
17.75388938183715
8.762602879605902
8.158889423386489
25.68874935261447
11.924402540592144
20.97596983839367
6.2587531155099185
13.07209543340372
23.097482972664867
15.057935866577843
18.774324483054876
15.155057985706398
11.224465496737995
13.99885456662702
12.673266244206685
10.523248204573168
9.034929543832938
10.151545983768541
15.953112612509614
6.123918837867791
12.46379347447781
22.83185140296
25.788752216876034
12.516323066058877
6.626831998101164
9.405284975502198
12.571288073335646
20.398841636004654
15.369299109258813
20.610742789890118
7.7195236331276575
25.82679554365902
17.67945883667202
4.286100615525937
17.982239607957652
20.91881175186419
12.085823274220129
14.301372156295614
33.000767705929775
19.16547210012312
20.695165474865775
10.347304061841967
35.17401167845107
13.121240861647369
17.18894135536837
26.90075582827633
18.087116062904617
28.991679051898235
14.050314444746872
12.194211609057652
13.932324567624724
26.06383776410323
21.74977843635839
6.309803869223274
22.481374249343983
10.415457162000026
7.841945006063397
12.860794640755087
16.026780911628034
13.141347573068385
17.283570268962183
9.584547113016308
12.89742640649799
8.07493569616583
23.26181602294472
7.322478326018624
11.542427860840784
10.664434430458128
17.223256594828534
7.711111086134106
10.096245022283018
16.428575313082177
11.26462689546406
10.60978069585443
7.034040279475475
9.779763628390562
4.1499380007350055
2.427104751872021
9.004222832315754
27.76878422336062
6.916579686454833
11.733831493953051
14.037671285513595
12.345668871581116
7.270839601874963
13.465626389688353
5.344154516262148
15.35589474839638
21.650020341084844
21.21914953400049
6.262904896964929
14.042784782989383
8.83802721587035
4.648772014582082
11.469819154893823
15.287484653810408
8.09894913615544
13.992493401863037
28.14554746689208
14.30885465009235
6.213086737685501
8.059257672236813
1.8875147436382735
23.856643570222804
22.683652587573977
5.458294745838706
6.523071820038546
3.456628127191498
0.5210107437505849
11.86248107018029
8.124444566061893
9.966672114707988
11.892809272196299
7.464149269870119
17.16245113740325
20.307054959525434
3.3855341250775113
16.921774468560812
8.745246826027847
8.75114075759152
9.022190743283673
16.639362223966216
2.013327669754499
8.791284417200442
19.14944911757155
9.294078763006505
9.623825676649107
11.66931431159137
7.182672337060244
18.454199514456153
9.368385286895517
8.209142843901722
1.2833786478793983
2.435035382222466
7.196296684584973
6.4560186313392425
10.361952142908839
8.297902670761133
10.62035566049497
14.310666806809754
8.241774585361096
2.57675997201116
11.831154006154675
8.414014521875206
4.393652691307414
18.95149565718392
8.035829931989403
11.91198695427349
5.348021856918465
10.369666606901427
12.169871154228224
7.261482893136706
19.32608222297914
16.673511734824007
16.23627819028585
5.952949668587547
5.582172605393518
22.05478752923826
5.966309183182708
19.703669164882456
11.634600362361475
16.582159030614196
13.372273814273445
8.170187931966566
8.109380242163306
8.09856498661373
3.5338673083568333
4.411526260097926
20.49631262676474
16.42440021621431
7.65203008443686
16.389527794954645
8.060884477253982
5.852784596589577
10.238456462055352
6.255739385475003
7.347256606077279
5.811175158806655
13.366222959552326
6.768192642199269
2.3445080730924897
4.782674934044681
10.316601673842975
9.644440047190104
10.188109743632733
4.3168716977158725
8.029838380696479
4.854175932899771
7.7390676949664625
16.872448904925047
3.9145928298310864
8.65238294571769
0.8344550291604432
2.4917170422486112
5.425562342155056
12.638487241355907
17.26000613296198
13.01383692291572
17.906685089187995
5.499981432258869
13.522054749252042
12.637130673184481
17.60606615145823
6.83351081976741
14.036179451435554
6.983400417408307
7.390808365122521
1.8925315500205138
15.83985479315592
5.2504229731631815
2.0008787945866846
17.444621903486826
3.5899716312952252
7.0307378021069695
7.15151653779707
11.308369182637382
10.509441045146835
4.545879292685911
8.431144039763169
3.6619006667840757
3.865529608964558
5.482568776643913
7.512185072677207
6.29563308486145
3.0063157154259517
5.691020779206249
11.335612767803028
11.584821632303271
15.019144447052875
14.023896863994224
1.0507090519639088
10.722868489207663
6.526865849014618
14.40986966391339
7.375065249354574
9.086771289454513
14.331218212240358
6.793957312723448
2.938880394292544
7.853898636969249
11.344254438923988
1.7359822249234351
10.350460354483316
9.306933029966764
5.45136681239142
6.18711118786589
4.051985944687822
8.934843189034396
8.114445660185854
8.895661346939043
5.103421486520917
8.206653188307735
4.0480369337786675
17.06040547628799
9.500932504158545
12.153280950869936
8.804072001171171
8.675141335783403
4.927758794003605
11.088108861278833
6.99792767387611
3.8971410384414726
11.902677080801052
8.205090840499063
4.055732180055377
4.801477455596615
14.01287477165519
5.528430673818036
12.481977842872004
6.839495339615422
3.8514488316946087
6.592958795646026
6.272398037997186
6.213737210924449
12.991428478119756
10.913647525954357
6.354749114702619
7.150840940313416
13.203514460345747
2.4140103714698635
6.2768454237780285
5.872982663209843
3.089897955209798
7.45716332594042
12.012738703892357
4.910044525366808
6.993626323949207
7.662422082417957
5.712065230529631
4.115040207070692
8.936498449535753
9.020186183817536
13.096486937916707
12.338494635655453
2.340922130649048
6.3332234594559385
5.753767805066997
14.724115123102658
8.089422605595137
2.423600447835367
5.496457249331223
8.857568178803511
16.01359175252319
8.705068157693406
15.071557931336415
5.588924153949977
5.6800668955976255
12.399587276661387
15.22208413911235
2.745927886691276
9.540710137897719
5.085923585304125
10.85121886876753
4.91783197664708
4.528771264913924
8.4769815484469
2.4438509909540533
6.706923176431466
13.705377386178244
2.775114697296111
6.113796525886234
14.681597184125827
10.74432264392333
2.368665459898905
8.315502159251299
8.327416586340805
7.907621472978397
8.812049319606214
2.9672005513801194
1.0562021446935044
12.45186509867607
4.026702791103122
4.836932623319733
2.2549247763005265
11.954155411686347
9.9721779245301
10.091364698395028
10.777982111852943
6.931019299478238
4.887957324992754
4.370269898440885
7.872196862958747
8.271655031761657
4.013642493563768
6.53023868596207
4.295950941720543
11.16778995409116
8.71174054690333
6.978490334899307
14.830250883618628
7.9529780751772465
13.60680876155389
8.192056738287034
6.71341701677993
8.749852949163309
7.187745305874217
3.793221459949237
5.645725127377543
4.888993428203464
6.761649265427531
15.27908803361731
9.381391284113391
5.208493747516505
1.4806729815202133
9.057398815393071
7.361638076730221
3.6843302030207927
15.02352634147054
8.308911680422819
8.526752047701864
4.509319370092539
3.1304536969920567
5.238888289517832
12.922195678494464
8.339416805355153
6.415670053665925
4.43916785755819
1.4911383870589676
9.163440061560346
8.71765199525775
11.351415671860664
6.13479294309418
7.311646528323796
18.91705020601178
9.295408375335095
12.470098107116842
3.3560773725797866
3.0864397457801287
4.0175542194388125
8.668091939908143
10.198146342709892
11.821208197267378
7.389868658300496
7.309744636407341
8.497223792324231
1.8407047966631058
8.89722799746952
5.176790771741457
