292.87620000000004
16.69092283454166
25.969574402747526
11.189638054333575
94.458098546432
11.727719936240455
46.12320977652093
91.42731272724873
164.6654124194664
1071.3029288460632
189.7209320781176
233.56020081625994
29.76149917248836
85.55981202384037
136.92480798133238
103.63472307781409
137.59243669275526
481.81064572980233
675.5484473941145
465.8067822455714
95.40622486025923
183.49864701902015
132.949535854125
31.94656284758176
196.76900854044052
72.12926542406788
58.36304428169279
60.866413112540826
280.40936889820273
14.282355196222946
95.33204275297516
75.92497451438832
194.39235988947544
143.1443455435651
5.748983825611348
406.00199436466255
323.66260737310563
176.26680386633208
33.92955227313697
108.68873587591665
255.55874273134435
116.73463228831827
251.10773644270557
272.7631332687685
310.424719038689
150.65887077102784
249.91555872631955
173.7936312053343
276.66425825191294
305.32697208466607
277.3073852701444
272.115257884695
140.48494562822583
117.7670049007766
288.1197860605549
41.26671522756632
294.7898437729529
123.93739538387094
304.0903178440656
121.59636933237539
209.79165252262172
231.78069910751086
59.27369152485408
130.35319277495137
130.481236528739
233.05076892886225
51.536581045735296
174.85214200535776
23.661482345204337
152.17751178780625
281.0618015691798
31.12739593090157
121.75885913488993
292.2503613862483
142.15831510499066
130.59984809686497
173.3462445270541
194.3006678532894
35.313295276472466
83.16034650295187
111.00477651018521
114.68143607027196
180.70766143794262
46.90926646771962
154.4743446459501
208.22328039538786
49.13395929094484
75.45349554722098
263.2742273130123
172.23949102034214
109.94794303085361
81.92228640550323
100.89468014201883
39.02286321460994
173.66134344497408
263.1758771249259
139.44673937350825
130.12969862818437
47.937378511976036
41.46819636916102
258.5573577164642
179.34492492178688
185.7583482937665
158.18531520133243
86.77716607258107
70.33472557103799
138.35640938078694
109.71671584651813
69.04902630515974
127.3145933112975
85.40988230176289
128.4855478534471
94.4864398623164
128.91583277762993
119.69179762710993
173.88477967185534
119.18806884032168
144.18601686925567
50.47615323892131
108.1297266799372
100.04888048764818
80.577038856694
59.113773222902296
75.22496258499083
10.801574274522066
80.42255822336584
45.55767253215525
130.33465076451407
60.30333484360914
21.28215872327287
37.14242057859211
80.06853977870912
28.83788390850694
139.20557328423453
72.71020068326715
77.46996499617372
105.99389581120612
58.65647680354229
98.62640250222118
72.28233311520742
12.245611636871894
91.28961925963821
65.98117210331581
39.7260635745631
45.2702491120983
22.442926145114434
81.76669227581915
96.02263097907247
102.09029810956218
67.96287315037144
77.47542071667625
43.10649772130761
44.27633796025022
109.64332917377668
41.09949930326401
123.50896143790051
41.49335213391733
83.29033347589206
57.92379008519322
31.891429057406377
24.262554655937528
21.29672926230605
11.556903373348645
55.270011511488455
4.313011662829345
17.0487541587745
27.216965328333252
41.827829087684606
30.750961686363155
48.62016389500214
29.185056102445756
29.038640247956057
35.34387134182393
9.129710532052947
39.53357703187411
25.994870539976908
46.34094422291838
11.48735317546049
32.296877780543504
30.776455757426188
29.639592869696315
21.007102934480056
59.280134131200924
15.741870968452762
19.088459871304806
52.49293855009458
63.71007036359208
65.7056837781491
22.67865081039947
30.333821887080358
11.514585567745169
60.789237423422385
7.752822686848059
34.445451716419406
15.721547248351056
48.537559119232014
27.981422401654747
30.522461705853463
55.42522077185319
23.327922700328035
124.46688953772079
31.613211060059054
39.336794414244885
50.40357609731939
19.38593261290075
64.21767052227645
35.60462969815638
23.77638903344413
41.108636934688
32.717365240024165
5.879585848206109
11.401757765422385
35.54337053103142
32.86100664952787
39.12556128879349
28.375655229884675
37.74759770254248
10.993291222578648
26.558939127804372
10.87155432364582
9.656323323150662
29.761765040298723
19.121522590565593
12.465471028936404
43.41895105299163
4.649076144607359
25.049897096455542
7.419763590950135
32.59977719159183
5.793774067019943
48.991846805973786
54.12389556770421
19.652770538148722
34.075807746363935
13.611111970762806
7.581841100774278
26.545819183924912
40.08887804503078
6.988603133156265
57.39415287285989
17.769166798802324
27.605149580310115
20.248003660257908
10.501967187297431
21.071287124798946
14.732268667185272
42.131537761900546
13.503281372841396
29.698926931085133
46.603629035887465
7.403222411592354
27.674440121146628
7.897688121036176
6.475567463857535
31.822832031316253
23.944254029506403
16.02980502468874
22.337411851960088
22.23270368425755
23.473047726966815
44.00581661037527
30.903643753406318
13.922129642018266
23.83596826992874
33.029801775593356
14.18972708003659
9.307881534641012
14.776370987412905
19.323828525548485
12.569574279018319
32.69215886749436
25.27016646868777
21.071191755552704
22.536526390545816
35.90050176004572
20.184242679752487
11.846041841901162
30.763505215246322
3.801294667104261
14.50932994328598
16.172543662575062
22.91906604328696
5.602342158006762
9.76057853756377
34.22625077619377
26.47620770695446
20.595218837783985
29.649305375613697
15.301757984000153
7.749372438273961
4.029287165282117
9.308056135359358
10.535890359090882
22.163459950643436
46.21771898911478
15.304537753778563
21.219099663130642
10.280716570770828
19.0125753189443
17.5393285360587
21.926816383415797
4.6114521298911955
23.119946304578388
20.500852205154796
34.057304222921154
20.770416086379832
14.189369796846206
4.9068170793395876
30.988856719770748
18.26822122914875
13.841966248744237
49.02179063499457
32.683464121669076
13.82115960678064
29.079008287980216
14.495446983526936
15.387070250801601
27.8085079620545
16.39930438244065
27.04568852214693
16.749774477845374
14.577729650766502
6.968425333580056
18.767693035976606
14.944476173777346
29.100351004704642
11.89438385026654
37.06755581071848
22.609486330279463
12.2244116375843
29.208521105286927
21.43208427806223
11.023261087923924
29.221852762796214
18.610196132648696
20.165746666855483
15.151340803041649
14.272658771385952
20.881916216483404
10.674288083913272
11.905818240273403
21.153523060209988
11.979560326828787
22.192594575853295
15.344860844559324
27.51439666291243
18.62691545460255
18.105082268779068
29.014137005400663
9.126489852297322
57.19093305007138
3.887836820119587
13.77571258801511
15.545493876621036
28.66823712426467
16.188491484244622
12.171704883844443
17.25963661608828
22.620744605723008
20.914021517181656
9.598102593018545
14.93389438991915
17.613842869272617
11.423357097381645
35.029953903322784
13.717618068697579
4.91729112871966
15.78753095707943
19.249463500387495
15.331451374986134
33.642803871286596
20.302882098570155
11.186958883305932
22.331556533887383
20.676991628681535
12.079863630241281
6.0138957963732205
5.981253536033074
11.059324780444712
4.789604017759567
14.949488991678942
26.405099763929314
18.0962462893345
34.04973058119697
30.693559489335534
13.331047629356744
36.145915081114524
16.807114428257456
0.9417063397109375
11.837684323162973
14.249515609910885
6.308236706220035
15.19141415675709
20.461041721504788
29.608571141924127
21.490144487740075
16.123547634011846
14.359881790990567
18.019699435330093
6.791237796685163
16.960265242956588
17.160371633316526
19.063059284334518
20.346213116705606
19.1905853460922
18.42008337272035
23.375439352129554
8.854795043324513
2.493545021384233
27.033296662779836
12.941249140303661
21.05439163869755
19.321654451713457
13.125452476243098
14.282925327507575
17.427909701680964
4.510820771632088
15.000781692036648
20.491225655265993
23.29969872036796
13.329307542630126
4.827280475951204
29.271870429100435
10.28919325378963
13.638082590799716
21.080865795444492
19.86378622756042
12.325747203025397
9.866059951739345
33.076666741729234
22.782041058085227
7.186601794690289
20.468387409927065
16.871364154244183
13.478817095450454
15.22116084710129
27.818330536340998
8.129962401119199
14.942429925939813
30.669256308637983
14.194351401809811
12.052206209089668
2.905882247509553
16.839982832546465
10.897845045503418
5.119267474093623
11.828554882555505
20.713740462266383
16.10512158586407
22.661273082849636
33.35541741697419
33.094595973752995
25.697069666333025
8.05394342695626
15.060371551369263
15.510509094138987
18.51981492714128
17.547572204420344
24.87169695133984
14.015853483117592
4.054469685151173
7.238774985491818
16.5746158464661
10.71681470481556
13.33769457209706
15.514572673433184
8.15675508350613
15.689160731970707
23.787918830904736
23.70684936008626
13.686088948430559
12.519776575963414
26.37193137636702
8.99280304652801
12.471618224743054
29.723949170301623
21.655968118853743
10.542951449027099
34.263842747252866
13.186762036922032
12.709848042996787
11.84049410356229
8.453390390587316
3.2881260249727737
9.124745745617206
7.426347437407194
15.171476965206786
13.220636756866922
22.906572157990517
11.304282205428796
5.557438845288773
10.516344941664963
24.53802209186948
4.644465023879461
15.038105986466222
15.8654245448842
15.548929878411329
7.4174031578384625
1.4790203719214203
7.382538153710028
17.391455041442953
17.255809293565463
9.403883907774878
11.808176572553167
15.676874950630646
7.494322579089024
7.650613335731505
6.431904886235307
9.653027260531545
24.944297748425008
4.087069636668824
23.888517538926237
1.7554921358651123
8.881540205820269
10.502025792776509
11.937972189533985
8.241624738840496
2.7289403613951855
17.513542178126936
6.534005867821791
2.9828156355572686
18.275858938763445
0.1460768965244874
2.6428998065078444
11.032215479728517
8.673447190415779
21.08649295599681
11.625061189096957
3.493662482163504
14.09159398267356
6.345311666481856
14.71598920108984
6.866496406401102
3.263613488570421
12.20189411254746
4.257001202081627
11.748818040412395
2.9137088126545634
17.06567323301939
11.20161194740061
15.653448104455489
9.653269568181075
4.512413733568358
6.711993800843735
7.571994190046805
8.216652649578453
7.12357546502073
10.236053107415914
3.7291896754989864
8.632842797774005
21.770525087059184
19.267398790942714
17.388921832003117
4.979318259793621
2.81459274999889
2.1145761205155256
6.49665365904403
7.103353538327505
19.63498594811941
19.79825302119755
10.385379473825095
12.08515990813114
13.303824742128707
15.92091970271398
8.696065574457831
3.449124433935069
14.445194135137598
6.611844705590031
5.372073583019339
13.979193611745009
17.817107233876502
8.079609530288272
11.218026064463624
6.640753323906433
8.637734415358386
17.86460340085185
10.455657720409
6.686128491654973
8.183125512523635
5.034815584150947
6.597505990841949
13.502650684145916
8.048725105755553
8.661951244532343
5.811397315807918
6.751210061360029
12.2947873685416
13.794636532771525
16.869816672319736
5.150050827537432
12.730801612446102
4.021854444316934
11.396470211176489
5.686926840222287
10.598773831085726
6.989663556669404
6.769589462850343
7.490921493808889
6.977269621334042
6.6293987712301705
11.592740628674843
4.405523525358494
20.36615812646887
8.605619362856997
9.467444090417521
1.7140745483907125
17.31923920155321
21.566229142188472
13.197693479525885
8.11803083205234
18.830425215970052
21.446923416479596
11.327259206187636
11.162687376446536
13.304299608760148
11.399475303677603
12.952855689639263
6.964472205807944
23.706716318875003
10.139249742631405
6.983580188772892
9.840389944794696
11.731305702905598
16.616869155253234
6.720448539215159
17.51420524095459
3.2821560471401514
13.125191770674826
6.371442577861013
7.872188945794142
8.765354643016284
10.224338541432118
23.865257265663523
6.943026911005056
13.801313438315095
6.498749108683543
11.442347418443063
6.7319275268431555
0.09726885213594048
20.378657840468655
12.609824109635145
16.081981314805937
3.4876802478036493
4.72580319065997
6.278837679595753
2.9245245240096946
17.905126695467732
10.034011678542939
8.942871516298963
5.283392599087197
40.68925360867893
2.990624847322019
9.09825279465506
3.752261830544035
6.971346370074395
5.920690182055011
12.886821653278325
9.099289654654198
7.498182156588153
12.82004314271839
1.353427294344345
8.416301079658696
11.184294160578593
4.544726084743062
11.210218825720762
9.49432228361078
7.054202506868134
0.8522608306021897
4.435396093120515
9.41044139709137
15.107363995128695
13.555279847852102
13.949810330488054
14.063073631916025
7.18921908199849
7.688254442933627
8.099578104105218
11.761257223706446
7.992835647705856
17.973759059125282
8.349684843186282
10.440569620569638
6.33629632848735
8.784251927595477
10.507520594358843
13.680460929119254
8.409008162274725
7.333314603331346
9.68214232071438
9.740518029422063
3.2447233158856843
6.44537034836739
5.512135984244985
5.128482748898331
8.06119106833592
10.590041190724158
5.506808874886713
13.40773802592922
6.971206905954203
7.2268463332937385
6.885541069653829
9.933961354752597
3.539822909654395
12.270664695523095
3.5068804756053735
14.501655252362614
8.02160164901729
11.41926095811887
7.04764006895393
11.739805125191621
15.894207942034672
7.8020718569421375
5.837828205461607
12.305014899710594
6.929836878709572
12.80552448157223
2.3023245757173645
2.6230531948251428
7.720403734289546
15.269967896127179
12.533571078318314
7.172739176546611
6.811488638275773
14.324377977482962
10.427049232021192
11.06187886369762
1.5325768881524358
3.5399234112816167
5.108952082366069
11.7170251388733
1.0937109424353557
7.664298949561712
3.5578343074809062
9.897579915476898
6.035403504168268
6.766928519282338
3.137506582861951
15.940296702123055
4.812309669604901
5.103918450210597
4.814121184396347
6.464035007779342
6.268031280625752
4.757245443906042
4.918883340981089
2.017036563128446
5.568309785616809
6.758928971012841
4.650078534041232
8.54772093346986
15.700770922755527
9.73474598695131
5.381842628997576
16.58958901899589
5.26777787646966
3.0139416889267907
6.26231475475115
4.148540004762008
8.258714957723178
11.721897494582803
3.690489833625054
3.7553564596826754
4.06410055666672
8.529528173107087
2.205800404091252
10.882738437308488
9.028783357260501
2.5938488155887245
10.358039879337138
2.0994105544234607
2.729083555897472
10.339620360696417
9.926655202241008
12.36446169345934
2.5195139986845874
2.782608280391294
3.3481951871428715
6.052080557094488
7.785640102155408
6.089766931030292
5.00943611604243
5.474905034595163
5.599600753673261
4.5201441519685455
7.425311754905649
8.322030216984874
9.879817046596093
6.748502555473738
12.80948621067671
5.052892999643054
6.123891029649061
3.591633906229981
10.394444038124314
5.501843120498482
8.063435412135926
11.720116638556242
4.370688084821366
8.194070590403934
6.3746992605811545
5.565580904218727
20.85288573293952
5.200118754305301
4.2668369753717705
13.186977442475426
6.636517963827024
4.585985833511175
5.25766754499328
2.3970441329987326
6.195236474709369
5.788314113773411
7.823215628857968
8.765409348540745
4.608057158361453
5.613309755035569
8.510842011352587
6.119681250080387
11.622937707067447
7.217475168516088
5.928398145167272
2.6713229796826
5.189517138789888
9.057188089069859
3.544958649794603
7.677229337498721
5.004527281321938
8.965082637309143
4.471033893845333
4.800570876623341
7.648049021189316
6.413766659423587
6.572653204602334
8.042573834720981
2.967801307790101
3.7906110992818394
3.9779686592840036
9.806705011204846
3.1043653472655466
5.3341160843613995
12.52036855639832
12.39507943840241
5.012462243660585
10.643661908544122
4.8026671686722855
10.165550624953802
7.855456815575022
14.565198297113225
8.6202904644665
7.1083629647505235
6.4943885406603385
11.8756151054873
6.738548634779388
10.080494399427156
4.893105719420803
6.147955122779576
4.431262428948623
3.0794590287931416
2.1381028057685274
2.1284432835373712
3.1553940183186935
4.772060675108628
5.325635182642422
1.3077087558808609
4.609220430847459
6.4391200982451835
3.724521253451671
3.3406842300115818
2.0833569414927733
4.484510101303747
10.479110399682543
7.410915345073282
8.451541693532969
1.7236957181801407
7.847239010400419
12.607904566573911
6.8756846430612715
7.058217532650625
8.323948972254549
4.7451792481377435
3.8632062451568716
2.4654721540267284
10.631011434898966
3.5576477016716272
8.660221368121135
3.9096947914462423
1.5647560057704193
1.6686964305989325
9.732316466162837
4.699734174406504
7.83784507981248
8.16305017411786
5.347591310411595
3.0188989424195785
2.8190830463602445
1.7045093211461868
1.2771176251059595
6.0417517534622736
8.063658648295238
4.589587431931425
3.375516942228673
6.505364712598967
12.61352848233104
5.178847802684539
7.3227535986793715
4.5603247558470565
5.124963194621156
2.5089356497481505
4.107016805151935
3.003004411339163
3.382792117031182
5.595507088822612
10.351522732197532
8.357039374871668
5.967919003071924
3.961005542601024
8.235676334598914
4.441960306087254
7.190005424350692
10.985445085836893
8.639468031770885
3.885673882211576
3.9167979186483692
1.3441831093742842
7.745595822645326
7.394804277603931
9.049960417661588
3.60042107988036
1.5942024974830218
3.4788325008537906
4.5561795114737045
7.41316472449792
6.732228718103924
6.5128100555080035
3.041319442667378
10.495023871531288
2.8165863639107642
4.798393384711337
1.0244221938941225
3.0739757452602845
3.4463295526020055
8.06046862415915
0.6009462120921703
5.07016756290146
4.808912918046373
6.815496775495427
2.9993358718494245
6.682729895504138
9.188769732000639
7.058821240144791
3.2715409993830167
12.995798127056833
16.407243602816607
3.155366327859283
4.5932331557961
4.200541200485868
2.975761012894685
5.016893280581327
5.751133697218527
3.777980888492313
0.8829615338389087
1.8861282652531988
6.091380851573726
0.935147267922909
7.048029174048196
4.550463729122189
4.192658998634553
3.7853884219949707
6.9857631964785805
9.073714551152857
2.4823278901433006
5.252278631927495
6.574701922009542
1.8384880931953913
1.6326779752208465
8.030382944689313
8.20484873680738
5.527946532074954
6.882749161561231
7.934142802107695
5.920867198532615
7.935121023352108
10.531031908539932
4.603525984057699
1.788181344045456
5.978381095041792
6.886041374698384
5.6766093629199545
7.281380028827423
8.061052722550873
11.632765585646348
5.566626350778661
3.9518363874158826
4.985851574748652
5.213277029263047
7.934162580085612
2.2433289107203365
9.158269567552809
5.3642527592808396
2.6507033239461677
7.429175022213913
8.71504163686037
195.71280000000002
97.65564872630863
133.94070775867337
117.61494448277722
167.29746444099112
147.65704893826506
205.86536459896726
240.10428157915936
393.7170931747806
1208.3948815486413
216.91845490852432
52.8358385464714
183.5752940632824
115.8379142308267
137.71898403653947
237.66273132562534
187.34045050406596
383.88847383942067
526.8239481324973
296.5849365961436
161.6542682355182
133.731910613939
56.80881823966933
129.8560249229508
198.9864221476954
102.67150815534148
95.91525533715865
138.3223059661434
102.1406068716109
184.1052914185211
169.4574963234883
150.16729533817798
252.53977051235512
147.69588265656023
221.69363090865804
76.30476675089268
352.62638720046874
268.1384159562065
164.8897290068134
191.60475002820132
186.14904805082074
344.36772049236276
228.22049780131346
76.35935880208665
145.00457957791463
203.04569490292764
47.29785291679829
183.34780895705262
151.3086246199367
153.53425510018135
570.5740570691559
137.2966710625848
361.8859451666267
125.1898058583755
317.4072901544931
188.4732904994594
243.37672985906474
128.11211323039507
17.571357410143875
101.68703794063637
92.96513603997127
11.754180717857537
54.711140524058095
143.13510262927358
264.09181459111176
60.48782603775988
238.20088074268492
39.846033199571224
125.6339236917572
121.67830042799623
136.66081120948166
81.97361027064461
166.1447193513442
123.09756400336455
138.8642090597085
37.40627923926417
38.16857591974811
88.21273107500993
92.49251811328499
257.87835244213255
179.85061481352326
126.40825894569798
61.5165906701317
248.17221592850788
136.68163118215105
186.56246748454197
203.09055411313093
74.16363148833975
56.10129095307088
151.3324284687783
101.05594482835434
82.16974158825974
105.9482137854325
157.88336385259117
72.35143352950618
272.8560640119972
35.80241909679502
61.779779225148815
261.78722065607207
269.3300010007749
253.25698772093534
132.22435209587792
42.11153180890422
50.56168806199022
78.2141858079828
51.28842172250033
106.6829503923461
122.68090242248549
200.7817390044647
76.16309773815762
21.97821142575061
51.175730494327546
80.3183359659948
67.77304042650077
192.13402665350293
73.4508211393218
110.07775559467248
122.52306142731975
101.25881477379633
134.5445274989311
92.52253588409968
70.43910416312187
47.893457248171536
66.99666670946591
54.666193720062324
29.66247529625275
67.80587755181526
97.09205257142989
37.088521913309876
53.13324721096983
49.93744855464057
142.85904869469402
101.79895487654085
157.79472584014937
87.19737975398782
67.14745233889074
22.227996791912425
102.86853078584109
79.69295085156078
75.7416020394199
27.825798518495457
16.894098034450135
63.42444188022157
43.02433539937099
48.58111027336878
20.808434179877565
95.10507936464295
21.134225304585875
84.51804204519064
51.43531836485092
58.438054456813745
15.530966329895286
24.037865646781782
73.5728053632127
42.80305743256544
54.32886791201582
7.767218995150481
5.2251250014316755
60.31214672543987
20.11180584636925
70.63155799317573
52.335083823094024
27.138601423268806
18.170424588041964
112.86822778135691
80.44047229649395
27.979935780464107
22.77254719900677
52.735729265733035
34.191122621430026
38.272362811811625
4.275611575338139
67.78774055655545
38.56599524120286
40.956252736087656
67.01897729024479
43.2502076723933
61.97657750443487
34.73133848632251
43.61887927571645
42.461964527692366
43.988521414614056
51.717132132525485
33.52588762919341
18.1742178064455
46.89663041421521
36.80014880530027
56.778089832402145
22.695771209501444
41.06374708079496
37.580677848388234
48.71270018873108
58.73038649782574
85.47662702464075
23.34032782801934
19.863006330150657
59.147293025872905
52.8134949139255
35.19152334972166
30.986768304177602
84.78282195392197
26.573159443580657
43.542703541523785
61.47153252041139
51.24663445957637
25.844640177932288
19.604038966271936
23.819609710830285
33.5593342901036
38.47786268555208
50.87181203771775
17.189716015400208
54.03760941525583
17.01970177078241
21.83329541144665
43.66215363522186
47.61389447939327
28.57214266712741
28.664971422256766
36.32504874131917
27.742263887936826
13.893568694829387
30.825092830249737
26.62203692803189
18.771765087449772
37.709420550684456
11.30163988679863
27.996016894737522
23.457512528620278
40.97649174694223
8.687882103462691
54.513141946432256
14.318375621493018
22.316085031186063
64.06200551294013
34.612881315856654
30.46745797199881
27.213750780254905
22.698083001948785
17.340608720147277
21.548963659167242
17.661651000920624
30.154949398777333
22.489543574348975
17.13627636119418
59.75442266717745
2.606129955173195
22.13155545266279
15.924209676736568
22.020290501777758
18.70559960990503
15.33474238167352
36.07187317887569
38.449734724506115
38.82781751611173
2.4414691047787316
31.755647895027813
32.68051125633793
19.1700922330365
35.572053859671136
18.53582185927171
9.970897490342058
12.734615335650176
5.687516148768752
25.390841813120428
18.18837463446748
26.634283538743954
29.949266993447594
14.400475114528513
20.97323894003245
7.098836388628978
3.8669383569284275
4.519905470604709
32.69867929552075
13.746906499671978
18.39962489977285
40.17149627974339
9.530668609317143
12.916527756266396
8.402743929628489
14.11397991987611
18.89609730861444
50.23200504677869
3.524564467851556
41.266837672720804
16.426019072105785
21.12062386816848
22.929498038257314
38.306260419684094
29.023918097536576
18.566957425491506
22.207536971498048
28.335884443045746
15.704535808993086
42.894256102705945
5.084682885282985
19.521583012130346
28.357498784412748
7.003157615380393
36.11622825356973
7.930270567989689
20.189962845155524
22.825119495726067
33.923912977602356
11.402624528431854
43.156069621641144
4.811558876402301
33.44365182579388
1.713277516788107
4.367366376413709
17.117517174201343
24.45554069872389
11.186222887410986
11.725147061048046
18.80196575430312
22.132765429995445
27.10766962115607
43.665030253353656
18.094686900594382
5.911512187344314
3.6547433581198785
14.20525105065593
38.603757527834375
23.777339315023394
11.015060928168275
32.256734491480984
28.075172353492324
35.7895317940821
14.945195397911265
8.903058730214877
33.426927134860286
6.845398680679116
45.31204278238826
25.99549451982757
34.10245912099192
17.187927274748894
26.425731258743024
20.42679524625853
18.961145180381138
1.8191751137307168
39.53704718751261
24.98826882475395
14.14612418192063
19.280295933035514
24.31628773833451
15.883014422299139
9.163066793537103
18.445349187489725
16.064401764974125
2.5896742473076353
47.85457193130744
11.08619048337596
7.994861231005592
26.34153262095499
24.149153936832096
30.963937834600696
18.976700464682498
35.923561968232896
12.096233827412679
20.175572929770443
13.770250148664731
11.343181205013662
19.69067527178024
14.062331713482115
5.6391718768124885
2.8877707872235923
6.938050057643381
12.997937225855091
21.68624678565869
8.422614575496436
2.800850058570065
22.600094569477854
6.736999629821596
32.57977559686473
10.080443602731851
28.247876808913215
16.160069173739736
4.754317925656399
5.999291982549427
1.259517507908559
5.144257404026289
22.786213133543903
18.436588209638646
3.0577603464205017
5.339515543024842
33.50955983859068
21.983028200527283
24.9602953595933
8.940667589218572
21.903924417849254
12.668554066905784
12.76001742454917
21.526840771471328
20.801799622541115
14.474016497076034
17.31138873405185
15.163382762505945
26.754112440110696
22.238359563375376
30.94081241390126
11.048378835637852
39.033214884935866
22.08650237079174
12.792774712339629
18.85823142980065
22.155962065353858
8.142981117010978
13.29475975650074
6.522031319387901
9.370804962237736
6.150350742888502
26.435251590972033
26.006285292927043
13.391237322491873
18.62810706876677
19.29167818477534
7.761638164236169
15.277488028943715
9.787718065892065
9.395937741769004
16.53542523561331
22.123694387003287
3.49236861141717
31.344480863048616
17.892943198290347
9.40635406658243
20.69491394669747
14.776254284098462
27.958057213111317
9.953085479671474
14.807036824625715
3.128780026227283
18.390483952165635
19.955629780129172
5.299343929138576
16.15679852154649
8.385937388529731
20.27693597737307
8.702155107910176
41.46806675430592
16.018615388120324
20.21656966414761
30.713872134489186
22.781852589782794
20.64784776091322
9.905916144921983
4.198332039324725
20.078551272541812
20.49800886820225
19.5381796390623
20.64754828238752
32.740624478998775
21.390553516588046
5.8283204311692565
20.641108826808686
29.781911026101678
21.654011264472313
10.66308038260669
9.014478578133478
15.847435291436403
10.912804859578664
9.464655127467228
26.876850607188338
17.977685082903434
21.994313464219776
13.604165195685315
16.41006342918099
14.379329575661998
4.2566550545795945
18.97793375413263
18.307873405506733
14.699990164963573
22.147411655580687
13.46368756428465
10.956683729663556
18.175508588517868
2.1959373800661632
21.697963161435524
37.566922662721275
17.06579174303162
26.998869223054257
17.631248310924722
23.58142811411248
6.260802002012178
10.25881318878609
11.221080915247875
18.053008158784994
5.801982202242324
18.296911129513845
3.406449925769425
7.311542374968732
14.05557490862747
14.201986541677337
4.910226511454744
13.783034639049633
8.194492911376482
11.806245807515797
17.30346365991062
29.245125695316457
25.46035700915706
15.960501651772585
17.963419742545284
35.21762792117192
8.878750891918578
5.035827805473456
14.321864227778255
17.00038883019478
25.896709708284128
0.22535317801461424
4.358967925651074
12.781182155717632
8.071821086929559
19.17257614739382
8.00649832722182
22.57846369921203
22.317386528843098
2.948348928902157
15.18077769850877
19.319120969448964
9.942683027353961
9.251229131558235
6.443331979283928
12.703829259863376
13.865982900912144
3.0588123793920703
8.85123547413162
19.039830330015665
7.2984208262737695
10.016629616782113
10.100677047412685
21.348351608247036
12.160008288299036
4.233739789021394
3.874851627414795
13.940801726756957
18.957610324931373
12.050563530049132
10.028942730984511
17.94234982800651
18.109796708261275
15.062740336891439
10.417086959648982
4.779339771125292
6.963340603705193
4.649665235988835
19.1334643853146
6.301798859811216
8.123387498403934
6.438896589229525
15.516665473332651
35.53648035265089
10.453581844224873
9.04662606723896
11.226755897714513
12.023906942520304
13.258685852911764
3.2135915693108017
20.903104770058814
11.693749001494643
16.456981776461557
19.47044138323299
9.55267743118449
19.566612773024627
5.775635528473146
29.61219479232291
14.6750362098368
2.47470698328533
10.098928244459929
13.396728740717787
9.457350617985462
3.789127290662562
18.896345839986033
9.079844957124141
14.228501102125191
7.594558472135117
12.278548926773471
26.2706350741437
9.572642898848628
12.099636436652602
5.2215189579065076
11.655879060428997
13.713139990784244
3.7229178837009136
3.43396395656054
5.951591626675479
11.070608335368345
13.086438965325247
10.692399331662342
16.4144980558965
14.049794889472787
13.361661433910205
13.932533526578254
3.933440418592539
15.630352007701472
19.803777984257046
10.345171755650691
6.597797704730636
19.430850220385764
25.105590034686983
6.201927859664353
13.384163709888371
25.08442524200208
9.816770075244424
3.352208477975409
7.122557031338449
11.01637341707743
14.855718448744616
9.671312844336772
18.330816970965284
19.574178933193505
10.732698518314061
21.928299171130543
26.643677909720612
11.352777225342095
19.503844704933474
14.13135836014748
13.466349518132642
12.928067281693721
24.25928156584974
4.583924824817347
13.360792197169456
14.269028944222857
3.216465456317569
11.251283001687753
14.877777762437649
11.025331065261302
21.11864519077587
6.093697395603101
12.563430265837383
11.451743953323826
3.7570283076966082
10.677957602276692
12.06018013394719
7.785091715573913
15.683664799168346
17.26977920503915
6.623752325049425
24.50989681359166
7.149732863735898
13.305768725934442
15.718429007171144
29.95088904501961
20.828345136147842
8.771890627020765
14.16279849856855
14.912507034826886
24.069409277491552
6.19576015585179
10.306115478528977
17.18952474700206
42.54645706729776
6.4205431419452825
22.25121511463911
7.384331987648072
3.89646665468276
20.191912399770406
8.608398052049418
8.613303382273124
12.968471973237486
10.678477030990427
18.999695827187605
9.10496833401665
9.27806546759079
5.195466249069212
5.507261177578383
3.811857050644566
11.341793953944746
9.861501202454702
16.22095855943073
6.528801708191861
14.439444009210224
5.750107239202883
6.323204812530592
9.282876445761849
4.437610390970497
12.493990925724862
7.049084022206387
12.478127099946864
7.719614759237842
3.8617176648773506
9.563709378641787
5.345370198059518
9.72841773730894
5.474403777679346
7.731874385660503
3.9833927485462146
7.3982585159658925
8.16335692724856
5.286799902715019
12.890921966382601
11.98316199109578
13.798172857497633
12.735337594710302
15.63085288049277
11.928744814345942
18.8868595918571
3.4888947665879546
13.131376873794647
12.563183419262304
1.3062913533319598
11.079565090254356
18.084940127372395
3.181363689771849
3.450202348805271
7.234483971270674
10.824244077519399
10.094515935606566
6.19609185308932
7.039304460462809
8.29381076829974
11.919415293901215
4.328666002771003
7.63106083301984
5.6387141437528365
17.773973524284546
8.352266917654635
4.924490738496225
6.031138084985216
8.224494634084595
15.208735911029404
5.627309281143933
4.372351807892995
9.12571496749209
2.6209549909101635
10.068253223180864
1.315711864705148
5.963474339419898
11.070979442956167
12.362927280527249
5.215788367270059
4.417031477866263
8.527002756166846
6.8074785717820605
5.066878566155577
15.015352290310597
9.005478507539763
17.986944441107486
13.059272860332763
10.90537481845906
11.46234707621776
12.219992172636696
10.020377804679306
10.817431477632612
6.0444655294093055
3.9776888871603693
12.16547848461763
10.021169077386807
5.543671560509637
0.455544998918149
11.695168683379626
21.470247993712245
3.9055439920860735
7.942043920239843
6.94030322395173
10.396671560903103
3.80724454720977
4.503624834562429
11.011975761876888
5.777387981838193
4.416438350094612
4.324664051959642
3.7879822272828423
7.209459649504571
5.341238776105485
7.786885285593555
12.276237210824522
12.096832708746925
6.6919806300495255
10.60490606766536
8.559453339047947
11.721135286861582
9.945448616526706
4.359321808146988
16.65913317297282
2.9933044047912403
7.877303875511729
8.805083279859131
9.4186347846834
8.591683448451716
3.080329286311447
8.830610006628989
10.052959647712266
7.2013095135305845
11.521014810412812
7.877239855311164
13.178151558183588
5.249587030526466
5.2066472212855555
0.1015776900822728
14.748372132900927
4.063880246606687
8.191935924825215
7.897347729247237
7.101259411247567
6.42106630118923
12.337926520054163
7.362552724112048
7.093975912029186
6.1091809407349915
9.47105581142967
6.7013998941827895
4.828642712883336
0.66516438189285
12.344448733951838
3.145213380707356
5.9133612837627965
1.8583307279545058
17.060567944640606
10.6942893423634
8.044650643140313
2.9095571075231867
5.897072612705134
12.001711326602004
12.914065830191594
7.527954926052677
4.631345325937499
4.080398561462852
1.2172464265643188
6.6302648222720455
9.820195303351813
2.884398784185196
12.049266453717905
9.781507278033434
5.591566382385745
4.534649843564645
7.695076455956074
14.75492131460746
3.2150448883759863
2.5983524958035398
7.794049607256868
9.57541679800289
8.097169374990335
1.4586686427681106
9.514372366547596
17.271596583702134
6.853126077351174
4.32525810900396
3.707772541354212
7.315381132386802
4.293113070978123
14.888611171270103
3.7505474423447054
7.040592705226261
14.920280657169526
21.508317481319594
5.298660427740141
3.2521008921048145
3.2060997208493545
2.187653605831646
7.110534195891052
9.516363301871207
3.2413973484993215
4.7438196650415625
7.073122296631187
5.22203644442848
3.0623640190839643
6.441869898404503
4.1441462029230545
5.151774435164455
12.839661669272042
4.370473452831468
7.108243385862749
6.9621738118421845
7.27356380477174
13.805292422409556
7.832819268075867
8.877948096940129
6.647200311073733
1.9989469829738131
4.8904765265392465
3.6377512890394814
11.223513343975222
9.03785867842603
7.850883717539768
6.2844521033708896
8.031151312299555
1.093457543925573
5.975995296867482
7.9621774987395115
5.93590573965642
6.698099570561463
5.02851236552562
10.89856594617504
0.24164825430204756
4.551406609347416
15.85698581096823
2.2851655354935803
13.710208954369701
3.2529834435447325
10.522807703945093
5.446164494687816
3.201984082197857
9.63828895709308
5.452131948625864
9.143764819000884
1.8711589131578652
6.092735313218978
6.498548565990701
1.9666483235766121
5.346902242520257
18.460888353962257
11.097242316464143
5.390469370184677
0.6672036015692682
4.836391852195428
11.45975552906216
3.337807080270803
13.137085458430446
13.76996060128298
6.472252433477173
11.42492434179806
7.938193636309942
7.146096693791026
3.3799170110725676
0.8669172888555182
3.3006040327977253
9.75701556688664
9.225514020136744
3.1239367871773407
9.804734670438052
4.615599878447748
10.109258878165138
11.928756342155134
8.421664888551732
6.53347851722856
8.797736047430652
11.545516794383534
3.379675328362281
6.663356494291574
6.199655347856481
11.311806047731416
5.430400660470917
2.84734742850564
4.611817563413783
8.698283954265674
8.755462772524911
8.706831552088483
4.22381455746579
17.11800518985497
7.836160331196335
5.606181247414167
5.063396166305538
6.669083286368853
4.783226207715479
11.470377572207617
1.7348745157594347
5.329699310922017
3.30844054704515
23.65619244104089
11.525052718895545
15.728958692740235
7.602399197724812
11.069057737862117
10.653277063194814
4.828869473250878
7.844895540956075
0.1705788100054364
5.975448119738331
3.3445803188073753
3.4888062171291465
2.1365447284503745
5.679299458604183
4.475880686588056
4.529921988351054
1.7382444256493719
10.073586674474228
11.212853132329535
10.708450477852239
4.302364538400804
4.399079977315288
10.848011967245283
9.882090144307288
4.978224536833826
15.304207083913793
10.527286080727691
13.40918725281893
5.00902582329637
9.68126611283117
14.929534744417138
5.5248642914746835
1.2726724907530484
4.823796441592544
9.100035843843076
1.6563178441077566
7.361076789140218
3.5924310296675688
8.966063954297663
7.597490388000477
3.5880343872640723
3.7580110721858366
3.801255021600179
14.416068490352448
13.570377090392988
4.344600333603941
3.401488552681157
8.845537291939927
13.987872532174126
2.9378089094125612
12.052931885932912
10.702112295496294
