274.017
13.688658147698826
8.971031746084227
26.033884970921548
61.80465591359034
46.57377095672969
66.72558414241848
117.65828923390836
173.3458083990409
48.90905345979033
91.71543274712377
87.93231343029132
215.68453077462897
88.66368856153287
63.298186974974506
20.673258481642193
84.42761742484483
80.86339457242553
25.65867353072141
141.17840506605336
100.74094394307373
78.32140207915778
205.24846435242142
277.42250835560986
99.07139738211181
41.89045277898239
99.7704838392611
389.7128184216692
142.6618062192899
135.24485021913813
172.88960717942732
181.37543153604787
295.7940416809796
307.9158562330563
250.24702037090177
129.78044382874958
163.11293852694774
195.60652298344323
287.4706526775754
38.85265475995852
140.43230858456312
119.96982828944184
218.03360590718955
180.5705670771465
138.49921425402894
305.30183343365206
68.09584692400024
341.044973092964
139.69005416636367
242.39559284719624
336.6504745166818
251.48667450884003
18.102209997087144
200.86165729934118
336.20744147172655
180.2399259891287
342.2563829981396
140.24756188558274
143.15703513553694
312.40384112276274
236.02549264811725
107.94258228001064
143.18560047670726
236.68545624583382
117.94237557214603
214.9265890302648
190.4800762625138
119.79530736877021
35.32033522036681
184.08670495812873
59.428554718494816
164.69533345566697
184.046755604526
79.33546331414173
308.1076430614026
115.42242848753143
26.277848200689125
162.76568387963255
203.43567261677563
126.49693413143005
117.01590144745114
40.5381963723193
169.46228892918984
235.28805579411053
138.3946433791381
189.3371509476553
105.36439980935381
176.20342371685487
84.370580666271
47.90374843762048
321.0597248833158
139.55092841209228
65.22284150431668
215.44812833929976
65.90288438674112
140.2089308409918
61.10907784217556
37.36619181955644
40.26680333603521
36.13553557406258
275.65963258140823
86.41124596206973
73.64661416209773
49.9231673880503
165.7872492230477
127.65387999123863
110.17571301951578
176.53895468528518
100.09911102495225
45.06628675029553
72.83844678088596
57.26202919849576
68.43252303297805
152.04634973236455
41.962983565688006
78.79279284333956
69.16573570852728
22.783027719702297
86.00852783221973
75.09412076545368
49.85179106697399
126.23900653465269
74.59272552161111
22.65468771645356
21.995625240825923
95.59311276280017
82.21566237795496
54.69298141966323
85.48659325338464
78.02449521087516
85.92884565328306
67.60519132218275
45.70083422490846
54.961485519418375
93.40557465222508
82.74184458280173
39.262687317910896
103.22354426867389
63.50594278669948
43.090714515426306
77.03267726264599
36.98807724458041
32.103676202004195
21.86720637961326
73.581036459383
107.91795576041814
26.411286390384152
63.35135991044843
57.65277880858245
50.85919790962146
40.70864914322615
26.879294304782075
8.056128910963283
11.855434875788319
55.610222321051644
69.25696991094581
64.81572891337268
32.52129531413132
34.49551114593076
17.366380269850506
43.505954495130005
28.12084351027554
72.87560625573519
60.809916045682535
28.791766879314054
15.981558800312696
48.676111924459455
47.18382857001788
54.28212835314154
59.729481501232314
10.222717461163024
38.74045857513397
4.425305500521761
31.204021390871503
51.36181563728728
37.50212355999509
62.0490032559864
63.323881967067834
40.132718061481405
11.668682198563133
51.58165394296657
8.656708452455531
32.768174572662645
47.88493355377876
45.26749490923449
42.75419125709093
55.04728295326876
53.405510533311
53.13701599474838
33.157515931776416
17.485893878645097
46.13171656925764
29.74471968306937
41.78829581186796
28.30003595120361
31.630688551716137
24.67438111871802
34.78533211452698
12.189434673183797
44.64371082862194
43.32956247256708
29.262562262141113
22.27415442510876
42.51760373181943
37.33269186131248
25.39743633364105
36.99581184117201
37.35859400831812
36.287947279067254
38.658500834670534
19.844686928593294
15.2144829210796
47.1997194167307
26.414544342405392
26.355881263778908
43.67921661391648
8.708752033665355
32.298885232682196
11.246643834519837
30.06632031528496
42.48229047201747
18.804600776847497
17.10260070599869
50.021067426851204
38.36653354423612
46.73404695664151
24.49048830905887
20.524096968182644
11.838215168005076
59.75617355566631
7.762725128263874
13.309333568074646
49.36779924119943
16.620657601659772
10.645346401777966
32.49916111728503
23.40637778301606
20.69757956250406
25.125289694076248
50.54110886544142
14.96505054577391
7.354104122574207
52.37531955953218
8.146710548287407
16.733468540841443
3.00251195411597
15.439277447729689
27.342945250712
28.016253629438623
24.73095645153403
12.064757412034785
8.762953902418523
39.09169373208594
38.489559362687906
19.225882997569492
30.964875614499416
48.39235038243311
18.223345736777762
21.04861386106564
21.252265017333105
30.43270335360192
8.824488634269988
36.43889979381353
55.14786203509405
15.271142560742085
19.605771241670706
27.278343494475827
12.674576400138996
11.075268909164363
28.387561844207553
23.53369308452104
19.15938033226733
8.189408901109449
46.32076101073102
1.2739028036049764
31.533973920684666
13.791836255343782
18.02621592045824
13.339682882023569
40.56409552423586
9.413325591364089
45.733689824719676
30.528148086056515
19.66309987187036
32.51040628398384
15.152412111453254
45.183845665133646
11.14364265023373
15.416164180981623
27.086732252984117
25.30643760624212
25.174384873803664
5.313116125848579
24.723228257713554
23.732898180787156
30.504399683513682
21.36931619618954
16.08070844203104
13.673291329127277
12.2867104080977
42.07458345856825
32.65913996023654
45.482973906111056
32.41337340556415
21.833923828394795
35.73855807589984
23.516004869382726
22.056155412158656
3.7384829311988277
22.993883577143595
4.71944163626725
64.06188296839471
23.876784931969503
26.016627113712943
39.25272502483265
39.10373736857143
19.038627888753265
31.360281800155164
24.925649531813928
37.05514058222108
17.549108274463887
7.282450981191143
23.59482854231034
6.720343371085259
12.48427348088598
15.713575217278786
31.420124155272973
20.414826881554042
47.484211605807744
54.81563741609031
18.621410301012197
28.415039965257005
11.209313228526364
38.290834567851604
30.154615280194353
38.12910135312155
13.928319020880494
52.689091326327876
17.5390228708115
14.813490602153953
21.028015533945574
7.5002212004539945
8.62308547377288
32.16845505864993
11.496240258506006
31.714346052572672
13.967045187106155
11.457699920260657
15.271857317976725
27.661842410198272
40.10051653609015
21.358735846431955
16.214620219230525
21.744758404282425
22.692210225058513
3.4184433322211882
43.134992777425495
22.46396564398765
5.369095880382928
39.05260108032018
54.87465987672269
27.19358370611224
17.86676867986635
20.737283089788118
7.1993383270472595
31.669726749169907
15.286059179657759
12.754352196598601
8.082985439370296
27.141355355757277
16.763742614972145
13.503016234251636
30.489336540535763
29.59440832778387
4.906921882200936
24.65077612774545
20.255002261416003
9.786422592149828
16.12307854859976
20.69099630415707
5.985509948360947
21.603695173201647
24.19232621639095
25.095329556041982
35.980848995042855
23.968044238158754
5.931516671748686
34.62371313104726
21.43733918056328
23.822100108096954
14.830198414566933
7.706607091614559
16.583529544234995
5.914499324119383
22.516429889526155
14.801401796886918
24.387295780901454
34.30584977038934
18.215709072422435
34.87958560026722
24.573870270175632
13.353025724560073
21.30013747514265
40.214045205739346
25.50815617231043
16.827066488119208
20.067560677003062
19.757869444044026
19.141168387496908
41.32622422322344
18.35748444626536
3.806811530400244
19.78954396327801
15.90451750524568
12.822981500741589
19.16237829615208
1.8278644404760347
16.971727480352257
6.937689707649877
27.123595810919888
9.20971801939104
18.283097329651973
12.948602950985206
18.112638289341884
17.56269142753896
16.245350175340217
9.004315641657284
20.014056766190766
17.53656327189491
8.772092448094755
10.301867740350334
7.312332482012877
6.718355071044537
24.802857134695444
14.93571703102737
5.406911653597158
7.505260988893842
15.855036414570112
31.82766389938346
19.08184735465665
4.053526391469773
14.472125162901998
5.889931414148919
15.211777003738097
16.760698216670168
9.119011139404702
16.625071823122877
11.960141683379582
17.730170589473662
9.220067744837722
29.562857541909846
10.772951829170843
27.162854052958938
2.3482068383994883
10.065684288725608
26.60014520619762
9.370938481566768
14.645679309428925
23.235861643445443
7.458751815645662
24.556082666574152
22.668139807134924
21.31745060714142
7.303096163484954
17.38651546081708
12.21721980349636
15.149531552655752
27.62991895912089
20.274529293312312
32.78156502252328
6.054338734977028
27.21368503108022
17.600491459025903
25.943041595068035
5.37990284393838
19.05826108453222
28.487705703885307
10.731607666220867
5.5032972956771875
26.942350270189447
17.20429369409317
21.920144787967825
26.35928313780314
24.636627107736512
5.713806655832217
10.771792956699267
12.79122882903745
11.489187426544447
24.4974386483062
12.855090503014793
20.950121843521252
15.06003767832187
17.00529267434689
31.07665796235107
20.399883921933057
12.424358103484154
26.616151915841233
6.5568732497740765
31.555627810440154
15.463541293127555
31.8014000341453
6.653008967004857
8.518276278356797
14.439950938804545
18.04767939551307
7.772828355527707
17.714909987503685
26.459921706702165
0.9944905330666144
15.685889706854324
21.057343278280253
11.353346038595907
11.350597814125516
9.07149560285076
3.4663540404398203
22.37732365899612
16.409302313395163
25.741383355919822
29.580684605891076
9.558780870212845
32.037018057430615
21.80479417235411
7.552745524784883
20.600494653568262
11.49281566127054
9.519852833772651
13.244485749081129
7.925483650891005
15.21145023094273
2.9809096356376794
1.5162394765164136
18.798466567383294
19.314043117453494
17.606021459698916
19.87535657862236
1.4029964855884376
17.55713290959709
4.162160781020181
17.13098929739395
18.46112065266905
17.30403442882963
17.291265378125452
23.172610744764782
13.667402900151911
15.97375570209686
10.48119181373749
6.775186958678557
21.08263934676563
14.501592011616733
7.578933891164751
12.478676036783288
12.076711486218231
15.54601548291822
20.7630837212545
25.75009041858858
10.289989028941573
10.827155687180525
14.724384339807855
20.40001621617436
3.005718054080196
13.61886624469555
25.325428185912003
9.31341078629147
11.3087006909862
26.038637022323236
15.983539144790134
6.016104332289737
26.70219144962654
19.29483103734539
6.561163360123872
25.33351644233076
7.062224471284041
29.434612654558396
12.86433822710667
17.299748703096768
12.195003901694113
8.666950460592853
15.577120236289678
12.98731562019866
7.305080395212112
11.901520862289658
16.070049681833538
15.397302408659067
14.617758711387545
16.889776570262935
5.646367225743763
8.578625744666095
22.57690356370752
22.775923943252785
6.361107375315925
18.533557162061665
3.00379592319344
8.278505312247837
11.187643754665329
3.949801426186624
7.263957350817336
9.606739630521416
11.512132322461783
12.577055908901487
4.261162531460399
25.34608877266249
17.912240482700003
6.298374892628936
8.60613869643566
13.714521440800983
17.68089686297026
9.542655810256852
20.929429084737905
18.848457632655478
4.777817104312919
7.753728563107316
9.138829170980955
6.54450163700616
11.515727574973804
7.5927083310795505
17.295563287579377
5.13158897826747
24.26278860464918
15.668277704105824
11.80182529764017
3.186110358221466
12.408691442438853
7.532171850915593
10.288685243889347
6.104877191982382
8.533537677143785
6.749382197203675
19.291985967800507
12.299612071403898
17.355700249877863
19.62270416655491
5.375651293654297
14.378312520379549
15.465761182230986
11.746017700209753
10.049992870070833
5.65893136130041
8.663194356982068
4.103120128689053
15.680368802566072
18.340360042722914
9.784691393340701
11.98606616219854
15.735179237326276
10.449549019206895
1.7416621514804644
11.315090583000858
19.897602515934125
20.18738534835443
21.04037072739447
18.03824643773575
8.07660942703805
4.572287641475263
12.466296257127224
5.152954221094136
2.925489798490329
7.122785568706132
0.6735845860507174
15.862872992749148
12.691208969603485
10.256366729247617
5.570980187029438
11.10018001671751
14.657078376884144
11.462924056361702
10.458896372156989
4.636945176889598
22.59998140521486
14.599092852620384
2.0147840479784347
8.32503697321332
2.709188088238485
8.834147529859942
18.43381128680768
25.74335728610481
27.010335645339136
15.264658562010256
9.934318042020896
4.982645123110714
9.785997834762522
9.548927010863737
18.630980032551346
10.180264514138466
8.178552832645936
5.52079801441068
12.866307142719155
15.528922133940565
10.088638797778836
18.178606837942247
1.8558621697503532
13.486944730672212
7.802864594825326
6.518525665470695
8.815480634214492
6.749548705748438
2.507512545541073
6.351593472643516
10.874907598266718
4.100931153666073
3.439982769275593
30.245879656873328
3.7971051440578067
10.345650573600002
2.116644287746017
14.271099682588986
6.707358046149983
11.211704897403607
5.204644182243253
7.061450248494132
8.71559629308521
10.14821217621846
3.5769824686122336
10.98662044882248
4.121907295313965
3.203728099718415
7.3519060841075135
5.407995524955076
9.45682025432894
10.76708350753126
4.077788281805498
15.309329398463074
10.242107858186554
8.539340036491398
6.283934903789874
11.37906449435523
8.70454602389994
5.1371209154071105
12.575414604505346
1.5327387079190684
5.328367911739363
14.458899517329222
8.911471413021616
10.904530517598173
5.313518346196322
1.8699064223133295
14.37399210388092
12.260350846044778
6.105082112161508
8.61164422004473
11.295941437416323
0.9732123179953482
10.958832312644391
15.802918400866494
5.377584688129818
11.725079511019851
17.31484480060433
12.264995725560341
14.395287972855982
2.6135619659442466
1.3846892781535425
12.740100773221384
4.772094406172031
2.7186236587490917
6.465616853440669
9.083364397594359
6.017517616012746
14.607431490635667
11.92692667176863
18.203676470308224
9.142849703391303
7.6088399651372
10.758616260276806
13.766025369914692
4.918698077847056
21.53052985586804
6.371610787741431
11.224057393763317
11.825128544661073
8.027651416413883
2.3781640651861338
2.9585222834830995
10.208538492260491
6.070622650979272
8.048000121316258
8.68085336826323
11.455999511850683
8.016779539254687
10.89150490310653
0.9282069987739071
12.157333943347533
3.6413917216001903
4.68693099507007
12.656543736259774
5.852812201627929
6.612606991539871
4.125068601234363
6.390789121246941
11.472961599070558
7.155347964394961
5.56739506901549
3.6200797096496613
9.77185778532283
13.654879389137918
9.198278880362311
10.478696692349
6.329363333497889
11.512003716578826
9.7209893700005
11.0870656771542
15.060604990874326
18.17775603580542
9.417130796095147
7.718472921213137
3.7832387019116904
6.0473573323608685
5.562534686411091
8.762143390496915
12.689667963929079
1.9995706914518936
4.455520184754617
8.256945169219252
5.650903154154197
3.7448414937442394
7.332860038386758
11.426037550856503
3.5533160176760896
13.088294171082085
4.172136067157425
7.246315225478587
8.327808103058455
11.577854172122978
8.259217663115068
7.1539305028297475
4.545660298347843
10.434978953400769
4.88969100143412
2.798165826290051
6.6973931892086975
10.791860238150589
14.205409440013225
10.651299073326765
8.221922811679153
11.109786381060314
2.5821354725441754
5.80332955077096
7.44364274130742
6.528374746789473
13.902922270786693
6.473633252163364
4.655301534103405
7.6000854800820115
8.92527781655096
3.7815381388713396
10.235098029643845
11.092761682000315
7.815007782205445
12.167350968455533
16.029967143434842
6.8707906453278085
7.17260156179313
10.016148842863558
0.6731216731706577
2.352005030770189
13.106250866810026
7.380887459402841
7.291738672921171
10.452766335889613
1.5558924039665185
12.66176746760768
13.463291524660423
8.859628858095226
3.8612976730981976
14.81330899085388
4.066726657343604
10.39553326958914
2.6096511159670586
4.01349872175915
18.043091118871406
10.259684481621655
12.6793495919666
9.064894998945016
7.487489458229632
2.649296851989049
3.7588861635929574
0.7554622839843146
5.184460877400303
5.595617181298878
14.200816206702012
8.781722281970302
11.715324897917256
11.415841774123967
4.884749651489954
6.3842672915605405
5.5980095110562385
4.655048024417235
5.312725098637981
3.5258300014108244
7.883921454519363
7.579571634784778
2.900794226884968
9.993243069266388
5.281523102799736
7.462550635213481
14.302947218590631
8.068160326275985
7.561063770981327
2.9938562311830585
6.67607135450682
7.676236586201287
6.232679506235378
6.44901871202893
10.197262434880368
5.065564845089566
5.51426391997619
4.694326348113667
13.52413077386992
5.959072111386246
10.327618129855722
4.308650571742982
8.397215000999358
12.92935049227737
7.69601468335152
6.323467071582135
7.597946436848381
4.594806228580275
6.550791049840638
14.39589620836324
6.417442857843095
6.182783533189831
1.0022729369334675
4.8023316557869835
5.884537813216509
3.6755722161657505
15.87468945217981
10.743722672766781
2.786289410178303
6.761817520185816
2.2638907116385893
3.1997876278153106
1.165787650322159
2.3031328466130887
6.805738362007329
1.893570586186505
9.443412244979186
6.4432664951424785
2.451878808197702
9.369439671332914
3.4638225683591872
10.266952559910601
3.956499277173653
3.932684170920463
1.4393296750035143
4.92938091710288
13.02760305888789
5.614789718970914
1.4392963657619997
11.994127729736794
7.495167938815113
7.445742930970972
6.927844000662427
9.374881799214462
9.992777078677015
6.956643464851123
15.302265098902769
11.524203553397163
8.004537637154408
7.377924914322361
4.669278198767053
3.501408460649508
4.751441758364078
10.432921753202733
10.339168334481357
8.829228167709758
8.993799906935175
5.5593340441449985
11.273959569081267
5.683694890856885
1.7929610390317912
2.790652069960403
7.031072422171458
2.9007010685352737
7.05598437869244
5.111242053221078
3.112275260229134
3.412593025351401
10.259108092814502
14.432876014506213
5.682600787860996
3.6370646328095844
4.544355254703164
4.258242761903489
7.269532738364683
12.067406727580732
7.231719221299349
20.084671192154772
3.0747939161259223
2.0729071229032745
9.002641986340178
7.339511809269167
8.234606697311195
7.729715209424243
0.9937318079067543
3.1507241108334583
2.5467685202402977
13.656086579043347
3.5710819198138903
2.5404267850241165
5.374302946401898
3.2847178421230008
4.769669216341806
242.91199999999998
15.946840499161173
35.04877457997399
39.687400035697074
12.901342578564023
29.781644772020552
58.20716649315111
29.332892628576975
123.51650785923357
158.2775822419294
75.37390912551528
129.59877717659688
228.2848048268702
104.46431103748107
47.85973754147269
146.9566670803077
78.56049908209556
16.368722187841726
47.07694591548519
16.562716719806986
75.66100469213825
286.3875834937783
67.55500969492797
393.74490178561933
252.15944949696683
161.47049483237362
184.6446367075886
125.98999016439107
275.1318952095463
437.72629300292465
271.90764816046607
240.12652344571725
215.17728148911465
172.28723640520099
176.17770702350316
249.54109173866013
239.3072915676309
207.77055208686284
55.343835768055065
415.8787535569236
297.72525361189633
398.1377840165258
318.5617123822072
97.20266872189309
405.350164469581
133.6220795873391
29.511930329033195
184.495859170032
53.64203895881363
121.34040921114749
236.8373758699827
314.4552700670226
321.0954405424357
194.50376677677306
102.73298611990879
162.2086963471365
169.03338692361731
194.78315661420032
305.2502028051495
342.729828445726
120.15251754890217
71.98478808156858
274.2589466784011
353.1709041698544
45.16146651799245
186.44471893303916
271.4451525029359
16.569463767043366
67.6528193908039
381.2991236786274
161.28955675913673
42.253507873695426
183.69814731973239
178.72681300716073
163.63790944056032
175.15741755590088
283.73249649643463
94.51592079116702
269.211396549275
252.25194780938023
122.16856590159448
217.43930974459713
146.02378927257286
238.23978629512445
223.22918966008183
90.54389598385491
99.11011170011417
69.81277252287553
49.971077720244566
64.01401160540979
78.30650636659354
49.37401129322283
67.21462688479423
153.3945483154565
122.8488088554823
111.51470835729496
176.39223136137335
130.82942542337622
162.81929162376375
173.2839377508789
297.4187256383619
35.48273671211106
168.01590352826366
155.5780260464998
12.656959680749022
90.33923494424393
76.59923160962371
108.83041720283727
130.29194164240843
77.9115561707262
145.8578497555431
59.311996886113604
49.422970123560454
26.639427944643387
140.39696669272405
135.52154418238865
42.32547863931079
112.42801483568685
125.6926278048734
59.44219677442404
9.826575538868186
206.28836256202928
27.553426444861152
41.622605128177646
32.79047218002118
65.62359413651176
86.71874079680526
54.909303936413075
2.7279799922097627
50.43430371950635
40.520141927869254
91.86185258865149
87.1226944200484
40.63766819463104
49.13364121951139
68.12568377467956
55.67881926016349
49.694741662843285
6.880367737485276
58.59366479055758
29.80866598811395
66.35528195844051
45.777932291304744
29.71782384671357
30.06898562719001
55.770601195863854
33.82059952690369
121.22140592054542
78.05063755040122
10.90156471632885
58.48476956882056
25.976327732296173
55.38931833188814
35.31308289553287
32.50401316919086
10.200329825956555
10.887108381046275
42.24884228938102
31.56550400217948
33.434152038410055
7.5420013846064515
31.5920743948142
24.14217231235621
54.39463992397337
54.06981445258912
33.94838640989682
85.31684039668424
41.15265048290608
25.74238364896789
8.931022961416593
54.97038255979047
14.875606841401423
77.9826646253809
75.7515293260606
35.30756696154168
28.254356550010726
53.737770077058265
54.67427306577215
68.33674035005946
88.57341074898278
14.798609647676296
58.987919621443545
48.98424819420282
37.65290586149486
19.065435284918593
16.104295683490065
7.850818627666286
58.5703025289365
23.910961227934873
42.78959678391394
24.15144605387172
31.700077952389744
23.03144378725655
26.699467440801765
29.61987937932708
29.949415273508087
34.304597407860356
67.78407456941909
2.298267752772508
25.427090268345182
62.69314368723859
34.63845022285147
25.00714607466438
18.957810974524914
9.243630137343997
28.544572141208462
35.44468074207966
46.83153469073572
12.364360239035655
20.212343077403425
38.85992459166899
8.915139486975216
40.41365808031299
40.99870546381699
13.417237720403858
25.677128072634623
8.914854915375773
22.25857246964402
21.324393973398173
41.72348626853367
23.031846703420555
35.67873468622536
30.73189984307033
36.69492797347199
16.317038015990242
34.83091571520666
37.447564325603594
30.661324360209843
36.84581749532515
26.75991816404317
26.62450798726242
19.091713755337686
27.793446594393174
15.056759767294375
41.385208799574706
31.016642979456893
2.7686719074275294
54.134414042802
30.03407225105538
33.476737300196106
9.643317094922903
27.181414021956357
1.9739289871872887
26.682019185097182
41.123957649298376
8.008282200787598
12.494076250960187
29.845600821244773
32.03208131620952
13.597117325793233
36.816550789388074
21.623653151328533
17.082290750667436
22.19709276646487
12.290077097265469
31.184516614258047
8.648404051904198
38.24083840173201
16.902884304753673
29.751647826870425
14.036601935776934
16.13169317126297
30.401207830323486
28.784216219510604
22.656713827838544
29.983088319803564
11.251915024821068
20.505588769403726
24.01345471086081
22.398756663388415
7.051855209371523
30.257473219266
41.57789195540227
30.301672774401
17.534292292452093
12.488050946802602
58.318951809546846
11.425823252643578
22.36251627154328
8.413677781269664
8.780044409518885
20.628910668960565
18.563215409740124
29.537085999846674
15.386997915677936
23.118172149259642
7.462355096267072
38.0709045598458
16.032230437801246
15.205804537600793
8.99101628720442
23.33503249437971
14.080027009370127
14.352846314909353
26.060601721596917
32.793632212201445
4.507177774720125
13.152531421510544
40.418774772400496
13.58453065779271
29.74851593411521
1.050627654024026
10.427302869774003
8.862236386266515
24.262789726907073
20.426243730788418
20.35616552420574
20.48255597619105
17.705816023213544
17.53499707156817
34.6892589283105
42.85043695109346
28.101082400081406
28.909559626309736
24.876159365520582
15.555141688941513
36.66166101090546
21.97461077751228
32.04228929300485
41.732296853941364
26.38357891108603
33.080155993480425
22.454003294006796
17.02786551862649
38.164754024243805
24.820968128892346
13.831457598097645
13.109163939657066
7.310376207532233
26.88531261414896
24.21910829044494
9.712285880582144
19.82205571508179
34.52203525762859
22.33276435488429
17.44645725836903
37.23583231421944
16.846062563756664
32.502704131782764
37.53939448456037
22.9290955949723
25.159988940434197
17.692780130232695
15.266811730093515
11.214323920575548
14.587349743008346
20.021383604001795
34.19074316593328
3.4181629422346798
28.959582785955742
29.803186668399885
31.780913610840155
24.65976843417946
8.279371818605329
24.601729157106345
9.350590627605575
18.74389864366185
35.944817683081254
12.997381196017857
16.623724279303282
31.006950498103244
12.849670469795734
34.03538496469219
41.75950741787909
5.073690373312638
7.077992871860399
26.565181288241973
11.535975343301045
27.144314372765024
32.36296047564638
16.978222630100248
46.088307085063924
7.119501524993762
37.38536243382175
15.208643332472459
5.085841711987775
5.981360820094107
17.525465200256793
27.236820070388323
11.038889424733075
27.294717125991866
34.612941380896174
45.67248416234962
12.157642394498112
36.8564671449503
8.598098125025055
31.35573687163564
21.330162684712665
17.48267219229086
9.154820929111139
5.9809694292864
3.3729764560433884
0.37275932342547563
27.366876476127057
28.1750284722709
21.451616176703798
12.820336002437905
20.488525998256318
15.922522559465182
14.45054044868836
14.743670402336006
20.035477979324092
9.546730546072139
31.158861242400835
15.391154779910595
19.24906705781617
16.73902697975949
20.538128668752652
11.975312680041162
17.304446000350048
11.064250900484256
22.572477378259745
3.5488420941326404
20.764279294628935
25.1264977648871
0.6229540230921018
10.407202657696518
15.46289648788792
10.655000681846104
1.227398814321922
24.714388233850002
11.086833776525578
8.423491294773763
13.785853651150674
18.468996507283535
14.115436355401872
11.815289546430613
5.594571274003682
12.796651983844471
19.08075622081466
9.796289928036884
17.416290467393953
9.743987772045584
10.657819312795333
13.859116039273726
5.531793090731106
27.072121913954273
8.346608008168333
12.286028749780694
6.999987351757653
24.805442606065544
17.056926561876224
20.032508383443158
11.804266500062893
19.36112564242095
24.553908683371592
10.384316988197972
12.562062732204655
32.74897348913304
29.518878767794178
12.59161831149142
4.019871600725132
14.037069678031193
17.66281012642992
25.587106090115153
11.514556849279618
11.600481464657834
10.523580852967118
6.58097081218418
10.003335270007026
15.22599029025905
6.65193013603743
15.455053614909472
22.837471534650543
4.2858928654470425
20.63376155885747
14.085095498303188
35.17382940843841
11.416454504151696
16.2612458829594
14.071223567928282
12.58127751144618
10.631160593933647
20.17537410523978
14.773909494229155
6.38037239999184
21.816829689438382
7.222630335880906
27.40280171968985
11.724356715881337
23.588102602324277
12.011265269400985
5.771706582361815
15.111743334450278
31.043538383058774
19.549638038604524
2.5941344527752808
6.367232001781519
31.467704947009267
21.155430813473597
12.344865032679
24.787202230480467
3.585042543186699
6.45117116916284
5.234492717286332
11.183853718499549
20.86551161993688
15.095098694198759
27.493146842487242
9.479652285461283
6.1399129242934025
12.709971649540782
5.094613278441566
10.822591477102957
14.04945420786684
5.86012293040064
9.343580574985463
6.018785228871263
25.600266440129705
9.20614994734333
30.092860956641054
9.301273501237159
10.258315174194435
11.663011785867148
12.292155478399515
10.820692760374206
16.388048344634118
29.30059303946873
4.215454192230003
15.716480713696322
13.486920953926026
13.254256544128058
11.992167235188605
12.143905391542765
16.180469864914937
1.384525612499468
10.89821463386507
11.862450306846428
14.479341967767311
7.113085957885528
14.234062427600803
21.761904872564592
7.162244977046937
8.562592663816806
11.334224385770536
5.220173248745543
12.980195656088183
15.984210101063683
32.23481159417301
8.831806617940531
11.189585262678214
23.102347567774228
18.99076323559617
7.098521115180333
7.68522519450925
9.77974775322039
11.254899995879972
18.444845831299684
6.572141075642041
12.965631748505968
27.955277466667713
19.080939451423255
19.65719794271918
10.923809862345696
34.34224601628168
13.096918429802768
19.080343708887337
8.391735507735975
13.769163659083734
3.3713115265582987
7.359145762548048
20.25972225200813
20.173795572605414
13.436180775325408
12.390831971697109
24.768127532481454
6.496042817233573
5.610071928760475
7.5185585931552
14.609766034965872
1.817752782632528
13.006083350207588
24.79232272161161
30.850677666962586
12.609566360326806
13.749982351769207
4.432237464803552
2.9649583046677943
5.224917247272869
3.4779780699750473
4.771147676733158
17.061999364824846
2.2103347667377937
18.81347661507487
7.116302040886766
14.559999928431884
14.890600979217377
11.384784920800628
12.862054635431743
9.845965104764568
13.75347967500081
15.339885916187006
2.9427912340886397
29.967376098546936
20.431933841752084
17.924642876362448
9.088155804794358
20.81361219184566
13.466136315923535
21.37701616456232
26.990178316027503
16.71238185985658
18.933573018742756
13.41346575660098
12.003024248681552
12.875895057032007
9.968997185796544
6.469376414081548
26.148509064705497
17.09804134575501
2.596814140275686
15.714255173210775
5.662148579941182
8.319059168222065
6.349062911480364
20.08212678422177
22.979978076993454
8.758227685831956
10.61177714089588
16.45611860706979
8.47902518253616
7.438837120270254
7.737768829359339
4.621465247805167
15.763480619777074
15.225443557093728
4.456289666859802
16.907671925829256
6.5707183253261086
4.0324731388237804
11.083912926383437
4.150023903258834
2.7899158636292443
17.51367206765903
11.095039682655994
4.317253059591623
3.4276254269863693
11.068949557949496
8.071420094844921
10.367344233159633
7.025538531885508
15.250969536451647
13.249052321715451
2.959306553470258
5.845368745607528
12.96540850459998
20.975523473125165
16.222199512864954
2.624349809269502
13.773433094492182
19.73376058931288
14.935665615004572
20.50599713624235
6.123562564147078
2.258204864140722
8.135214810338478
12.816658705050193
7.317374323253668
6.306713926740369
6.039536118233856
15.847405519058055
19.614774075859565
8.742148555631198
4.411096423741869
7.808215102448323
10.997331103004791
11.710803662742089
12.947558398598709
5.785456085248083
10.379365433394454
2.0593630853220994
2.000567193477284
10.854347396570422
16.026800230494832
6.07311406765881
11.631376506081839
9.537641901295292
10.136785040020259
18.44674696876974
7.7261539358730555
5.489160581503474
8.643382017682624
4.3904370407492594
9.933085797523182
14.276137191217016
7.895812640635321
2.8800892392064577
14.468901749869225
11.48151619128162
11.775354872261898
13.215912833298257
10.296252702273318
17.18723429243529
13.29698642055484
12.442830199291299
4.606383114468031
6.0404327522220465
7.409744977489498
11.12330708675075
4.802272146344316
22.926949579276094
17.74738146433546
6.148600924928675
14.485372944781274
7.718314992084046
0.2763102584417044
7.670328861393321
10.957203166046364
4.7200098576661995
4.791806783862785
9.93928214162552
5.673764710633361
12.704772910884786
11.215232234730484
5.694892567074006
11.998547015491264
7.45809133589626
8.968485653936105
6.074127440112615
7.428978461292364
1.8173278299320472
9.574153299360217
11.60682788187644
7.901145182271004
8.205186115896852
4.754085196397265
11.481601896732585
10.266870870544631
1.6853985465497696
10.503094150621065
4.682013657345526
7.4615730583252065
6.0023740569826645
11.526349293920699
4.929727579398566
7.2341793459853365
9.236463971985383
11.958353185754483
2.0512582411282256
4.225771857735052
7.769495436166345
6.693125860425583
5.209417851702114
1.4755066960646306
13.496004178996829
5.990237895554593
8.597861905883327
16.42800550342089
1.1938333396390555
2.356063123463271
9.125188668023922
6.913852997098753
5.999112730953508
2.3180262311478406
16.99045728494756
15.45270322980167
7.447337354622822
11.454709491135137
7.498002431351824
9.83417040837591
13.317905674729586
18.496682500935975
5.968230245839138
9.315532460583528
6.736986546221091
6.1549576885777135
7.46216399962106
3.325910606974641
10.459419124783752
7.123488415549019
4.151655605350226
7.60173482565571
6.483833767153702
11.157789098310865
5.057402431956476
6.744718946810577
1.063092162039348
6.888009915411257
8.113178951458929
2.7482123775517513
2.8409299839410864
7.368476454447581
3.7620776013754464
10.401165340141628
9.756039928463915
6.829893159753599
7.30553899485781
6.285255103404345
5.411387703973903
10.552658265696056
4.5055451750912
3.227572311042749
11.491877137456173
6.480915600937375
7.337005004568164
10.255582473891652
6.604288305707231
6.888523473333263
4.891652944781353
13.07914820295922
8.301520209894639
8.300974170497883
1.575135478078331
5.924856241002703
6.528501642348029
1.323641804819355
5.847196267149472
6.595672883082492
10.032215890304526
7.384307918812507
7.381491936518231
8.623409479864577
8.139766118843122
8.497597646298592
9.033395125528491
8.553709811324671
5.065148691817927
8.505198748617076
9.213816924080392
2.685689140894548
10.873205443044636
7.9113087025083955
9.268956249714675
4.273071185480886
5.303224273623936
5.859038762855425
7.429085968578568
2.9082306584197424
4.553516219808509
3.8878595681073
10.838828823455186
10.1983438718844
12.011643777344796
9.464424111796626
1.9949178080544339
1.110323697906832
7.016620580780911
0.4744724928481953
5.764007663494027
5.08229432362689
14.299774165915336
3.912079223568161
3.115863956197781
4.243871136536501
9.423514249015057
5.582142397258634
4.679087820129867
5.122071534362733
8.720450246440071
10.027304519258319
6.467594354801137
5.901708015619485
11.234118944046115
9.733005754420006
11.95820540992991
3.2299070959425618
7.422205037854916
2.0661207902444807
4.700122190619483
5.381077053105902
5.134157008371283
0.708157817836256
8.865366153208258
7.115356084176173
5.081603236889764
7.392503621201984
7.551765351162374
9.622521559490913
6.854701905336779
2.3717223554423486
12.294873152643824
10.527000825151195
4.626942589720921
3.3104672963684885
7.981241981440127
2.569347222070894
8.3680535903201
4.546402619800068
5.671881650887484
9.698502539683584
5.3050760109842265
12.99605763214505
5.373551017063972
5.128335092064016
3.371348420833332
4.338021057883637
5.379716223134503
8.91540231031749
5.270345482497515
13.07361020532757
11.789905213115448
9.728725563141941
9.358482913686327
8.462564547506227
7.605304728174264
7.558063585727906
6.990269135135434
8.546565352330719
7.51182163254961
8.728822314582253
7.603012519039546
7.455688936538372
4.776475610485262
7.3606263517902395
8.017565202774643
3.147094200497234
10.038056553812696
4.841273644875289
2.7810875854651638
8.42090189689052
6.405876348360536
4.66527267336204
12.067455165543034
5.28566629290892
6.213410540634415
8.82288644802768
8.746118633473781
12.321875282564255
6.152032783449775
6.3436388828362595
7.2578992126491695
3.653158104297287
8.164340904393615
1.5570915719582272
6.835810143466099
9.288566712519549
10.078200266446458
6.162779947883162
4.041284975722983
5.982954094548199
4.999666199558002
10.52191515850121
5.509733372720558
7.592941671502391
8.254619126140227
4.959199149285538
6.216870970332267
3.563725678329945
12.23970477125276
6.588137906346952
9.776116593296543
9.024220696899958
2.1170173351619352
6.808018971795311
6.704711081392003
8.92094159272589
2.0321574259087476
4.296178899008558
2.904358022795505
10.504006011811658
6.216517633898033
11.903462080717665
6.030675131830014
6.950085073928884
4.944998744454233
3.375195767781955
3.6326372139023695
14.679287677706137
6.183551530547152
8.495838776863522
1.872455035044864
2.8191951511400632
4.793688782444017
4.7419186112479395
3.887520967502632
7.454468068641843
4.717000065705838
1.4035005800214722
6.591866789252941
6.622426814621478
3.8964632534696824
8.560503641189495
6.592756928644917
5.884417164140177
5.8869726012018235
10.889867714453622
3.081910130291108
5.9062979598132275
3.7235876138656128
3.646088594369585
6.232494835919251
5.5465085338382645
6.667434191205783
11.529060438060029
8.476217213256778
9.99877824546995
4.077204230287298
5.851270868685537
5.158273412039568
4.0624958999906
4.299550677715019
6.403945210218155
8.82054280234337
5.473484206707202
2.6687193273497827
7.444383503473737
5.211524358511986
6.866887362385721
3.504081760511775
5.414817626575292
