242.09619999999998
20.094615652094223
48.083686350475794
49.41117896718343
41.5166620630866
120.41405193599613
85.47732730216886
86.79342215666885
203.02359070710585
707.8273066111528
192.6200651369079
58.64714371969328
83.39658052415255
133.56389091546527
23.40211105491942
68.25005890703459
77.33213433253215
249.96564864320786
589.1083309698652
249.43300279569624
35.504947678775295
93.71188298125412
170.1948229553165
105.25607393974165
216.0739797340412
124.92900273670527
278.5244394166054
62.0922526660053
197.73262006706653
68.51833678014347
121.73369323470719
114.25397056484255
167.58013464795172
170.0812726431664
228.47686549910964
235.40314613489562
41.845217354316596
283.78820263004866
149.6263303250065
198.3045622832998
158.02320260944902
156.70648855819385
420.76404936821274
71.89471213103332
9.176911660868258
277.69336423752014
241.12670305525236
183.14442136020145
392.6112244159506
91.29927289140606
492.3016425250104
334.37000743287206
236.27243286405607
292.04290442254984
245.31992377267198
175.95276643134682
140.37458468826668
62.41806897066488
165.94296032986364
493.28486385421246
365.1072817235906
297.09587427482364
311.68092123927687
307.57736381210157
221.02680822806053
146.9946278896078
128.1406205818113
252.15594366124014
206.7157475880097
78.30511317743026
134.06521231326616
40.73155408972256
278.1126379343038
153.32212483647695
85.80087707267795
85.12791255770296
101.50219507712838
133.8999818068834
347.0721385894398
216.1820115343553
176.84099644537275
78.03496896358021
74.61677064519192
75.3320020574212
153.44427356003806
52.75623877600013
140.1106421140362
74.55176391193046
147.05384213115786
166.64405274042235
153.00259901810318
228.83866555675579
41.553663242686326
92.86347817762795
105.91588428554843
88.71059842479995
80.5950697872759
40.59035860743667
158.0037553395634
191.03372794998597
266.5711230428203
112.55369316102409
98.29920269963219
26.734631568927895
52.113918648765825
108.84048380318272
101.89105514479301
134.57483280378588
23.660259969190527
207.2841318475868
56.56835227620651
73.36584360843024
52.332498605912114
60.50733836059111
95.58565522345974
156.13694338206105
22.738573791061228
75.64114918532357
73.75817386571434
211.04334627372114
114.24919394605415
32.93647413231979
29.24524425602369
98.22461059841237
161.96119186680284
3.8190090994653065
54.64844165695136
154.95410035831478
86.83850120203026
18.72477395862052
137.8676409243791
89.09410498638553
160.96607778206106
75.97545554240034
47.58687560868084
48.721065336163676
93.1526120909698
58.05594487258354
57.25142440314861
18.871875336302974
98.7365625619407
27.708991812159883
58.767792134935895
30.724518894598116
22.46528348655031
60.78229732080632
45.73730595183446
50.38655966558608
103.31519689594643
20.088597042710145
100.6448594768197
120.94342010225968
24.54024104934317
107.44570995914437
10.478376061468564
20.800008989380693
2.0357585392493314
54.82570330628801
25.318643475022757
9.702834159784972
36.92263778226991
11.256192819751176
41.424492768753325
76.99703690321427
48.82560797913134
67.93727064646625
51.74556666255129
37.499836244820344
47.85314290660002
75.82888412980833
60.910434137841264
57.82035958983391
19.902775863072403
42.97749257092116
47.7994271891678
38.28383356503454
77.83832298020384
50.49850658991719
74.55173659382473
23.42788158763516
18.02633477964104
36.54054984402068
31.152025800166836
10.826485824039668
67.5150989670953
100.95389189378885
14.003916034340032
37.231632550485344
30.438911728353737
46.27136197898857
22.888976233501907
43.07157747943907
7.884441430542297
64.07509598905159
74.54970566466382
22.16250496546252
30.880773103281534
41.74810992664338
26.13499901032362
38.07084925353315
80.05718677433309
36.31121801168932
11.190881612234827
53.71761789711312
46.15967044353983
17.61030191421708
51.61025341799421
48.743288017971004
22.02577835239736
17.616307292572273
38.500563464925115
16.41256122652775
15.869718492284834
14.925480043559714
12.267788921881353
40.69590205933036
4.983720714893636
53.01810672139575
28.772616351971706
16.76405702174027
14.56409820419016
20.836087702040583
13.564186183429142
9.84991507572054
9.89197201249933
28.719545057413875
38.10153616103525
60.3331795389073
21.770591779301746
24.704211248135834
4.536273768792202
12.040596654785631
7.232299724828534
5.026986558355276
32.197549578449404
21.694765274252514
40.74484265406101
30.179793264660443
23.905612688049693
14.197119982938448
12.134433444576807
12.804222232818839
15.200501784654794
20.861132576799378
37.05352629147966
34.19648534142046
28.1227145132191
31.118123692416795
48.074634093934975
11.837064377010849
47.68227476573111
23.126498058485456
24.120534411853
17.143894988488157
5.819410188938563
8.37037195346819
24.261492269589354
33.06425122880139
8.497578264678209
52.66708749110958
23.5184400647744
43.923936699677746
28.919832923709805
11.33575483283663
47.97632991611269
18.505290826319253
10.371506451837305
12.974071900182008
28.942900783795924
22.56312415230929
4.294231809074404
53.87526095974844
20.29310703689823
11.758342372358907
32.34859498371942
15.101147871303318
7.1620162884917065
51.16031423880556
23.342837777850853
13.489664908567697
0.42983205491333587
42.17415887125985
33.905250441303316
19.09728377828758
22.166007162264474
14.318419711512606
16.376422511934727
38.93296295126061
23.254325228929837
5.583613461496268
27.3279463986427
24.010893187277336
4.327501431885482
17.81199879608372
38.25504525624746
14.563261217340933
10.933377793199666
24.451112804430657
7.85380691657849
29.51517828605147
19.93702102487126
15.418494295951632
32.96365134319474
4.919763947083434
22.252127281490086
29.76790004357028
20.09386908059321
14.249252018209873
13.17160044018004
22.205163262917132
11.628574908816281
31.502415539883454
34.06620308708042
3.2148995192565244
7.9170488667148
17.19208658135825
4.49738122895672
29.595678401333018
14.733635947611964
6.626729106651877
30.52800825968614
38.95401803666807
13.259256156943747
26.16785880895032
19.98430923671856
37.262481816175
12.63284347595785
37.870867373996546
22.59383421797823
41.58977637627043
16.406325117160875
11.105627638208126
13.992968756124075
22.412016013796116
16.153519984780615
20.72213216308843
25.71689844371599
14.783611371763403
14.74463303697639
25.33596100301773
31.876514499347053
4.558584176561355
3.2108660563435834
16.0786815953717
6.316936729784306
10.822101497569278
22.79195717417559
30.486110876148775
13.472131801036623
13.282469890185235
15.075797803002073
30.700607234524103
33.80598713080089
7.197552879730653
19.678391727870032
2.000841960226715
22.8618735888472
16.209323989223527
12.227851430911368
6.019668029281439
21.434734232586862
4.860936908790921
13.592217286099622
6.271245317579486
24.13636669469849
5.163092595416536
7.529439334047189
4.482998750844289
14.444679046334858
17.675036621120068
9.896494648033567
9.79135109839246
16.227837271191785
14.846554611711408
8.97354305208931
15.686937160861119
10.737760770416353
17.735025368027568
13.605140546197038
38.74403988710196
26.566275704772618
15.919531962840919
24.828812653101014
7.68816839339595
15.169850987923125
6.19843688772622
10.948568502944775
13.848590486527055
45.93134471870159
9.409191026132328
25.065112154369174
15.292663854246834
15.830801066821271
13.185918913993104
23.20880241619223
25.251240140161478
24.94295554790864
15.987647838738932
14.214665305211323
11.17277509430494
18.343976584954493
12.277100278190066
29.25300664124288
6.060147509771536
14.351419063215031
13.431258777125322
17.103905565449935
11.049912388271059
6.62455839422185
13.08836537974891
9.210771957792472
10.840705990440945
25.099405929257273
10.057776638967304
28.23575527454394
15.346033335531523
13.542074263324817
10.992353680011313
12.459323957641606
15.178732231047581
4.116036054428553
14.469650506855219
4.156736605719594
10.789492391820387
25.883337759132484
4.225424257490619
4.665026438100287
4.53938309578408
25.422952052226456
7.605368511236152
25.010125941287278
9.510671332231379
3.387669831001534
15.769683394692507
25.113513393057968
17.030591462892293
4.369700384520557
6.095809269009694
10.453559700096672
20.828362711359446
40.36153659616177
14.580974068256984
19.52641149545982
9.581286397801207
16.09197480195374
12.01815551940306
16.086335015880074
4.150508062408587
15.696577465868078
11.298447743109715
23.70900217949542
9.567211867299944
18.551376699849097
9.33310966909055
12.711018818373983
14.959806874125615
18.67867394185707
6.759789475299625
19.547162683090207
25.071291834751456
12.790679371896367
10.257021436066482
20.794133842145502
20.756583527897174
12.665336212164743
31.675606604356485
25.049713450379276
5.916643365148176
13.402873004970163
10.881580928915712
35.29766895480937
14.312503265247512
15.557578851848438
26.008637404200556
22.523583959420066
11.923796706818708
9.446054357298273
7.690131922728257
19.293185174070725
17.454229419795798
16.801639966725514
24.991542570505832
14.897802871753225
11.69610739397356
10.49547963509015
19.512094166098525
14.61529770102361
6.283358642686529
17.542676953192185
6.34365076985892
11.450514494777549
21.566801078061577
12.036444313007108
14.411068343333042
18.362515606821038
7.716251038872343
16.421889163544115
4.362357984086475
17.318343619214673
20.385662597838156
25.227027997914092
15.35092928372416
14.84019215544669
12.687544091737816
10.596814494809347
6.928547204608334
10.242206194584991
10.127806822758616
8.48027802158319
8.375691917313382
19.90567112692537
15.959535600282097
12.097206038015287
18.287802171124095
8.165827551793209
29.000851451185962
7.367304739816724
5.999106535304531
13.447183406896007
16.254272568308906
9.549587311563725
22.463194554057207
13.340170543727762
20.181113621450002
5.037008537252077
17.969640529292906
16.897469752643953
19.601733274316814
20.199769129828475
6.197915755247139
16.837061445569145
7.839739120529595
13.577249993229115
8.148845686788244
8.66599614800578
20.14201063750064
13.491341692858846
13.548769775528315
8.103874095227075
7.641333221704339
19.644025030874566
3.7867107079047346
13.233060614249709
13.192524833909284
21.459903697777442
18.933455990928188
20.242105701088235
2.0120221956448217
6.460467474026284
16.07110780951881
16.453291583379983
16.820618480837197
2.8057099475061706
16.693817000997697
10.303051699665824
4.282726049145717
4.276128739513512
4.66411571939545
9.35725774871928
9.44268613276844
25.161166871752116
19.88333947400065
26.11241725179982
4.3922258565162
11.271299346112146
5.367322361343812
15.340135880155538
19.14784934320023
16.447030478426296
11.646384164095267
8.7692325325307
21.820602302946
11.618534847078418
24.209921635073727
7.1960945118771305
3.820928473617171
9.962279188270974
0.49228068454745755
8.033954091922666
7.050444612028091
20.37313353641447
19.113312906137054
6.523773917200792
7.9939097078535735
24.099905854401545
6.832448746569036
29.87522641004296
10.17960523751099
12.01020854056405
11.389164623607433
7.607302667635866
0.9955914107638608
2.7373718222685817
23.522045063805685
27.254028560669337
10.30188901258148
18.151337320892964
3.3273430204581538
17.713275066877593
5.258548915199048
22.56048657193038
21.852942063129852
25.195679894394882
9.702183494270662
7.7866008204686965
20.99253563475804
7.5043399476660575
18.604263674355668
19.859768268560412
6.592393325941392
21.02607327226935
8.71031055468805
5.404395315882699
9.278231782223862
39.020187513782886
6.884405653568905
26.787956654096725
23.084302557187783
32.64270547805815
12.075858836565006
8.952837820095914
3.3438085141228204
16.697215274463815
28.797848819807992
6.2771489931517115
14.039412322325385
29.585883311668965
17.331729300591384
9.25184520533224
7.095796466141731
23.38866246505072
3.9141974808847113
26.783317532513056
11.181022167979966
15.625422686103462
9.964075556887835
9.351743032605965
9.578764869323066
23.19845598798737
12.808096542357106
12.538937661920862
16.82470922493526
23.871040046600044
12.725342567875908
10.43309947316214
7.047067685190336
1.848892499602064
3.9773311021052162
15.63625192893223
19.125603407819092
24.090095937667375
12.634752685754753
2.81991941854948
7.8906900304467325
16.613515833118292
11.397894739506027
15.324867882474095
17.65903981027031
4.3785292943139416
9.052723695050705
16.593574467657977
5.3474273613079655
8.427024281284364
20.055457237644955
12.748842161180162
9.401801597315627
11.258973008329752
5.595678119131907
10.30221545907473
15.158483208213617
12.818191888483414
22.800055055095054
7.263538606464423
16.202149677462202
5.035266936267552
9.794122968461041
11.631351123581792
2.914061991932785
6.584603617417661
13.051196728754388
8.987871206078632
22.837073063234097
4.190129546400018
18.572502068906843
5.430350411577636
13.843780077003037
13.036247602880973
10.138733529402089
4.602949978715462
3.3926121736473736
2.9983175581416273
8.84351920253684
9.765674217591286
6.650682084710933
7.641117949758534
17.223992608639247
6.488826010182093
14.149241643958481
4.215947285188899
10.540100740489054
10.152504622760038
4.052850347382579
18.125098818873983
20.829257553103805
2.4887370999503386
10.061785123681279
11.736466636225185
9.04696972277819
11.604721208356166
19.61250358448427
3.3783020086056923
11.642299427915717
6.56313899991544
8.459196336749873
9.056827855219804
19.225096453823554
8.333655455277205
19.598059326247114
13.33423738145512
5.024777921326905
10.610834603839562
4.166677903887315
9.900075700569198
15.705387631632655
9.371976240635659
5.122708547225361
3.637536110283019
13.29642244738664
4.796437272780321
15.333448834763676
11.159089908152987
13.259308023432054
11.97116362833176
3.858757640127614
6.618967271555043
8.457374380901582
14.462256966431868
10.865652808030568
8.761203829377417
2.443972497046976
3.113947163495373
5.6292347501322375
8.762316144158179
4.324739360540269
4.951850557374328
6.25652969715631
8.7079663743453
4.0806715437469245
10.053029199144282
12.906142551630424
7.335419896866807
3.345491004779952
7.394917370525803
21.701230879042317
2.9856011377630787
1.2714225770132814
11.237670708818028
9.34156836355756
4.958278340503714
9.712215987448998
15.580742679447724
10.02417864354698
9.994601777868736
8.096738241188628
11.415044904782983
6.163277880236875
7.312769634425266
5.539652765007484
11.363666047273288
0.9105374087756803
4.769166865925498
3.878129979980853
6.647308166192525
12.555377138881415
0.9253714988211723
5.429820687005021
8.967529206066006
13.047260249989044
1.0079683988261372
2.966041694629281
7.427640707450147
4.931323608074941
6.078856379856778
2.348203082036024
4.553651613469895
4.037661552399007
4.530050504821215
18.283338089519322
6.812307763770808
11.302250909912026
3.9332143647200835
12.99750743652261
5.27918609793189
6.805321938310442
17.997956695254874
4.362679402749538
10.543730988947559
16.543394847799416
8.116647674826483
6.858300475691749
1.677941250233756
8.420070128134236
7.348821780214961
4.139404649573928
4.570995060237532
5.290212577174471
13.706467879973786
6.827362672476933
11.22975536837606
3.3691019276415184
5.9697785007797854
7.091029323452867
4.581049022137819
7.572530440181991
3.4975952891364215
9.548924587066029
8.364423982512346
2.581410230143085
11.377154943487994
8.771431721416922
5.6852032718205345
3.8950594492785817
8.853744466186535
1.531988070411941
2.0496561805116857
2.064360683621009
10.109848219983395
5.301040054384058
13.129307074998646
6.474521378512542
2.0990154529290357
7.10727689246529
4.472509876266916
11.065471961224977
7.375788775775225
6.173877824735559
7.777787126359046
5.693494424454928
2.4282491909766515
2.6776818366714963
11.937883728357606
7.336576004623333
8.298797412826485
8.6885139583522
3.723355632527825
10.719349068463753
13.802168112693835
15.449584499429697
12.422976416535288
0.2437405643228579
5.351042790050304
14.994094799073562
8.87345897361056
10.971621030829182
5.11391890910785
10.586626652938762
7.100040299852622
7.0641733065404635
6.310312205553169
6.131989470714452
13.6534149770473
6.956716417957425
5.908701717418709
8.165131245382799
2.973770344102034
5.572178508680488
3.853698291163719
9.95459270894206
9.105572788948924
9.037976204214385
7.11121397850618
11.177945395788557
4.557176785796826
10.340368831728172
6.795900731018701
6.106563893633262
6.914178364697475
5.936308080367748
8.17906702186318
0.4468759193352756
3.809643233497503
9.020283733325906
6.059161076415252
4.679871688423675
2.4625384598527775
3.2625148087507565
2.826361746382008
6.805090961092519
10.943982758078759
6.83048734433106
10.68341377140166
5.636662498973247
11.134293218005526
5.296874711944044
5.8195671418843
6.2273389795840774
12.773483308963812
7.255376025990255
2.8398366910865613
12.402758532213506
6.719272449413511
3.7775141541431196
18.277411546585714
11.473666967753925
3.4947731296318776
9.375316235151931
11.153878587658655
11.962690085410529
3.638319054932062
2.3456891649716454
1.53406038333819
12.464628701747293
12.720308784103947
5.295300025665596
7.4870587262960795
2.554019161614813
8.255818607899085
3.6345274766847417
0.4542336699572052
0.7971449004130963
1.3996290535456803
8.31587004933163
4.219359074940452
6.7437821829036935
3.962337300447653
7.438668588833787
7.9843276605552305
6.3517072161810075
4.996469992323418
3.2677487820730042
4.9565720827690285
14.355811407364618
10.788354958180348
7.296706173579703
12.298539719706353
6.350927208493377
6.774650054406903
4.957619329003486
5.338400566336209
4.888103320935837
2.9957287715033933
9.352999552041945
9.547208835407528
3.0184445911174453
6.0607889879991435
0.8322088630623448
3.0113182772654867
7.974704525239375
5.160496472555261
7.23604519976743
6.607408155998266
2.199592583616985
13.963467319670762
7.687492156123656
4.419536053480731
7.679124027753553
4.0617058530786645
1.4982265626182127
8.631233891922683
8.267720360247383
10.026480193054883
8.608544244106325
3.831459812676092
3.633324093167713
9.537100115532379
9.713942037872048
3.978200295574221
9.702038799614527
10.505104460304365
8.642516265264318
2.984163620050338
5.195319340581856
8.679523987836838
8.368338512571505
8.73055585745695
8.550001928678595
2.2797366070800655
4.477530919173717
5.744170512066875
2.1578380657846363
6.622539975006447
5.422991411281044
6.729358146456171
5.325480394672081
1.2771079298238992
2.640461420355689
4.476519323983218
2.731993826552395
8.548511782163448
7.537467049366513
6.9992522999102125
1.948502541304559
7.19587894220445
8.823815435406866
6.983122757688198
4.184457611603355
10.031202296382064
7.1219247392915594
4.660411243956132
4.601697005299708
190.329
63.413547388404126
37.274982630898705
39.84834506303614
66.57369289009421
97.45148023086337
133.13958742529834
103.08179342415707
95.9235112814109
62.793210584890474
54.35150461071892
174.09163703775303
167.7510535999678
147.57123107689338
116.04492147645894
128.26490460250693
128.1930324113554
92.91839492558147
95.29879337744347
88.84562389411644
45.56586835596167
209.11273064125356
103.78853533855053
305.5197438708126
320.3676627263861
213.88778923117624
207.96052716155558
164.95716447387247
338.2320109429365
399.78248137749017
187.36578124259475
188.5843991738658
234.92753057945538
250.0890043197977
98.28424684939215
172.99995715306537
320.9812568377517
141.53178868842863
41.616288654520076
462.46296097605386
252.19964371026123
383.51711757382236
321.1904202917513
105.94651029592387
405.9866215994392
125.0438291339136
47.07900584798951
180.7196618928605
30.71597339198052
120.70631793948387
276.92354260494363
351.36762506313414
345.73380298696975
246.56112137351448
104.27198710912468
141.64905544732193
137.9196287367774
135.17231638538533
246.01678071829002
364.10302015704633
101.58147409805495
107.1719970313191
259.72315691066314
354.2006440240629
56.27516160171319
163.1132489268563
324.29413764287716
63.10862343586318
142.61982764824367
293.3868542934335
93.9015964731943
118.55640764346097
244.51643949320524
99.60548930224122
176.58736993466653
148.91364205222405
313.30394648757715
82.80890141336197
248.68855141868926
271.2664882517456
155.41641142918465
173.7217627022234
104.32563566691233
181.48561738750735
282.3259035333554
88.39203164252332
155.13188418994324
78.9673334560943
19.400214349740907
55.03469772983378
95.2204653413655
64.02270667363368
102.30692361351376
179.8061189106247
136.55468433261026
169.38054767365193
112.7278371487414
99.43597742195256
164.57971787518292
158.03422240971082
310.8643417437018
55.31784766317976
113.40082774773613
192.84761545670682
61.800706005367694
100.7978787999287
108.3242175400076
126.49842968240813
138.5344870049285
41.505363385922266
86.31913513556192
137.77772319415487
82.01844975542562
63.28741212870446
105.6136932335741
92.87915456308494
105.01540418904119
68.3974845027932
153.17019427318638
67.62920222954058
11.418670082081022
196.13470822390272
37.776433316632655
77.96273125440537
35.119596646242485
67.8987082174174
35.73585773225307
50.747882804853795
39.84315128751164
18.45376410860087
33.48783590315857
87.61112710354917
82.6928462579271
52.928393201281324
53.21661190868125
60.47447380865249
47.360963870555246
58.011418943111096
14.389803944178395
57.00223632371376
20.893146762340955
80.22475657991176
52.6047622132354
49.071225103944904
54.82444410850251
49.13534657333719
12.178236437218425
92.01128166110827
64.83736709782983
22.76316426209417
43.03751399527375
29.610107149018866
56.13208362078056
35.581902585643554
14.169309986563087
20.98217067567155
31.57823329838054
36.041562028001685
7.5678236273366375
28.88145978025908
14.048036295065312
43.780872367930556
12.323383177525074
60.515397478820795
25.59294538353243
61.732502979475086
65.30749322102596
30.546372806620045
44.20736892807135
30.90618955168567
61.787066185720455
43.27244873231785
52.89282181233158
54.440970024072726
53.27651689015367
35.0430766200381
50.14979581132745
58.497547151188336
56.96966014983667
93.44149626574313
7.226319210171837
60.64693760853564
45.58379298662803
22.269252252819484
15.170912143921958
12.415700590929466
12.462989559924623
46.899131970217006
14.389673140931153
38.24046882054499
27.613332834256486
30.810318445442224
20.803006553410064
27.676184408808133
22.360650848299116
26.878213757831446
33.59452537436945
70.58214492466765
17.77889646982317
35.35703462529789
73.75290575762963
30.83263403714457
13.55337352870097
14.22327785011147
20.781434537972533
18.16817612351198
25.856561967541094
40.532737112663455
23.452838999600893
36.22714647066676
24.01534096822123
19.872835200622266
36.217870448782065
40.809734919245415
24.80426298123919
13.128782006909017
21.953305097924233
22.53385471728989
34.00168408140282
39.149526099335404
2.6534319305610454
33.922402991580974
44.281058452477275
18.776391645034423
28.649799105547935
62.82425557473495
22.143719279953732
33.07586000098541
10.402337598557496
19.364153675544895
18.84958334544684
23.731034720306017
34.46065588441876
12.43296941054868
45.29142899366502
29.59581041193536
6.316980742003594
49.647816969583815
27.241274883027714
33.6052961776372
14.256444346568497
22.457979335523763
12.786772270588468
29.563353561049606
31.17920926367984
23.264588539990648
31.15282080180421
14.31590279274881
29.1480592920071
19.329262497941453
37.31908033603429
12.33407648027552
20.30276681582177
18.94251531252613
10.921849248501225
25.887028333898854
17.36809388641693
40.09447788665597
14.746812780303307
14.814004187857448
23.03367299379075
14.969810257887971
42.593942818073614
19.28514836475605
16.17372014299095
29.689827679619142
9.443720372277205
23.01746812587339
18.049796320719175
24.9366208799014
5.925850866455672
23.469993993581458
37.01841894683008
27.727408062902246
6.6055459846265645
7.46994146230754
62.13672248179173
14.03193046933044
23.23315931984338
5.732988134484806
12.062758441995575
10.562309733297408
6.892855907793072
27.965175166291285
11.944880201217629
24.60213217703611
7.1228015168037215
45.70001088578257
15.95992345583775
18.31107815589062
10.337529179521065
24.602384297246548
17.739669842284172
11.495771246883674
27.06889305718108
28.23598732558805
7.113367386316598
7.67756730310114
34.3319343789788
8.293694715644325
29.407149935317847
4.6355066047182785
8.851067123224771
9.789789332474536
28.058308938762018
26.212894238404562
27.753154863448152
21.940403554858186
27.025397089895367
27.887496817835643
23.512025206273922
30.496206840936026
17.70426875333968
15.318430928476019
11.537148785712846
16.849246579769847
26.161048343873066
38.56051102145381
12.792972458611128
23.524195025702618
41.5817864214803
36.207604426128015
1.6987828532556906
27.19882035217167
23.492013410433337
18.575696183638
8.440484937085287
10.451743274421496
3.275481447874891
27.044229264143574
23.927281434064025
11.43447150319745
15.694660066246158
37.28623774445154
12.430303828968379
18.875836628436875
29.231592152375697
11.307135497439782
22.757452063596716
32.807044241705206
14.031145398470636
25.059781660623432
15.289903515472458
5.0594257004949315
0.9187401221798109
15.186200920206751
20.262049124700752
21.454532356178827
14.583101027715315
25.488878664030587
31.18354016673301
22.970383260111184
18.61319158909225
12.577105946275065
21.395582140610866
8.886927934117159
15.899287680829348
40.26365365021857
4.6324144532806315
5.029242080536066
17.97028115749
18.678913162828984
38.24028074230401
30.151302656550698
17.05780318499704
6.767766101528576
18.35554851578626
17.47123351731217
24.3574660638739
27.702486311075095
15.288180492956204
43.48341296226884
7.966185351416512
35.44145408089022
10.817868400849997
3.971793170744848
12.993178075185483
10.656297465169848
21.58232008829303
14.093008961482656
37.60151949132928
25.454872999652455
31.038685716393047
14.13001778674348
20.568248260312174
23.974027555238813
18.116689441778025
33.211690955672054
11.892197259392054
10.872661597552481
6.705714113166139
8.418480984803805
5.885027565613161
30.40426883209415
21.718060098600976
18.89104833371113
18.44522746062666
13.647528999742228
23.5991160102112
19.599053459782013
7.903093537785293
8.497283514309057
22.81647977772281
20.924505632596958
4.147625850463371
7.954027331811622
15.002066839840952
20.022418310604177
11.481514335847658
9.177047145297392
14.538873204068537
18.396835017070728
6.236991449912931
19.405206445370034
26.13628455929016
3.0884942714925296
9.801409567669149
16.193778339464572
12.907952096363738
3.8232845477970074
20.727210027700067
10.59976953562424
1.6681122740189889
5.987994783329872
26.807928097493214
10.23235967402567
10.512915305409846
5.897642479459668
9.944348019332615
23.03995519245837
8.96958986152375
17.653960297153407
10.479661993035936
7.752146996883786
17.03305885424056
7.952031439811079
24.793603772683593
10.426451434241464
10.22452593512027
3.9471393107812696
23.36203587382972
13.800523280623487
22.504836498866016
13.63110435049204
5.969152093067748
23.914642985530858
16.414044910307375
27.235812913241638
41.45545004091141
17.186421086564234
17.178525411421106
5.783043872519254
10.949895858091315
19.190633676843035
22.173841571394675
15.018562811276192
8.241001743505787
8.757164314151822
8.110212779243394
10.925961260440811
13.388760948919185
4.977248031206251
11.322900768614172
23.08386828604374
5.849327402446658
25.614670818070636
11.78508065257429
31.00924231046969
12.229677647999278
19.89717035198476
11.37919435621846
15.308753582422035
13.170693671497805
25.02232161335333
13.87686061949635
11.348458465713836
24.873401372294097
3.956829629878707
26.241150841304897
9.04249590389459
19.98432082345205
8.27931948312039
15.123595220408628
29.504619657095617
17.33309136485249
4.978604273703341
16.827582920603586
12.53849836179716
17.936693560060444
8.965062831875802
4.522373712221908
13.432458831471335
5.025939451528487
7.971750753697781
6.256774218186463
10.480492613344058
18.785782458849802
18.183846397413948
23.600640711254812
7.322872597560125
3.1352611838598756
10.000232368087001
7.147460709433332
9.683869329862906
13.343935021377064
5.9553873257976155
8.353754782467233
7.243773976960765
24.81491281811909
10.52884768771412
28.068594733943897
11.244592200107316
9.30131890209615
8.948361227849752
14.086327696685698
12.653382707699118
11.41826285217238
23.982566619517613
8.735006970838963
10.346665828366195
8.161721029686522
7.926498284240527
13.943405323582923
13.003185335895898
10.013668835149787
6.427075287128624
4.0336385826747225
11.990912823444626
7.54786740950135
10.571068247603087
8.615227800258891
17.99011248944388
10.171180663517214
9.687554042784788
8.91850901632978
10.51513615758393
7.315810672029013
9.792941938557385
26.00908586901033
12.699287628645118
14.858966383668724
22.547175509840326
16.598418984358293
7.262337724453478
8.598511420899491
10.200013695629933
7.103797325405936
16.011896008064518
3.2429425600244555
20.427607766962307
18.40824612582663
12.80745912759092
11.168090547062288
5.17223697358513
30.415768197030825
5.723770333567034
14.405685191743453
9.981798986277608
9.376466986909332
2.032515946453521
8.294055335245815
20.26594875522279
18.69719396489257
12.136218473212676
8.933705132701466
21.711952557396526
10.465124811108126
6.586010157609398
13.020169770632219
18.748020356987496
6.419269623906863
6.054191789429791
17.375569202331096
31.17249375816662
15.833237614447578
16.64693499194687
3.656237464281858
6.800682257700523
2.392966556344455
4.367816839249762
5.349677343410381
19.264641062970288
6.90653480910499
16.63846028297621
9.540317257983657
7.782108259105662
15.669458546078612
12.969690364947141
8.231470495131083
7.879510173912531
13.193869353853483
16.105348338753426
4.333557419011595
34.83496027102727
19.965459599569044
11.749246662306527
4.565233966876833
11.659308028291896
12.98809754773326
27.439628432387522
18.63664340927235
14.05897511943421
22.47068736008384
11.037165742791792
15.182808323168464
7.563979352787298
5.759097745806316
7.349146300849558
28.26821507338224
14.909633509948334
7.2452956165464935
14.68318584861568
9.583454529951709
1.465056066591949
4.0289337756687384
15.85802274063336
30.464338935936624
11.182927608579474
6.991911890345596
10.07624206929675
3.792967029072115
8.37947927252686
2.6616347803335896
11.194865728852125
14.87929827355482
11.208799234033428
4.610531152103548
16.68052462725407
4.078954377496653
4.256254229271515
4.9593303139298754
2.0657788361696485
4.477859604435851
11.998395843645879
4.767090379505328
3.90223422084773
4.68501874072285
11.35810516506837
9.930428591319211
8.554870432791914
4.4687125792080415
13.892403194402393
10.730033805666416
5.56451760978457
9.135065393819447
13.33699043518549
16.781628228746342
18.168740571611163
2.470373154888025
14.867654746464355
15.512845309394065
11.131836613252913
18.565650968922288
1.7594795246328634
2.4537583736370796
6.974011487566473
8.650327519726208
8.062095097962104
6.721140774690953
9.648275703050789
11.226137204119153
16.156944352298325
10.344383837754037
3.4467858650381142
8.999222379995317
10.613909932716421
11.864440224769673
12.936195403329632
5.633503870806156
9.88668186584761
2.1842858538107075
1.637458834379582
10.67882501680631
16.642677628574965
5.621143941877811
10.325732097631949
9.549862727211504
8.935712069692132
19.84781775686267
9.589548021578157
3.3028171804602295
6.071120637746966
3.6362094730467773
6.857415485841466
13.555129362057935
5.051234976564997
2.7723396876536817
17.319517461219174
9.189437177593001
8.977703426449022
11.394597892732218
11.669009682134666
16.621596761369428
12.910511408714575
11.326631199549983
3.1328718235947024
7.907238651218496
7.146977698638823
8.473368109100438
8.247759148451083
26.197075456884857
14.159671851603937
2.2067571811116045
18.72757766129754
4.10463653216843
4.804908357658211
3.751292379111383
5.132986682244934
2.208219229071549
11.48957179646689
4.720738765394696
2.9424905464551734
10.844232071834243
4.713847768307043
5.568073347793338
8.862357363589286
3.4236476580355775
5.821370476616335
8.05832164280545
6.822298706532785
1.4060822527716281
12.424023023033955
7.278278676814534
4.559252333125082
9.14775208636257
3.1579799614138597
4.590602586080226
4.07387943543878
4.110220172926084
6.880971803316167
8.273021687943915
4.936690990985064
4.003481016010095
9.976794216792698
2.4383235079504475
8.998527436672248
5.9233993740391675
11.035094702870968
2.494821653112766
3.1158029207143163
7.80095193285581
6.899775832260115
2.7282542739837123
3.617523943794504
18.066168843320128
2.118795482727404
2.316882840926359
11.283942510144128
7.158551079482569
4.665349905993399
3.357167867134628
5.475677236316267
3.8333461090377035
3.9218922565983534
17.297350273936136
11.033787653559857
9.97969577874631
6.947051836625526
4.18287838525101
5.8199988018788344
9.99038406166118
12.517627028491095
2.2111287524203482
9.577008932018455
3.8987041381415892
7.086553780489635
6.664655012662381
3.06085172524369
9.617104669176765
5.666416480185592
3.039664857563985
8.285216007195501
4.8384195252078275
8.557914548916644
5.23320175731144
8.808669182594269
3.3270820792473916
9.576485059526858
5.963822728086794
2.688816488394152
2.559341871098755
6.468158912471072
6.935820414449885
7.532911605959783
11.05452525988961
9.229221427135059
6.2244066928493105
5.627037897358612
4.058461919350908
11.95414005328632
4.3823377546123226
1.9494151493499388
12.487302382069345
5.027819356424131
7.979385632192591
12.061118910979712
8.046829451341939
5.0388600654288425
5.3573671014775845
12.149576675793401
9.65878039678882
5.946145489733786
3.0711525251458145
6.092950699802296
6.883758950195292
2.753299945079457
7.59318387191996
7.478980141865595
8.490415925722369
8.007641263784363
10.984951673118667
6.732140877716675
4.418339444188217
6.969379364409015
9.395094666334174
10.376505497933943
9.34915592544736
4.8147366903288065
4.947046310238322
1.676339365496623
13.453180464632815
9.493462474428462
8.478152730465705
3.2345749939340886
4.470344211912911
3.4302890302025015
4.834871022493462
3.138466884637566
7.540914992889182
0.935116891516274
8.233336198254763
7.616630454748843
12.18115240376388
7.753835787457115
0.5752422120225248
1.5884338873288677
4.444550417240805
3.3789130000260434
3.880026245011618
4.202228665223948
17.766974123621516
3.7655263233671277
5.01252702084693
8.206964961665292
5.450806861777461
5.787841273892128
8.12167555604442
1.685822419830505
6.273025685224318
8.47579078249932
8.576258187465577
3.7081504701325154
10.441174215536844
10.845548557007623
12.760161816894346
3.789015133447356
8.278738272833833
1.5379101201652472
4.374790854937573
4.340488700348357
4.180439389991053
4.694887921662713
12.238660768961537
10.42441721810547
1.6968496816487568
4.163670830740981
5.955281252749206
8.480639622746022
6.40154277609433
2.69379709642861
12.695053127128338
8.12378668488336
2.1344404355758555
3.0675080907676424
7.4414069647759415
4.588127984111579
4.727174133905908
7.3210501171242335
6.029485332681295
6.623950069263433
7.036377534426558
10.726082614693071
3.838948315725542
1.7986310674899433
5.189390094916106
9.172666008912538
4.859516429854762
3.1043587226174916
2.7359674605946713
8.364690090344705
4.0602647560718275
3.019830238075115
3.261632511537077
10.232229774475677
4.976094085200082
4.0761935607163435
8.842566213538792
7.721514641379494
7.280579159714533
7.664427832751719
6.074396608455859
4.831781825431986
1.916604360692918
9.54895579766267
6.383470806443429
2.6137492503115722
8.452039192533354
5.546782734828563
4.933816110827777
7.107260212065417
10.358126519222154
6.241506357110373
10.142294401792002
8.849061314504935
2.316167423810195
10.124111241118639
5.954697532735477
12.573193028262772
5.6326900538780595
6.231678460392956
8.198090124195778
2.0965807240726266
8.550242173158088
3.532429060497337
3.6082533834211814
9.004136980723416
8.607753509141693
6.731813062607145
3.538675353986023
6.128946321954221
5.784819938648778
6.69017830862918
10.271858256358632
11.746112256418929
10.502596855186148
5.215274688433193
0.9018514357351648
5.2648516279299855
8.877137986713635
9.021363730472492
10.774796367438531
8.223970983238486
0.32523703713895624
4.167998382441231
3.626527747253291
8.19185000289064
5.712995732748492
2.1039592512806524
5.847649830470644
7.332786720381942
9.716609634354974
8.899085152965565
4.515229421827551
5.9714828515888305
2.8453316561612048
7.222407465753395
3.953412524423968
12.659016056798801
7.3234472191914834
9.15094740444102
1.2746551424659534
3.0513570633678277
3.163964518941725
1.204529541314386
1.612352256478431
6.926121243935211
9.463097317414247
4.748912084182396
1.0216201787264623
7.606023398406923
1.4489564807307338
7.161316615014003
5.225169172555261
5.181120201267172
4.875261910101663
11.43250609383757
4.165464238694935
5.15552708840266
2.94408424878275
4.866982756739208
5.042232336017588
5.9788426051144805
4.540657843318772
7.605163380448307
4.850383618121405
7.098789435587027
3.8185612670551463
5.780335192755561
4.462036978674438
7.881042941080324
1.278553934689762
5.479400093769724
9.383233064858507
7.121866249730133
4.499353690196191
5.991267491826814
6.556123728627083
7.682178271012678
5.790740225777617
4.303746481997008
