232.376
27.414985258890464
62.750214802557714
51.78355624564822
170.47804430756233
640.600520438083
322.94166015670436
232.85784024662985
300.7051150251638
400.391639695144
499.8395609428672
608.9112576125991
477.0321047292381
150.5822225627649
380.8093255024624
303.0981046599565
364.71778950578147
287.3559232515301
69.37684651431901
256.8325991023516
135.53064733722758
60.35298824485952
304.03060017759117
248.6312350221989
95.20927904337165
235.80133088033955
329.3906066499143
55.59045913160841
249.6742227211029
143.21783539009067
168.81380161114637
108.5074483115906
268.7360168673553
75.75151932414599
223.40910116177164
179.3472601714702
74.64244736667372
182.7957281477626
85.44045340196742
104.56652527208931
173.3830569915732
71.72573568538317
233.54051788313933
146.3603731459973
78.69003019800557
149.1280107361084
66.92004974501893
173.37275412327537
109.25054230332634
68.3613669429741
478.21960844414764
86.15342771970127
131.60217663136658
94.14257578415948
63.15745425416085
97.58162632566597
176.53585265053746
317.7146369625547
155.81403445098394
172.55924462937602
107.99454908339315
82.53495273128699
105.45283782488681
244.45065855393798
41.33247910977096
113.49297275865887
47.35335808009415
182.78167504544683
291.13169899851476
74.23073570380657
109.49136672417137
30.454760453805505
137.6040485045525
124.1220217124272
273.9851992696603
84.53825400718794
136.24097583959306
18.23090505891669
94.69333851850877
85.21404523513253
79.33550423208563
85.13971757764865
103.52533414453936
31.362510282574103
165.8542050321758
89.87279814550688
129.47857258044687
66.90567095691517
72.3081376109891
65.75975631694709
1.5123677914192397
106.25197777584602
64.10916293926262
79.49855485526238
78.6222379207386
122.46748709040898
58.177088387370766
91.03196410449837
112.7109212898097
136.37641123527868
233.43826366754996
125.97411963110551
45.87498820609487
104.09389370605612
95.05030436621786
66.41549449120242
77.99278623915637
59.149700859281985
49.722028580128395
101.01549176467925
84.25398585655108
126.88292417677106
16.780454686447726
22.95129249895393
69.86424224251304
93.2990378992495
69.39062110254854
38.044375389813325
36.35060962861558
62.55493335147682
65.59642885298733
77.17800483249029
37.857012604249526
31.967859615735268
130.418119519369
71.5754575020984
50.70898713657152
54.70791612302974
97.9672801159582
31.38244382534227
51.59611849658126
25.54590838149003
33.17042731154806
93.62548100704768
39.066186907424836
63.54535064321365
75.83729795579974
36.00646366318587
16.859098854159445
41.60388653270769
29.78407311923929
65.98572800332785
37.24471918417725
15.125009119408537
45.690778011273984
46.789551534210126
29.01394481047236
44.64258666992732
29.23433733398176
53.085538532543666
99.99487164526143
61.60256308248861
41.702447739829154
74.619268834271
41.67589807634313
48.08828478010974
54.91512924113402
21.73814268591966
42.996266838450104
40.283830656258395
24.46035312653739
25.79177616687885
15.284629240973459
23.42211517246604
88.66059617823109
8.779180133629241
75.83036054115952
34.402691558792306
25.972782924298233
29.006570406052496
79.26690173662408
16.11481160049425
4.185137273959674
10.454084174352847
67.88862669914094
49.88934342859049
12.858280654058827
37.13744216009876
35.81482955450818
25.209718934430647
62.92000104760969
23.988920297711154
21.028843906272698
23.443348344462247
42.167344086849276
56.077580206453206
15.556341862783784
9.154522885648777
29.38550212628682
18.529590042799367
26.424653323870427
10.988289134855593
33.02965928737476
6.394941391026202
13.331248027794011
25.80764573890073
5.201464410042989
28.72174033481663
42.83085863213765
31.78216365446732
53.67445713980935
26.90761647390642
51.07827153222663
14.753475438464461
57.74830372441309
62.81118042308583
29.61510038156167
53.496125673598996
28.046256640409297
14.061409922224634
22.284204337790893
32.85212111035791
66.50937776945563
23.776073789100625
40.10141897981144
45.1749395218285
13.754237156834206
22.614201659544822
25.08938654375831
82.19227240252178
47.98673400560389
29.00911788903307
25.59880332150306
43.20984600113984
28.286037815873698
71.45074463531634
36.251994453226075
33.16402528424607
6.4187924941452135
27.41239454593418
21.485977630727948
26.125308933948595
18.00151399389661
32.5189873652143
36.863151786722
32.65946444295007
26.242519034759745
20.940271102223015
11.916582270434064
30.264829526713743
42.07334460935335
13.916320352857719
13.389974365482482
29.001724702128875
28.831972985960114
25.527330101913176
11.0697911414293
35.676976283194705
9.135938305746325
5.529017365923463
35.93509281215659
69.99781770260404
6.049492938162757
7.399908338742184
51.66631484007675
27.75383607479227
27.68129316732756
38.37356924621745
6.474045190825098
32.599886626696865
30.986215357840372
19.120066970494936
5.167131435849018
17.617441910122416
21.598339253935062
9.956480480925604
25.006098394752183
32.04102286888053
9.229814081780688
28.06987165655553
28.113354784284155
19.572124702154163
23.03645600049677
23.650488787696307
40.46784375847399
21.70751115617133
38.208961930059424
14.4922675359447
24.50344625152599
24.361895126277073
32.39310138610186
24.469402715068714
16.52927550575386
40.734388098194366
16.08149545352977
19.481864860387894
15.382787453805044
22.019808406878045
18.26067261204889
20.77063056120624
22.33739744576943
10.718502206726622
13.341392644515858
2.532145990883358
18.50809056048977
11.879419739304616
5.913532632189275
9.511233237540251
20.34541704538043
4.4130450851551535
26.485826929570987
4.742413357157454
43.29543948832441
5.622041518032112
41.293542311147895
8.1882366099744
11.053758515125182
17.88667815829503
35.71332565623622
11.71399372257828
18.16617374069303
17.903497671118277
36.571541984406565
27.502098202713857
32.397291684642816
21.63220417626839
6.006395094078388
13.470602009094764
8.79657669956936
10.707704114117533
40.60096936732895
19.850294584477457
23.620695450700968
7.2332712775592745
13.46342971478686
24.982780026163997
51.642558929866226
19.61465829619094
27.263548357202332
23.157207284512896
26.078180444548394
19.41666537901765
29.37348182556658
14.678049308200082
4.590810891368877
3.9835313175698723
15.37862657164564
38.49055636909039
11.373370805373504
14.583457870444075
30.5285569687283
16.295003844573735
21.404411807591902
24.03241346286098
27.195752456010986
33.56170346563728
17.185785963788376
16.58608849503588
15.548666310277365
7.123522473381987
48.11509731967675
16.559282889532426
14.411177094558663
10.940825860744612
0.7400278125487313
4.667065932233032
13.633839924364837
29.326166168130086
12.162243968968415
23.88100247710309
22.02540830781923
23.31998165396196
5.792636954754924
16.627782476906876
22.785239636746635
5.100248564703607
15.96807459099143
7.865455257462888
15.84643635004457
20.76208568669041
15.974668536132171
17.133089080866426
16.399318724788642
13.826479868943466
26.92605228123435
8.005324139823358
20.242438089142365
11.788513319300764
27.09107905526417
30.336670209460642
26.58526277749556
10.745852027480066
9.938282185056167
17.29271363625279
7.936327740824009
8.859283211696908
12.296273294092062
9.98387128909944
21.387194447654274
7.456655426221848
23.44513080816912
7.258836505046507
20.28080096123843
13.393682877682096
14.406054079248277
7.665262676814138
6.108717323964547
7.925429218632228
9.831681477298373
34.35254922735022
11.691343140203037
2.813126517730722
11.863687702661345
13.05946891034338
11.163217896466554
12.005959116524203
19.361382241508515
28.5840725346093
9.89207809422588
37.35844278520949
10.654935859015113
2.716771776642781
29.953344734651
9.9395156268223
18.70497783478324
22.518302627317595
9.721145347497636
7.039400729758864
33.849207539573804
15.64464872226027
10.654476070771608
16.608997023343072
26.532629032718717
10.72483083984421
9.153936170313333
14.181756607902523
26.954854056667585
4.954121591197653
22.5150574280638
20.008251475386118
11.429083431132803
19.6539763145776
2.7623682123064768
13.983152009656143
20.371774946729666
7.466611338803454
6.602959523253291
7.6670689862234145
15.48041041868082
8.078579063002044
16.744513576648334
8.937747394641995
22.714860735679125
11.09984893196905
6.218638918361074
1.8469794041159904
9.900882139364802
16.971068659991428
19.561026662083336
3.791185880403135
38.19080595575102
6.627416528007072
19.69522445908115
10.926250562093282
3.4193740162678044
18.656707345002484
4.323355677274375
11.157187863705882
17.247769693206035
9.023726751548505
5.027650575297761
22.473731714335212
22.011076958438235
11.58353084116535
9.256144807843661
4.752248834032518
18.365391509697744
23.22564192233531
18.31660413220481
7.389313828777626
3.2178709365841667
5.765614988489449
21.804495452896443
1.3174908743044087
22.823981537630413
8.390307444418742
3.708933836235438
16.27595270330605
3.3104865107351076
24.58984779968086
2.0412544641903803
20.305521562706534
5.216787661509166
8.825424923951825
13.160686705607102
13.619840966437044
12.143909457437134
14.086944037209923
7.107049493896093
5.147430598801505
10.473769403289516
10.560300226675325
17.353419690037168
8.773451131399161
8.286345630145243
9.211967316400727
10.747030034271152
8.909847372371354
3.885918811427117
6.856673439086003
17.2124947119312
8.527812291936492
9.842029132049728
8.267985353952865
10.502813974992897
1.2496453308532731
13.556066118829929
5.516867880757867
7.740586879921767
6.299611629486742
10.10054025836489
2.7674696299490873
7.375766832643999
12.583254389841642
6.786891849033685
12.14888831764895
5.560338339751587
19.402739108461677
3.890463016287464
4.6305100791799205
11.396648875840167
14.028981506698631
14.72367716397135
10.420161120684826
13.14108408279093
4.90527760139433
13.032881256597749
4.93786483439347
23.175253380629762
22.78431385197368
7.494834288466851
20.792352281031793
11.271242531773085
10.196289160006595
9.663676089197482
20.524277019147252
13.190533984955819
5.090526453879129
7.674875681942995
4.753485510313264
11.909893410917524
6.235318860887434
16.333787024677545
19.280409370112277
24.247763635455485
7.393634413411769
15.98737439727005
2.0829646753713114
8.281423758170748
3.3096204163036185
17.019468627797217
16.44545322450266
17.672948229236823
10.159737815032141
3.001872470392187
4.719412972320646
4.4755923040740795
7.391682746612769
10.174042272948952
9.265466544904735
8.077413622489988
20.149603348248093
2.9357801211017653
9.933801157737646
10.793903584045088
9.046539449135155
8.936523428471016
16.59252739960538
12.22688143173764
10.26141892495957
7.430004107112304
8.315738384046199
18.806215729017367
13.383694119326625
11.940589342730735
10.042890639455509
13.25125953277542
5.798408876636957
7.031353006469262
12.124751053540495
14.888484161109556
6.545343555625454
5.359155375978035
21.983537611508424
7.055553260444304
15.261460574229599
6.8664234227176015
5.315051863877115
8.837232382130304
19.590185266055904
12.506101336733561
16.346976062746627
8.674491353935931
8.482054564246058
15.298133204034249
19.067804005817294
12.038029131973243
7.145728510642129
3.968136105130427
1.8532430991520248
11.444365532681363
10.90257326072206
7.621899721240388
16.887786936545275
15.483678454745386
8.155363247631245
9.657026254216872
15.060100341672323
11.522724750476755
10.948371084335875
7.075994869320148
24.752480466546764
18.109459084095175
3.598387476566176
1.4982718205344034
8.123674771017743
9.667270358126485
10.287731293838583
16.300847363939994
4.819961883305138
17.05986666550136
5.986975138635192
7.766527781049463
5.871712368297624
24.560225240099186
16.552762136483917
15.423689717566802
6.128917433158126
10.388783120124831
12.71106908766413
11.035566557481909
17.669868969588457
24.190181440562256
5.357424042812474
13.114018494287535
8.479460734898657
8.397000802001406
7.003377114355928
12.077068277322558
14.726236094111844
13.55890976365719
9.385403306616434
15.09021011762078
11.025167539759488
21.82505047599305
7.21609517836191
23.243770957651996
5.39112326588367
7.529516309930557
4.648555758750235
7.5008965335199695
5.867652214904145
3.4885227721166
19.901298559651675
12.209028219244743
2.8031294000666747
9.300434439182252
5.272130394834863
13.663465904911314
4.186645673354283
7.112054054805886
6.474969632286695
11.311563048699513
12.29288572564447
7.849743039391564
5.41669468772215
7.24527915189674
7.9785866782193215
8.76187124603845
11.325710408206346
11.246113802067208
6.132184983230454
6.022539960176985
8.578381224504971
2.8425898917613353
6.487176987257264
5.670238479023652
11.26318650282847
13.167532726908256
10.064226081122394
4.553839425124054
5.667830501682489
1.470364951378529
11.2665966951944
8.009644933729177
7.3942537461976965
10.35510397162432
4.1157859272420305
10.736165027396376
5.126453847619852
6.060034126245065
3.89153632317648
13.147704105363944
7.6831101015022245
18.599030708531636
7.558928506244154
6.800169444177591
2.3111584381017494
7.289770601614263
3.3115461020291423
30.94885827609851
5.228763847001037
14.653754899835015
6.201858456284565
0.7543954004923427
14.901730924862314
12.479292413632376
7.274931391410085
7.4038353443745555
13.586178274524748
7.907248812696159
13.48864608333157
1.4279403267849793
2.1245731862597177
8.653297091259835
2.236182944487706
6.7256013780604125
9.525057475212328
4.7167829653002
5.918878336716091
3.029672595304527
9.472924698872427
9.086933747392745
6.33133787505908
8.133891667477208
6.260614244419443
4.98444866618385
10.24928943420563
6.352237310854184
9.113897440968238
2.371956819992048
6.504721217141569
2.6037646601599653
11.954880921931924
7.144877410908451
9.515859480072159
7.4822237604396475
13.25427796363481
5.349151762235104
10.52716846149071
5.558139361749372
2.7214639997850885
9.879662504012911
3.081561959799374
3.155556837231304
6.0597737512954115
14.683411058029296
7.195598007267931
5.972042295800457
0.8471197978123043
5.747702321755014
9.049236076947574
10.674595199943107
3.7607544532334596
7.104683828234617
13.317811790016519
5.98325798970534
11.468132485100146
3.578262721253431
12.224855331740901
9.126137390333263
3.789523891020763
13.008540663125002
7.7976630235721744
15.32438561107011
6.4562917228751315
2.61754979003035
2.83936517825919
3.5156949604568353
7.142374266661953
7.296409765936117
9.909422184524125
12.615181699211098
5.224216353549666
7.442037675528691
1.3311020870987553
2.7038581136375206
7.20572015481758
3.9083964015687
4.971597815145573
6.559669499991226
4.256859199406487
6.372720975520736
2.8848358295687273
12.342250305181315
2.7493692638549554
8.151174254711343
8.724620541680185
5.74182052461473
5.244901782193322
6.335715342900775
5.475779350891623
7.7996437479047485
11.131798628136286
2.0021150740145273
9.934645672182022
9.779323450227498
7.582722432720484
5.651619379316962
10.409414450425231
6.09789241857699
4.719358862281174
3.0619243642433136
5.573557004426977
4.87774306871851
9.53939907074047
8.922097234220308
7.853603548681009
5.733121125324832
11.07232899508247
1.4058329632642437
2.8319992364715407
4.17851060231696
7.928629796389991
9.480743166669624
4.911222292295325
5.293811886953163
19.432396832881757
5.361125241639083
3.2630683675042773
8.207789485726092
9.030303248141221
13.65300064936175
4.292513992150633
4.208652492073064
9.122462142552024
2.8130520307347955
4.991370586576768
2.562336935373037
2.861466974380769
2.5909514580503825
6.028060757191643
2.2708348904309474
2.336208464689502
5.372114165679465
4.946864447322519
8.969453121298114
4.748912957206672
5.440467023871997
3.523638315250204
4.4124484897261445
3.0367997951216616
7.149908274307078
2.5008586991799304
6.46096224945088
10.475272741280104
3.6977419919114864
3.5800761726216686
6.071307311913305
7.539029369667802
8.840511031472909
9.607526691523374
11.863835729064151
7.633365483958671
11.079851705420678
3.6079118203620593
1.5488184407113195
6.771778647998205
11.408015730922694
13.233703683052761
4.043143949089848
10.391115508710326
6.304394563300809
6.157606374188838
2.5518480313434653
2.8533411006492444
13.03744272354251
6.144656963259232
7.54441024075174
6.538405192733021
5.73082231059843
5.464651110460413
3.988837958984254
2.0835645360550683
13.026702997047723
9.049143389597697
6.524061464927919
9.156761121434078
1.6796787302482095
4.234528441491396
3.9805035882434523
2.9629230951616528
8.48796200009281
9.012793245225177
6.589719838263217
4.0848682005394386
3.971038971138598
3.783867904233047
5.935428188927155
4.049480209640018
4.636486423084502
6.548461516827867
7.839061544789885
8.27267238465997
8.527585260121624
7.350271226966607
6.2383549009237065
5.950557554300805
1.771947327317293
10.283234276232452
11.48059534538794
8.110597878889818
5.956632071866184
1.7472379041850983
2.0512392495050777
7.194487610420727
2.346801617585888
6.107463623885793
5.180468546278705
5.259722955218535
4.636295423694594
0.808041334346116
3.1843384128951757
4.585041735212068
8.3818485698621
4.209843127503176
3.015652196190002
7.230286666890171
6.5902406207901425
8.121921655963538
10.000939945468463
5.619453485323072
1.2726626565061878
3.383086562752782
5.9631296420472255
3.8964185309550854
8.070450541258074
9.56273889363783
5.958203002649376
8.539207832136547
6.825225942624418
5.6471026426624436
3.0801510449080585
4.2788272326533745
7.032643386611985
3.7172642185318403
3.4713895536027586
9.971523300782096
5.839379732089105
4.625342483145097
6.632276413556729
3.426674358779936
6.492819494439762
8.138791824097865
7.102539886887272
4.81856451610438
5.827349932117671
7.1484045029037
14.717744645575543
6.827260606382381
9.029067600678347
1.6769551090186443
6.126343305004573
5.7428789285044894
10.88234772823308
6.878074338143407
4.804338972019369
5.781337213984328
10.851919267357616
2.4672907148586947
9.699083290157807
2.3808318578190475
6.581941817120412
6.911847974281487
4.7689595031563226
6.093874335257187
5.258929098806932
3.6569287018955037
9.47126771548369
3.0897538221779515
3.609336648086597
1.4903932551556556
3.1383259217716573
1.309375839833508
7.358608847114708
3.6012573064689812
6.025155698392491
11.630339810563294
5.775065935535084
4.745900560355784
6.380883835244268
4.236961027601016
6.315038172054049
12.468969669795678
6.447331222432796
4.2680634899939545
3.764870408280297
6.509248187328173
3.8577940813542613
4.281820976484194
7.456508393536236
3.2478062070921427
7.850039435574205
3.7267081740701142
10.84152973866412
3.822909329259947
7.369579415826328
5.710832209187881
4.23201467199586
16.074839696553845
81.28899999999999
242.46028959285522
116.20993821655266
72.91394512280593
84.51364870838634
78.7435526249919
190.53984837808946
99.93857494227794
192.8723526307103
136.5672097080882
70.95759180385446
390.51545706319064
643.4307785157939
159.39342943147514
145.54261418670646
85.38811032702232
113.34071695133183
82.79628122057223
192.30960502048887
23.987823576720604
186.91544170826128
128.16797628286028
146.72027750066107
229.2855703119804
62.40201382552084
71.37970395326707
168.6227480144476
177.7277152818588
102.72666606279915
191.46327359173497
112.02903519373334
151.7725488805331
171.12744877388675
130.954465134928
196.33079142841592
92.45016888045679
115.8420299319179
174.3254386962426
157.1668773272019
178.6813919040734
104.85440228545671
100.00793090933057
208.71990522378925
139.0578854056224
164.57961391881224
306.5182922062658
211.79661591187676
120.79206397847331
179.0157372258282
73.86244395471432
284.9951993266595
74.49000804754014
91.42295914489763
177.09644716700234
151.62722966397112
161.30327263416814
147.2256002329974
223.9790397189096
261.88883700711085
197.83452021434223
49.53591119106272
10.185192808505189
118.537914802194
48.03692294691541
74.54745500434673
100.51737952170011
14.506050286117693
292.43807128859646
259.8878063306507
191.94204082807167
130.0675720286865
111.04914200470631
315.71893545833575
114.66390174230347
60.007434874911645
93.76049899963415
68.18144199952538
112.9490019308332
116.18588335174367
30.317502199492964
141.89867709688556
155.74362500874156
125.14049768278055
155.83529009293045
145.81322033631494
179.63508018037973
165.92703332478519
39.802833968642894
75.31135501183574
96.06030314815438
88.85352243596192
241.52323761018513
196.62161151125304
78.90824935502165
40.17041789256497
59.5570504607908
53.22296315374577
16.789525222662775
40.15665856199098
65.08827230426718
244.92143752077675
70.97852575381692
184.72830950006534
65.3259850739369
252.8944970298916
145.5408871148075
84.37410145209007
118.24681185861805
134.90758434165463
79.90159455451052
58.46729592128173
32.89208408548765
67.6592472558954
116.67470163387358
112.54076705142631
57.437538739878825
71.1940177766429
62.0683135043106
71.80491735787118
103.14214185663677
25.310180137657557
48.801987136796825
85.71287338122995
37.599452080365594
112.490168061274
93.66717329306869
86.40518652367363
113.340660836522
51.32690856386993
130.79038264462912
165.26236076502948
97.99903181034584
85.6135075386238
63.37890458143302
60.69875566135201
108.87082846861676
34.33606313998577
73.74224730955008
59.75885442443305
46.793091830214124
44.95323209341568
58.1241641116867
2.8974541503854208
36.76491729246115
79.39560382282498
58.75050846715447
76.69956777482345
50.002341146440315
6.864808805695853
52.6599947703719
42.772932246053685
30.888769990504535
70.04806442091548
40.47407142318955
51.284404453412684
52.63381011443301
59.946761868677754
27.7877169564896
18.767328032971488
13.878015120969849
43.56070449423115
26.211976326542622
94.61373473273119
30.833737990189753
32.99170424543372
40.97578419094095
46.75099002921732
36.39135990926607
19.37745493228424
57.825777330887746
28.939484233219275
58.0882150699784
41.11277413802969
46.508754483209806
61.056555418077096
31.22868485402254
35.98769693674388
25.53452951457017
12.762588989525712
22.68136895225546
41.03190959060751
68.353950883473
27.6292361811592
45.141644658570854
24.947341474104896
17.400656114298187
45.537920922006634
27.37739419625073
28.831045754320762
30.727000906282118
6.994226523544214
4.126633510565551
49.57442631716739
33.510281702174275
74.0512147486151
18.844220321699563
19.517919350608725
26.806193973680323
51.15508486595875
21.20998293460122
38.30437573279937
40.1222679328417
27.10191926847496
17.60888651144151
30.712234021700457
5.449799942648739
51.394128746801705
4.723623057660756
47.3604549182322
25.934972368652268
27.40633549035611
13.289789755143559
45.24950998806725
21.805984196547637
44.18342523576532
22.814910858882058
13.723496523790798
41.79612338165377
17.213824649381003
31.900218855648546
21.163831575369848
14.682868626704542
7.462817506695414
21.67735804824567
33.61981919374087
18.96392510373251
18.170860149923094
42.07650304502946
23.990697562811597
20.353493979999048
33.27973748938657
21.76431891569876
21.829290732787335
3.598329168191651
23.471227020697178
8.042614200043744
17.82942643911497
9.631354055260038
19.201285699731194
42.25499512821174
20.07270902067474
15.655112519812917
15.956259746618436
27.866822908623657
34.93982513011645
20.832538143177604
14.394153459077376
38.80569834452951
27.451696340287548
4.893638952216483
9.775952153209996
30.84869719092991
21.17452065971153
36.72812341789497
17.95528172458973
50.42350356524073
9.749249916872778
25.08536246901618
9.65835225625964
15.756201687138038
16.155823618437047
17.71106829090205
12.527404325284852
31.83175849242169
14.365899888032788
31.384526741981567
36.082591436027876
46.06122848213383
20.277732449884677
21.522561995568143
23.50306328732952
16.77178265602468
22.230410305306304
14.042206647584646
31.706468271939325
20.83529825961694
10.263857869446273
8.91383726751003
10.179060045837304
20.012009527560874
37.69121220048868
25.162173157809683
19.364430744523986
14.545526597631534
6.442380652531057
7.887227595524701
29.650776210922952
38.89874421321077
32.02736348742967
16.383659345059677
30.71258450806659
19.194810519460642
35.522779062191404
25.974186279484357
24.19104846106663
23.467257371839533
10.655707595760909
35.48262895207323
32.31867873248635
24.694900046021232
27.204725386709068
36.414088820743665
26.383400946369317
20.70319958600607
20.409933047280262
1.1648891408467303
26.401830118553335
14.193199727810997
13.636560392016596
11.20514184934302
11.641233833643595
5.40795657937549
24.40108075720469
66.27082439430322
20.668172872941987
34.54938807498372
25.1974184233755
17.900839524474154
7.256821848558437
42.573228257207276
19.917111938717646
3.6641419628251186
29.241194966320588
30.487797350661705
47.73682100905664
17.475393444800748
4.577289268405292
4.384219758851056
19.21684653204079
13.881360103636615
34.422455956148646
11.6026887380591
10.783471322323596
18.522651256511487
42.13699499149837
42.45786267149233
3.2487166440441055
12.90668071778341
21.309915497262306
4.997466455367974
50.10085113142498
30.813963739801057
8.098264116038774
8.840769772726329
38.967133124777234
17.152234329915053
26.64614332113174
24.475515909301187
27.120255673851904
41.95615231901325
44.23977060895921
35.71274861210973
25.242475321644857
30.171048835367426
6.238039943639565
10.758759163363123
8.065996741892622
15.94403196251229
4.971778174568353
34.99926289213841
24.318084773834634
16.15113174533108
14.753999467650305
20.148226654290255
73.74202143310345
11.185831419235495
21.988974641684617
11.585131724007844
20.580184026271144
30.01152732768457
11.361210923664416
10.780858542556372
5.235331617441176
42.825009285133646
16.938057827545638
7.032174519901289
15.542110093067967
19.325110660124324
39.54386056645951
19.46257992010256
16.9430012927271
20.189415597244114
17.1794585363576
6.800564278984453
16.034093989988286
25.05559274171949
19.10355439074765
35.23459424754208
19.856134001445994
28.81406219191914
29.147561307109523
28.260704836892803
21.98995504733241
17.9415479403555
17.23190793522508
9.588818594463357
14.56498991716867
22.524959657807326
19.418102205902812
14.272555896790788
27.816056857264385
19.37056339173763
17.723544637710734
16.667576637385164
8.426084961192052
13.48738227300908
6.287009182176877
28.688830695228894
13.253701326113017
27.06478452022805
25.1096344525863
18.764786684079915
17.76369800478762
14.598977854377306
12.402311012223798
20.424249720808362
8.093888172342256
18.468540254394686
12.777483044644656
22.818939909957884
31.210599968166797
25.913576298537926
12.793721292196992
11.771331027090005
23.794481742350982
11.922494166280554
22.512092637792648
12.66039377238553
11.260555491118657
10.490987303055903
20.0578102904963
27.063666505916398
11.632396247063378
33.32036282818624
28.472107607171804
13.804169675430778
24.126213561874916
28.34463818219509
22.171915383373122
8.850886297236073
15.829637152515891
12.73724788436396
2.74015789056644
7.8338084544225275
6.958028967970414
19.71866839901507
1.609272280786959
31.786839350826096
8.03266269416802
20.533167425818046
35.411630233731465
3.276269352540399
7.583809192151579
30.453006215059617
29.3963769830173
31.739834891440534
32.149888665104676
5.738609998941659
10.714094393801828
13.881765691310063
27.759655302065983
22.249991089125743
18.20109558943106
4.51362124719756
12.464193633737317
7.945327813113911
7.248942012241649
19.808654134540856
12.780360388290367
33.016380705186236
9.068097300718094
12.73682209565169
29.107392042955546
14.98290512048675
13.22239622798755
24.215949272724682
13.055937361329034
20.820295113908564
10.84917692894833
1.480808645065136
18.149117849768743
18.417478436432088
22.25095050611869
17.695449650964
9.406666206559418
9.973801943162544
4.3996863296077
5.6080286744975325
18.49755190052018
19.053686094070788
22.36033294719623
29.24129065309408
15.100172479396635
7.0838752040547615
16.14409296780074
12.456789723736614
18.07347347951702
9.962582206146648
13.162070994939883
35.234701467375245
19.580126137324143
5.938656124597789
10.518689731793591
10.721538468588324
26.185557563336758
23.1055855285789
6.33751133599761
12.8183992585257
2.1863759023033182
13.187237697268417
16.19044145946182
24.823059413747227
11.193434403811475
14.877965255904115
18.432957430314715
2.83686080862118
14.995411619692621
7.682442440020846
22.079342188839853
10.891628154971237
16.139716403390715
16.904550619609132
15.224180234468207
12.385184816587614
7.175498444045134
3.701944877198341
10.617288951067929
12.870802973362434
14.78002162422159
8.498918790443144
9.454722090792096
20.64323296232571
2.072484210162143
16.639862773167646
17.54630132224723
33.54808163175336
11.836167636770313
13.168469709898325
18.162857658518657
11.953323002852983
30.460860487480176
5.5709340662216515
13.701304468493623
19.89755916839755
18.601087106945222
25.520284667505646
5.906011352610536
9.936439207658234
22.115185351702863
9.040065538914643
21.557536266575195
15.986723778518058
10.203030020930218
2.4799245000478845
10.060514448884444
15.484658818604348
17.26433932138969
26.674700624226336
30.255879285701397
20.0548732397817
8.463859288922261
4.125223403264569
2.790279935698855
18.91794001724486
21.84323585753178
22.13726322702481
27.683920932526593
35.56305787316466
8.731137952067431
16.885803345664545
16.063877485984815
23.642580982882368
44.05425440782185
27.05720364652765
27.41557226218594
9.367757282093597
8.328140780652822
13.995240972828652
16.207045052202457
5.960658904074976
13.12170902832377
8.411845817651571
19.108731887588785
8.853503866050588
15.424998160942064
11.903121601613108
4.484359757467192
6.596998952341857
10.581054322250862
3.1901460996079583
32.005596832145024
4.532385815905098
8.129215197571131
2.8545891755081
21.49570862413957
20.954095360766658
10.381834085028133
19.78716246756427
11.74223167743
18.504729912627223
5.551730490885139
7.466107317395993
13.831698363334944
9.736336535767203
15.17609689457861
18.813559699738207
16.51361214798857
7.2875219024680264
7.375713537234163
14.907945132810516
3.32110716023422
5.322175692127085
16.47092021887144
14.587946611903986
14.697216290862178
11.038518027793993
12.595866357047232
10.24479565598239
1.8875709055048424
8.525470043409479
9.144511657646099
11.39350982149608
23.40727127968652
19.416174081509105
8.050583706322604
10.375792555958526
7.470206256857898
11.659740332006947
17.864503961201727
12.90408979146862
6.794162312632848
14.773471990306113
7.154500464277491
11.432934899167728
21.24934336257545
6.489215477709578
2.0101125064884497
24.59985605722127
4.976012359632512
8.378354043620316
25.093947940582385
29.00352906231838
18.97263763500342
19.76271870150578
17.65205857918875
15.836836069935963
17.379435239422232
29.793175085533242
12.97083218761346
22.89878850928413
22.009900051640045
19.966435252535476
15.934736760557291
3.729513192063384
10.266775667513572
2.5792855389597142
17.74666090798558
5.4184079828169445
15.16215066307503
1.8125918910538605
20.948258529409593
3.9551387624721603
8.935866257421353
6.012997915192267
1.4024169784620877
15.723155910453206
9.566659050478298
8.152482798064746
3.4347676028602776
7.0601808488011795
9.514991565561798
0.8239148170307554
19.560457616792256
13.509635564896596
4.573857473403004
11.002815125678445
12.963839893951157
9.918421926741008
5.031880244559902
2.7824979036941055
4.685275500795577
10.930832356033877
5.393099480027253
5.751705449231723
9.498674993296731
17.887024732034696
9.979691136814573
6.41323250151108
8.572297950298656
10.41140207615053
11.912556032178951
12.662071098081316
8.404417956351455
11.933738998455691
10.82277724411893
0.4086191929206673
16.436831427436875
6.300334873612909
9.271167328817286
6.851898274473513
12.71627375636171
8.685838537063603
22.34971956729231
14.762145627002763
14.71658994670996
7.070829612827405
12.062710574341725
10.816829701846633
5.58082995866088
1.1732565528687675
0.6148305061442084
4.76140885458805
12.712915086086458
13.616629649605345
8.710625002704324
0.7151997378531915
4.004912647760418
9.818845141751549
1.3767665921054955
4.0104880496347635
11.83854897899544
14.07026241306318
6.612988152580909
10.687738178218263
5.349601653635904
5.073046872614284
12.92553377054012
6.429731708748419
12.641720548500945
2.748629292287348
14.572066568952714
20.039343962972872
13.73820998713739
5.00667472570949
2.752153401626768
7.419226225682896
11.843303999805658
21.518881063308932
7.582836900375896
11.425826792492133
8.356488341995572
8.992632092112684
11.065989768226949
5.435022301307704
5.217044244405476
9.726896053570524
10.966891479852098
11.130382668530544
10.109373552101273
8.131132785575552
11.717462089767826
9.384432611313962
9.131438371072319
8.114724676354948
6.614709095989443
14.559910778732668
14.351199097968342
8.051791630525647
12.454862075240682
4.785479882241907
7.294516923110872
6.522442648275544
5.461957137063221
3.1499142019054087
19.742778147643403
8.176902117711746
12.23320860962988
7.836411593053994
17.77600927075788
19.689243204254723
4.091475514993552
12.044484439660362
7.583722739761236
1.0739498825384057
8.785738849471
15.647831705078792
7.8882703060747685
7.076206575189733
7.914650604054829
4.364827544687815
10.39004780981669
7.708746060156809
4.724174851336176
2.9474917945497707
2.2272652929488235
4.755086603643739
15.93949142588453
4.890482126849736
7.323774970002356
4.969710047293921
7.300562089732709
10.213409323091435
11.049133989516452
2.879984280307518
7.082399739485739
2.6427690573393763
10.67052774874812
5.031412742150074
16.05188410191465
11.369477113604319
5.4349683045878034
10.952373938032567
22.032695387081766
8.569396647922957
14.782724140712109
7.054040896701481
7.640555085087729
9.144857507897532
2.481697035434507
2.5574586923891105
10.319210656911391
15.78255249754383
2.8307059954600278
15.501661550054518
7.154064468951625
3.4835476825367597
10.134856371501645
9.472783258322604
12.105445947894836
3.9562748514499244
5.047388925147155
7.37375734119451
10.37171545610887
9.52256766114833
8.350197014696366
8.499369257978204
7.402362539713207
3.153022868330471
7.504472106152433
10.755512538371478
15.950457767241184
3.0038835580040626
9.95351127512997
5.402832714794879
14.12620810119236
10.921269377078305
7.451320082374102
13.754330807469884
3.774524851742804
3.4416084569946683
4.578396682776504
4.965308321329917
8.710063431077744
8.90278430187104
7.442619631963396
10.45037285473589
7.553015630986921
6.118282177032778
12.475743113403704
2.448965920621297
15.17387668612491
8.954603672573498
8.219016771898417
15.64162957682827
6.488040513388607
5.3882206944913404
5.439239165070948
13.943391724623181
4.3791280510884345
3.684835713622179
7.371385242259227
3.1227979433370563
15.601106125750498
10.58817294228231
13.438043588933951
9.393083818145076
4.862202330092248
6.748683779245275
10.068882564832995
19.316060119541586
9.612412552586036
6.958290630368299
7.116451714405137
11.285758505673904
7.53402889112496
0.5211454428871383
5.645344235106612
3.8032936048732933
4.635645677941878
7.555699996269322
8.812116007864713
5.837372232646808
9.943293840979138
6.4969974931513725
1.778943257968789
1.396534411690117
12.212205190067001
14.312748223479648
3.9728858522465136
4.541335255215191
9.988449016637192
8.848990561884698
2.220980010051056
12.537826474818514
7.395223401073362
13.900335820757359
6.153224074715565
8.296827945983006
6.503738416277139
4.782540083053079
6.577870609684582
6.195377058936203
6.24673690468755
4.253483048120994
13.34703263344326
4.864551644666336
9.217679610832901
12.842341662573984
11.317109285648133
8.637197488533944
7.897337496463598
1.3323279334901665
0.36061082378503645
4.819292713166949
12.807903140064145
2.8132527201515134
4.349894195511173
12.242887645243165
4.323908112078285
4.748446888481107
3.8995108504161746
8.569487037208512
11.51307276949217
6.846062440595174
1.971680650105222
6.59657084716131
7.970666422403928
6.604274846257264
9.720239551394595
6.306971060456646
8.656559933504834
10.757917684912242
11.253351181740385
3.6328130822262845
5.548011776721115
6.367256705554922
5.106717726349081
11.141796649955577
5.032681429105819
9.18250456006052
7.15031819780031
8.977310563280732
10.86241668527571
5.089458544613175
8.905077449877785
5.896511295193818
2.4552413196271026
1.9356681730649477
9.219908177733535
9.957528037857656
16.44923221659434
8.023057217292553
7.706416666166923
7.9158717732484325
4.272455290824198
3.5199131813604905
4.9850275233487364
7.411879280448248
6.516008410821334
1.8958606517699585
4.404596865961469
6.258503753006887
3.362377926054211
1.1379774628843236
5.857649936037123
4.143272474198581
8.360815209647363
5.804380595345097
10.041794039970178
5.388501025599363
7.552321775064996
10.122689034495982
6.272192609377926
3.8948880934918
6.521629364738477
5.455425666743376
1.0607501855021944
5.855544561503065
5.514853473244148
9.74047670030131
10.656259997673338
6.7388827549425185
3.5579550364946604
5.763924407131746
20.205669124465242
6.9158429561826935
6.973312460172975
10.259760096675826
5.191559214612175
8.093242039632951
14.063331964422632
3.21865614486499
4.69460399886464
16.13116031616925
12.30546380016263
6.6007513124982715
6.567051115498393
2.7687170118548767
3.5391194641114962
8.302970763865305
