112.8269
84.80964120747815
38.41048953762983
141.9199463129458
221.10612219447438
435.51012026545277
293.6609397394618
42.383697462133895
126.5989013470958
127.21965915487955
231.34267117314934
499.1580501599412
224.4948781782158
142.25753712164624
149.72220879670547
68.80293745837696
300.3033123337037
293.7760555425482
36.88785162227029
186.74262098262977
211.02001443126932
129.13481240566088
217.3415366253509
240.55053120386003
147.8447763133848
151.41741349254244
70.9728767249403
158.17223508411993
66.63039238942643
125.4054017558129
63.16082056299213
189.2532682512306
211.70382070478354
246.2598955615134
201.11556318169917
88.83600847122074
95.46833604840667
108.91688513520872
165.9687660686012
101.65720979720714
305.9082396254941
317.4529046228779
98.08076087624168
52.96687872408866
228.35047809166002
114.37092847872913
73.53527429644753
140.46390689101122
177.64274957232973
53.203633836395774
195.89436178196436
120.33032372489994
71.73850456470892
112.36761494777221
209.97371831281097
78.41825011811845
161.45799922624846
165.87434856346692
143.37317024914532
129.02413672097433
115.68534981898242
114.13975298978646
183.88377729883013
185.39885248037265
112.5227069327599
150.88710078255338
42.004884091121454
122.39590335341073
104.12306981770163
138.20821918193198
46.399026485026866
177.5404079179563
78.56963738929562
117.1204839232703
174.32418791191182
149.30259271208703
207.5621903816407
98.73074238825262
47.79372710548555
133.25481492792468
128.2122555515104
38.98151396629379
90.96244999603026
319.9429932634196
140.45677216039024
70.61549050727513
54.17124364789316
151.74826789064505
64.07417114177912
227.05212373327706
89.40305417570443
45.71674777855948
234.60064530158448
11.375570722609696
190.86759348489971
139.14496106267092
157.44331349955434
99.45248106111436
33.93639310419882
69.90400812459694
192.45799693729322
67.96487537630087
116.12019524923967
102.76059806237699
93.00308378649791
35.66232166532537
98.7457881919524
77.61299746686932
94.77812889206325
91.35846034314582
113.37902965344175
46.681715383594494
43.07239742236712
59.743190616206874
115.45334856715337
62.78000804289161
60.092360213411965
104.11107201856463
12.674274569771756
1.8180879461719586
78.17071949778335
88.12438616118084
68.85342292041928
81.39295628921569
89.76365924882218
39.86871399639723
20.305939498000193
12.176690857164163
46.98452109204508
59.43457473278572
90.44057809071744
80.24667129260628
91.07714971092385
98.43109905787266
33.61549542512205
77.70600523742065
58.79408907236519
56.87782033396041
42.24367460491369
19.62355183515121
15.691705527790264
37.737261943027725
46.40355389593117
35.55567038616527
18.725079097275895
11.070306091537567
7.1178912114141015
31.489946989765386
64.0863587330802
16.249911233869614
54.180993020746385
35.185978769599465
46.53157544685325
35.88262693349399
25.911983510405726
16.627027576321225
66.56361923591537
19.80249632752422
10.941903212463492
14.538173958907983
63.01771576277663
53.6707301037422
18.697145266427317
23.870590538508033
49.50766685573265
50.6675461852919
5.255836236474875
24.737794431853615
38.494746859202394
86.020531437244
18.175052976256065
38.024812335835314
20.285096546532937
11.44017989297289
10.712581543597539
23.417563349021403
38.609379101410916
42.70591050367801
7.990328844580727
5.430136030589153
34.276012843739
39.77359167822881
29.618496263885227
92.93491474300397
41.31969928208315
16.252334076245493
26.251105896106857
14.109849832053536
14.681664740749184
34.088447294902736
43.77204764923171
11.890213011598815
37.59593070004187
25.09653966990528
36.80435774038751
43.78730347141853
21.032451926170037
26.429302372244326
31.446750635500372
38.78165083043026
97.69169426055495
6.662267141369878
51.60055564032876
10.751172979828544
28.201661695876446
32.28513008814559
40.41980883579659
25.404882851100858
51.06467146772788
33.89404785807891
25.944221424178753
16.196476723379714
29.89730725652806
23.729109628850104
26.522425582026134
22.885652987758423
14.448979843108365
50.728794228193216
24.990327988952693
36.9018275214995
22.344719909724866
15.563267617739712
24.942476853224086
38.34072984550861
3.2952669690435332
21.529929169726937
28.473373040161118
10.590858016143082
20.021401646063865
21.541963999682423
39.29084115478889
11.001760927939191
18.460273306227105
29.09719091868032
37.14206807260289
26.28765387733796
10.334353202440102
27.453849131133538
12.891435712319817
23.077211016110216
8.574768430118247
14.576688018728028
23.728841706021996
22.577421454736356
18.530451035118485
9.185014493016459
30.51747964690727
23.703636822546784
20.560422693975404
24.646847358181734
31.460155044830078
11.891779503629579
13.50986526192664
21.68212829747472
34.05803919941862
26.10148841640516
14.532040627269273
16.68044574666761
33.25676516039029
45.610742539273964
19.075343384876053
13.059278564338083
12.63264136407086
24.372620712034127
22.212856738768416
27.68386150418835
27.90954007379032
22.784790627650743
15.003507162513914
14.339094813285017
10.912605595680292
18.075445791955
29.98169872110651
16.159082421142983
26.573887818213773
10.510469108386445
5.610092398545829
26.245952947219283
20.757065080217995
17.28776830026912
21.490609389484696
26.80899854780264
14.585700577638898
25.14490780071292
13.263839517178702
39.259286182410214
21.13500664629476
10.769860615919297
18.138317554525397
21.780052897899218
22.117533627173025
22.941026210801798
12.738357516723303
12.776364479088384
10.093531455973922
15.477038822852855
10.804018666754871
10.075360733093015
22.653641772659725
12.992715174784209
47.51466162271727
24.86285646411259
13.055729802168244
13.036920833359384
10.84668383379961
12.276687263300314
23.743882595960432
15.88060020834775
10.53681733528791
14.323483796173447
14.627108533562142
11.75132050229759
4.955305351038184
9.494082052559506
8.462889726597869
11.743593297680764
23.69646538009147
28.696500524100983
4.45504348167665
5.988386748402829
17.06880331843225
3.930906012680407
13.00690340832782
21.15389059437576
16.0536024113893
16.084111991752835
5.770373662998708
18.327886360915162
9.522986767940234
18.569492756314215
8.457726819856491
17.303136345084454
16.936955217951922
1.9634547459282474
15.562773375560065
32.27529412117248
20.75209411493645
12.524141791924075
21.1767029692753
9.038108794091965
7.551979327783034
5.487954436900565
25.023718759590786
20.28370510035739
12.245394349480573
9.875762825938512
12.876767742869196
3.329851033165502
18.960037174857575
3.6808755121957013
32.41361989769161
6.781165845200012
16.7593411623133
16.27363067937003
6.903366592448348
9.518842846784791
11.39216573932502
13.958127085899942
5.34744477643088
6.210197316098736
6.932567482751794
14.913661677137217
14.444252490416714
10.818941781398852
9.039924857151934
24.306979050054043
13.991299785307634
10.010687257543886
6.344377709218191
10.514880159806252
4.734335566807122
9.577055798340233
9.813310935924985
15.001874363893098
14.793594109926529
24.877730537330656
5.453028228416281
8.145169847834
18.057238597918
10.651364173127545
22.362739374788923
17.76614224903269
14.995897863963187
6.47152280800498
16.24509326882065
12.707293893561443
23.96647062488507
11.252100232673744
1.6888083232421716
3.758048157903999
34.41448799881828
9.395034182494568
9.956328501916
17.709348458544216
9.920879596039931
8.789221766809185
1.684987529502337
16.852181934042314
10.49324112183887
6.377940886655006
3.128597623152086
5.024674147050812
6.964936135299742
14.8201534406776
16.78785214355365
19.714623308684526
13.980454107598248
12.145712899157308
21.69589568087811
16.44534432227884
5.726431956284535
10.03124671272974
6.12206642519504
5.675307761566761
12.181324942168457
2.599617456246159
12.936708747222001
5.238930485753741
14.09969157025287
1.8091352698646752
8.445415871886325
4.649124475205641
13.662468849482885
6.4909269415555535
10.6181138322888
7.88902844375001
7.00491558707808
14.01362154530521
10.200833246512179
12.02164901073574
5.869074916114921
12.90429386470162
12.169388274422793
5.254961326992522
3.561847206595065
15.312963311944655
10.11093448452825
7.713221457614699
8.397790568031658
11.399027600494128
1.105991889855131
18.820754391917923
11.339926856746581
2.240524597308398
11.42879206958327
6.7233670056595916
7.60964705816236
12.18195419918779
5.460158311344246
23.901305783384696
26.183314391623174
15.765484932562968
16.714280641293584
6.071664370013325
11.267286966635568
12.414643223318766
9.916386787334604
17.517068589182507
7.737650196337226
14.961949588293502
6.295392605628689
10.388935881393218
8.279150452503863
15.408534833916926
7.5300013729508155
16.630001971969943
15.81784868750825
6.186387746398055
11.07049270040871
11.735752862325075
8.664325796345885
4.8094554003575025
5.2522281407180476
6.390536117924933
9.497451364676696
7.33129494873152
8.481155815005701
6.811685900247704
9.505873378621965
10.04809166945052
7.294974008525252
8.645201092514009
11.45326378193479
9.277980784055297
6.654696176672831
11.896451714246952
14.371735653326674
5.6678251720745845
16.68188834930025
6.022890782447373
7.866069581362806
4.11929838424351
5.63939847365303
14.067314779338107
11.205618882008391
12.91456146838264
4.825838012144207
8.206779283040452
10.332275947982
15.368847387314352
17.06050078805576
11.073865142895658
7.948622428462533
4.36828007484918
8.278056022960444
11.621963811654833
9.629069297324966
6.270591713072955
6.765963139317111
4.053071702133526
7.99927882867093
3.5870072188663733
4.928513209950122
5.084126400293186
13.940964622869112
6.303239535729228
4.247333494899095
6.314554568068569
16.264865800838415
6.836214560945585
5.181734823405219
7.682158625308014
5.875386575107302
5.789648747515381
1.1926772999116315
6.613540885444094
10.186768540095212
4.245870855563583
7.135812993559428
9.042763239354755
10.108884164684904
15.62738673800121
8.928962782257148
3.999663793861806
5.419162785651852
21.689026823139262
1.514181539043907
12.487298495567497
5.356938248276353
3.319144704017263
14.008561816362265
7.324795276834803
3.1095131029787733
8.250708102877622
6.131454712553491
12.32167813537525
4.535905424040653
4.933392827407106
7.381964780852517
11.282977175486435
24.005197329579083
9.53583302123983
10.740501150935502
4.017674953650486
6.197835788263391
12.348301696869227
3.1337875983374195
7.5013319587899705
15.416028032833804
8.361273680202277
14.718813152511924
2.324825978127709
1.5686188483798298
9.452182068319184
9.78091452328092
9.057438283602272
6.3275066879846875
9.504278008073992
7.149970705388628
2.298869103473265
4.272120310117284
5.162107319414411
6.841938648612031
8.782997453227606
11.462597919876874
8.563976541914363
5.004571055483818
2.64713205869123
5.070646026173015
4.715718321935987
9.029884695189976
11.398318883109987
2.9190526376957284
6.094532011761552
3.241691740750991
1.8977050376244993
6.133846756849378
6.734973542270534
10.547508490256881
12.089113971893632
5.012850862435296
8.177549904708169
1.4819817187456652
3.9960384105689037
7.814630700302512
12.466737820637197
7.154375793079355
9.55380297700232
4.1663540400714005
12.730884740961095
4.039038256571206
10.233013867020908
7.077414381243036
12.056619098492135
9.498231506719431
14.260275981717061
12.370637701863286
3.692789507209139
10.312285815693786
17.08378937667041
13.34452004728571
1.7478469467617397
6.474266725011955
13.19370288786055
6.814734317551684
2.2598966037578454
1.6296956620967997
6.64317087708753
6.982150328038694
2.4564745532524697
6.277391223545264
8.262948252002584
6.954912239619514
3.8786162930206673
5.999165555093387
17.09905556657429
13.97757224179192
6.779287728884075
10.320519245588658
7.8494335438524505
4.596269083538599
3.6382532254365496
12.406796383099849
11.17697829647666
7.135959078709624
10.0803046124304
6.238594467653726
14.055097317053127
5.25603281945878
2.2863810290465163
3.5733627165063604
6.640554373915633
3.736822670544244
7.262953529440626
3.0395697646929136
5.347917815269676
9.867060821374357
11.042440050570388
3.506261420185563
13.48824110613232
21.551255693308878
14.64863181101105
4.27959945459926
3.9039085284767587
7.712137070308121
4.455174665991681
3.1692135981761926
3.8160233715577365
5.273200797930703
5.760411547527239
8.987667821677729
1.2409474981358035
8.421173255623376
6.735958860341664
4.006190935520999
5.843106038700486
5.245123313625018
6.783033650402468
1.9773570615209932
8.588726164679771
4.331227332582326
3.0387922961773812
8.717301913908145
4.227456769245917
4.615126371189213
7.5184535392878065
2.117876041368829
5.796491009240115
4.602906431874431
4.504079703000269
10.470493300955516
6.985791221368504
7.518303008387835
6.667397075195842
7.060752148517186
1.2165966796572463
4.766224397259284
8.817276012602742
10.02362622450388
6.644720631139306
2.13513821893746
9.217147501072189
2.2999816312181918
6.978244802774251
3.3031630682937383
3.5711155996771176
5.4758036137549615
1.7196628968817393
5.3649329681718685
3.0390992668920127
7.57941097493319
18.652403022330688
5.88620021468093
6.398540112163346
5.892418208146852
3.0986747401724903
9.272762735657992
2.383007662963861
5.75747193325338
6.835609732379227
5.5001764689961234
8.321919710507187
10.046309410007238
0.7447032026156802
9.622165734015365
9.518401431784698
10.690116405671104
1.9393511919203876
4.487381198895739
4.057370434606884
5.32534239842319
7.143542517402662
3.9898273619662015
2.167195351785745
10.176361472164789
7.864379678361203
3.916072212598644
10.271599661885771
10.569770299145219
7.097166368110295
9.955755985127633
6.76691092313544
6.162971942827214
8.10945265063015
3.0132458751069735
3.4635213909713554
5.691133079143598
7.663785097370789
8.074335599115404
5.951612889377394
7.454155305635159
8.74015203485017
4.982294634150931
4.627142829271217
12.999224406295884
1.4588557973773328
10.666575558437907
5.493073364932156
1.6384182922487052
3.4091410999234464
7.81113971103503
3.4603690666043456
6.613122943524276
4.207159616143046
9.055782444474083
2.25678517579841
1.6630009703113382
2.9615333099348566
2.726246077136726
3.9815995893915606
3.9645243372486134
1.7369808757156286
3.1198170431927554
5.052633317386555
10.11661038270823
9.965482146148675
6.692999018910153
5.832237968242241
7.388269762979176
2.6314974597458924
3.79250614478014
4.826555361266166
4.376953605177528
4.626860019444157
2.2836769668812957
2.687841599750949
7.200987713339008
2.5867703041341787
4.029593481381426
1.8882516209704419
3.366278152462764
6.947117432905528
2.6764724178814316
0.25683557751287817
3.941421272115646
4.2179742223497465
6.2335785571755595
4.086276759421732
2.5192973799140184
2.4892121116156334
9.1146281807564
4.48572874149338
1.8395702969407457
2.376543380538163
1.6531005667885834
3.399082470598007
6.005440632017379
5.837573915814053
5.662880179728758
1.8849603622459163
15.16630350549045
7.236842084420054
7.367879402652816
3.915333927145368
5.175708823700108
8.470999666118855
4.246768370909096
2.537768392737094
2.2792608838912187
3.167178055085409
3.618176578085263
3.476410714668938
4.960640939855407
2.3925696242965606
4.037578787047219
7.147621570459071
6.444314084490884
4.457205998570718
5.992150729357852
3.034833407952031
6.009496497138061
1.609518758758723
5.635398504067975
1.2115943469025598
1.8331599151866598
3.5786053824362893
4.044115212289948
7.6098930822375115
3.793096762022236
2.015119795728295
8.115056914942368
7.966111615650902
11.464569793112632
3.7337687201900502
4.754293806161402
7.25911428934643
5.050780516086904
1.5515393504224977
2.8811909327093757
1.2177149979841473
2.5433222544738405
5.319322289908966
9.9176387730373
1.0160084712436914
5.307306036799658
4.5682576578191405
1.4039852314009669
5.951395448542549
11.783441335323065
5.757987902195724
4.584523586004292
12.924047588659493
1.6194645712771352
1.1772168767322777
3.816506912693341
2.7369174875757785
2.943270183387774
4.27406266121125
3.815101829269661
3.949146731196064
4.090687482644258
6.255165293000598
6.878673506528486
7.239358097997486
2.0386809716627194
6.375478114171365
2.6235883651119667
6.902716962482828
5.338786400976708
1.2142015264185073
7.3299774350318305
1.0809206962159594
2.562691933015855
2.631200861916117
6.929673077239078
3.5534985751273966
4.396529178628251
2.1951309825458982
4.356770395627097
4.951053688869596
7.651112933886832
2.029107795462236
2.6054446576469825
4.70882660101069
4.478228347056615
0.4093642005520746
5.817603700004083
4.702426821912243
10.141526160078808
4.006608585119772
1.7472197740854074
7.464687148555156
4.090513391089018
2.0240973791797794
3.3860211771379993
3.1430783667304154
4.224570584086055
7.827176602575024
4.535859598739156
8.515267207081706
6.512582037783354
14.10244622627788
6.496269939830505
5.896974063983634
4.392637283027538
3.3572839076065906
3.5115414779371936
1.014834556668366
4.934665093090026
5.4334982481540735
2.7009352123478054
3.3585905147727004
3.7448114564846113
1.9972193642492346
7.013934717282904
5.863949396364344
4.313554328774022
6.698727334355069
5.024775167196939
3.5781368475461885
5.58777266741729
1.761571294574899
3.8606539250561105
5.736552358898525
4.347233003907018
3.94942628296901
4.337761804968795
6.11090557164684
5.4149962712373405
7.247377318570558
5.8803073648207
3.649886505482645
3.4248928778979306
8.306324304488204
3.358440119309794
4.36845823407772
3.60834606560436
7.118617872869791
0.44980752717263783
0.4203373784096456
11.414272941074405
2.1003424910445627
4.131925254416849
2.9170429131684497
4.66658347004336
5.081014636782169
3.4735765781385144
5.3325989024263425
3.5529808004350545
4.201893864376193
6.742520471528436
4.073641533012923
1.7626485976307542
1.8524317731819013
2.8316083511475836
2.1180698384514747
4.263188772871722
3.7367475122531153
4.204848330155222
1.4551856768076061
3.09429837639805
4.517276718415969
3.4016253116350548
2.8942865669920503
3.463820929891249
6.172356067413792
3.5800057632250746
3.939025017002976
0.6764376294312853
6.873959625829406
0.8624644969725784
1.6101497290875624
5.158070845921322
11.975168838124347
10.948400512325131
9.087036695263551
9.547859821224895
7.316369774056011
4.439932325538389
3.8965266613418508
6.296077002456058
5.2688572288374385
2.8338352348752935
3.6541174202214672
0.21053553038168635
3.4093009340677316
2.0188445854919563
9.081852146242257
5.600972435482859
2.6404525093998887
4.672828659369721
3.263800737677416
3.282500712235564
1.026989163713096
3.917006259321719
6.267172700688846
7.220538756142858
2.4768895877569834
5.335280766102906
1.1724825168627329
327.7158
73.60630115372125
29.69621451457974
118.71750131699898
61.84804296874133
72.51155625939114
97.74185094341814
226.42411529845833
460.2375464716602
1180.4204005650336
305.9100924840824
153.26610350872932
111.85711511330418
223.34965040097356
101.95436242857623
81.0703820637596
257.03026132085733
454.6773832595539
449.9426654327974
72.2407885138885
63.648377541935844
179.534490754179
140.23468731927088
91.8812090408364
88.40040965284243
87.4454873758914
56.3334931450759
106.00504873674956
185.7770686193605
13.441925456574172
42.470541596436
322.6519359419961
171.23255617107174
70.27981425714785
147.12072572369235
189.7412106791607
229.12877248172552
199.44090696482084
160.47264034037096
92.39697930345407
431.79337410079523
144.00268065416384
171.30425394006767
72.92163995212411
58.00269851497765
81.43965673047258
59.88550273181292
135.77948046615688
292.5084156764552
53.32531482891093
301.89604558794724
271.04398859406706
162.99059606241454
234.629922971156
125.93061780383036
102.57816487442695
380.60690259726454
351.7006642051967
144.34823128750477
157.3781707287814
88.73081635108744
126.57053704421565
170.6338264945167
153.82545980796158
238.71295798569858
107.91674811483414
133.87282473829595
235.27907518046229
131.1557750554598
312.2180560937668
125.02121418109853
139.50763945766374
300.733954522437
109.69158599202837
188.24122336915948
107.54854760607806
86.63063705580383
45.96457746580481
53.13411600380264
194.97014746655802
100.45110374061429
244.50624918325923
121.57395106997521
109.94512469852152
130.31699831694598
121.92052561091302
58.45579164969135
130.5240593606208
133.58936050328677
70.77274776282309
146.68506190690528
64.75165486493265
161.17780056172404
187.96516378338248
80.64299337477188
68.69168176682534
175.4970367238908
52.92474037766936
291.8388020713603
116.15101519146916
215.2411190710859
206.7958278756533
155.83335208156976
131.42559525214415
66.08929641409881
140.03138002021737
137.4900171721534
194.74193545883887
71.2002091904046
77.37522647914098
123.279101799179
50.0219417766229
103.75816206983272
141.45924616421956
87.283890739557
92.77017802926072
7.255132000882758
53.70400946050818
139.89224389569932
120.98065829858997
127.72363627438891
54.199208967813576
81.37118086537092
65.17726251111327
36.47057440323975
88.51202607074484
160.60822377390338
115.68082830784539
148.16069084882864
160.34042564457658
55.03209000049241
11.739422298420973
66.14099053792992
97.34596633933992
109.91814612028958
14.279820205900743
107.68527855733119
96.03203390330405
15.55489279709279
58.062622889444654
40.55822337978309
44.12756066368044
25.63284634555365
28.47444559683209
65.97726112769446
73.84581941663124
31.73464388052769
34.01488723184409
63.871878044241264
80.52869283572662
74.06005005149264
34.92629956280012
74.43074075806051
95.43417231659389
20.304170132835168
41.12989852121942
31.211557207351614
17.454362356329124
73.03509495160613
48.119885569594814
67.74252850034831
31.28129730278951
36.2687386042244
48.984482944597424
74.86857025310987
55.756091812587634
35.767375194268055
28.976068923823977
44.3510420971462
32.69602971769551
23.257315258863407
19.03556718687291
35.45619615366336
8.806434751226776
55.08760181795129
34.204970691643894
30.16037926436699
45.259162833050695
52.4579650307115
59.76716297856628
34.99279252964854
43.40187024890889
6.948621914637884
11.559599492366642
20.016582068938746
27.348051206548384
58.495251914532645
32.22203341336046
38.054784065315665
13.3329581640714
49.99944423822661
54.3140515025302
42.80882145660387
88.55629891993905
44.36889574457261
18.643705389980212
34.168614127880616
15.153294908750341
15.971301076572908
29.576904322677503
69.27163856987013
20.54592197607439
50.26950565372024
63.143530717050005
49.93618491114036
28.243248827477117
37.84686910240048
23.84938899916958
37.719905162028624
36.3901094116124
72.39194971308623
12.584365391791426
29.55503102955004
38.19892496740161
29.812098959295998
11.294351531256892
27.805529708619105
30.718436423698005
17.2894491898725
28.456696315906
24.379598649497005
24.650359557966617
45.07521880553836
8.825250219138802
35.69780911343309
50.80987845160461
34.08257210913805
19.221253618975744
21.284977024266574
33.357328130502474
21.485809639190844
27.21068148572786
29.88275753819873
19.589715384425908
58.918942720745044
12.68582151358431
2.8873784681748114
16.509646551360213
33.37229997924889
28.886608379721412
34.23395884229192
28.44108969996769
27.71839419420664
9.9040124521905
41.34955067564588
43.38190367022625
6.657395946228244
47.03775153412713
10.2848830670219
26.393262220705363
18.425284226472684
14.362225627098422
11.347377068253163
14.825268119853671
7.684581138269593
7.634946958988654
43.471437396664335
18.126748391482725
38.46007359203663
41.7710383810122
5.712894268879028
30.61236276404387
5.34047291389057
14.385490526650912
21.013025504261336
23.559963181592618
25.437472361526375
16.74264890205193
32.5776033338093
21.958477455287156
24.05413828023234
9.413734503316183
28.339102514986866
16.829093842689726
27.70580492360557
40.50576975233457
26.079734549575676
26.736661139779546
6.967361716898015
13.561238022885068
6.811113273122273
19.08147018526855
36.45807705566242
35.37916643990467
25.04930599239158
4.395289053367755
18.800880845380156
8.454382011396802
36.84626936398246
13.220594553876557
31.167778247272526
16.98784793753588
28.2475684384709
6.790562507341353
11.185251892283784
31.502385093728787
20.199776317011573
23.735911290208154
27.503529748144256
4.750035161642307
40.10419438747397
36.410432888452256
42.92791946976704
7.695792881085233
28.81404864838627
24.812229938022956
23.27599458399739
22.55471570030398
16.939870166233746
34.99404806718105
16.3931091660652
31.14889161359958
8.250844402896607
9.60656724826884
11.660367081618531
27.81030863267317
36.99941164668979
35.93753074129245
4.685909149408359
17.530008388404365
15.695883489619806
17.501732503694875
7.60176741099429
8.47080169898781
19.346615013320505
11.583226757130031
29.870409595543567
3.779104763226033
20.167138183084237
12.193891743098172
52.80139004101992
44.45436197844843
46.6518469066784
11.542933320362131
34.89259103077951
7.45061466159545
12.226236427188269
17.488908624149648
14.38857043127955
26.74437117457431
24.386693399307095
17.35318046582645
8.455523393077842
3.8165087856368514
19.035934344548853
18.21920199351556
10.85920574576201
20.04000756943369
13.83501769372614
21.38530252793354
68.71275134438596
1.4807635581889442
27.794531563571336
2.763907753868799
22.5636441701045
16.605923678069875
12.542555101819953
15.03487652079228
17.14231224120266
20.252450107832445
20.070295895922197
13.35300753389951
9.99883472321685
4.887596358747026
14.051107960128718
6.6874990196343544
9.751921887324757
3.9691641343862027
8.069055743128164
25.736199567884913
32.754676547703255
8.345928798050592
31.82480355161297
9.837515902518899
39.26349796282743
5.474716210660435
18.483540585076494
25.34777044974937
17.977992138479372
19.072911024155395
9.054915623400376
29.126612490373283
14.572245630809842
2.9062003657068494
10.987951499140003
27.875835067693952
12.228660655465092
26.04131609431363
10.920747304280813
33.51676681119986
3.6918831217126615
16.58412262365651
8.382419484064753
19.232452146019583
23.759704467557075
17.153524151447538
16.318207383074654
29.323227387228062
35.670756333963666
6.98740257020481
32.98702519652884
5.137151681753834
13.4094497413896
27.909193048903568
18.910586014086174
13.466144031671664
4.903175541020412
1.4568736525232582
2.493686208453137
9.167400334819712
19.709452617314053
6.226054818694458
6.176635266443322
9.648478309300973
27.403321737799374
8.02229265149378
25.031179425924957
6.403395961835597
12.873373340402757
16.553224043146532
16.335479094682057
15.899723248773554
24.064618481392113
28.46155170060028
15.055673272585308
9.39907958701363
7.898689739040888
40.61902547251102
20.833144367558262
16.681453270183916
18.404979765936087
16.170888119530076
11.598994297089181
5.3847652195929925
23.546159326341897
7.316260331698095
15.33073068439911
3.0955849480619393
15.36209181423894
43.057310913214955
7.986649189085197
20.40482521200386
8.831664794250534
39.63636575172554
6.231950889946865
28.295211944133275
17.569571885198386
19.27838001663092
26.58463378733715
13.133612867919211
20.34043322650164
15.690912730542328
31.29054197316499
23.39319705911489
33.63489459262472
3.9369743734675504
9.318651969655512
6.8159337007554015
17.543411169633163
21.798178792791806
11.78860395837585
26.001834475063628
9.931508083281944
17.638936675225718
14.138446455595474
18.178579886376866
20.06219083694892
2.6760302356282923
9.474167696697696
6.947041574853328
12.836293021187249
15.438134487460232
12.236050096518188
19.238630910628785
9.003595495098772
19.662507824117604
8.675650150496885
4.434406766990311
18.974440829981
11.432760268933626
22.9788135223235
7.720104104497251
21.926806840024323
11.759510751706543
9.899820805380095
14.5396355155389
3.5496065581027874
9.858230283101694
9.897072940752388
6.395195778647652
14.449932648286195
6.940399496979648
17.821938812645573
7.881904983554874
10.043659326955407
4.819923406261319
10.406160646591255
28.671668669642663
18.615647365947726
11.152441807941317
19.84230326080156
12.084788263681023
14.42133600367457
8.344413219881153
8.301634261999565
15.523862422614801
13.88741150803924
8.151984269819827
18.142058328428863
6.065354653184519
13.048911204795425
13.747482444251515
13.25111365350881
13.145337887641615
11.694721279299126
15.995297552871577
7.382601898430268
18.25523578164441
8.64423773672331
18.711361141865172
8.344808555693586
11.998183306415081
11.024760969363703
12.913837793166355
6.754246179242277
9.015681245793708
6.807944380237486
8.543298851807414
10.401113382056666
16.193309515908886
5.215159884131248
20.9615828382601
6.359043917415088
9.036550362850601
12.08075717576047
16.06074117536074
7.847436774478597
14.786118222144566
12.228034291653788
14.370758934689679
22.776630227063904
12.383596794479782
10.457674350444004
3.31068573447348
21.699831698009678
6.506099415943921
5.998509420408448
7.749454267961703
12.382526568185197
20.540517120340382
36.14329840461556
1.964667745364253
5.27537925884764
9.64784594465343
25.00332869709415
11.020979918807546
12.393813929192172
7.342630186956952
9.898371898864651
2.7684560855747127
6.869727734836767
19.877857721934106
10.628813235280338
8.690502325976485
15.648257602833116
11.208398672142293
13.109074194872688
12.823737147914898
15.640388228950515
8.776805412023535
5.9608411931994985
11.656318087633764
18.066093213174643
17.071416337337915
6.334032899892999
9.81315356115891
16.353279881134995
9.353070213087415
15.645336060282084
10.985922757104419
6.476813011782486
4.7272945950022836
12.128730796969709
4.046123773508515
9.182578907492118
8.796197713404979
19.937636650559188
12.287573757756332
10.260904503938344
7.256919458728877
4.423940462966007
19.419445824160036
2.3584975964708783
11.863675373619818
0.5902097466278636
22.2195095096954
6.018952240620628
7.193994280625832
13.501294591214858
1.6298223793636493
16.6266917744818
19.618907762863444
6.346837143512057
21.17768075246279
7.770733150302555
4.435005603383595
19.416633662255073
8.092182010041906
5.292647538833246
2.788654879302174
12.335759635018993
19.948589716109808
20.901113442736673
17.668663914750923
6.501144777755319
20.988615729526682
5.628611460538698
16.8709999964827
5.612246562779984
17.670970203726668
13.361910893870679
6.617740213970251
2.8625050311760525
17.372841061728284
8.827792948149982
11.390812022603495
19.76842785815673
13.14277644695649
3.2134684132685214
22.219701706045942
12.219471935130393
6.402877528556449
8.102862405541345
9.896261853291719
17.788904777216455
18.765103045565663
26.673465156944836
7.152431048078222
5.942793707864644
11.651699155608686
19.645601322497328
17.12750066456881
14.926502416279432
3.6636982317726403
4.607838495680777
11.257985773595552
15.054409032877638
2.098813237316333
11.18404305338973
15.60028780323175
31.087519731523066
20.68107840790723
26.867680150958385
13.91502962466095
3.139228118283879
6.806694972313396
6.8483009688668135
5.051467777177533
9.646013860870925
17.931565896104505
16.081228337179986
11.876802491628872
9.433396490327542
5.3893328025088945
3.6176008781681057
8.632362184968501
6.10074005284222
9.299864495889459
9.309796526122053
4.28145762117735
12.924763331752631
15.071490906017106
2.2568440311264686
5.033899075037442
10.436956403768477
9.225626933996665
2.639043083983387
1.965761961104932
14.98738840813147
2.083984859962779
0.6453750579600765
10.987854320436227
5.498797580019666
10.270977392925102
6.780963741308695
3.0929913947022665
9.106180322921931
4.282611781057984
2.382490829175449
4.7611940350689546
13.152360862191456
8.280404850785196
10.655386748156511
10.398461178572754
7.846353909747996
2.8394396740760803
18.576973654409358
5.563826075068374
11.279715961862843
7.537813580277777
3.3464221299474777
7.655356415457298
15.242350514652543
4.410133417887688
10.988170443258749
9.59473551542868
6.378201651937322
6.603828353357296
3.7204333852831892
7.012754939447887
7.176065249008735
6.475585917319223
7.051663313606847
3.7435669617620397
9.64585928854659
9.301853907237776
3.6855989170204353
3.2869766028342067
6.830588810401402
12.148324706354517
6.941300393165319
8.624001072119952
3.293391949710795
4.058932655129312
3.607521882979465
4.497957762758195
1.8836966305494611
11.037785053576783
1.42187601580463
12.094744962567336
6.942621341502715
8.502753881451495
0.40216623987929856
3.147347573504426
12.423903917477691
14.192759956793182
8.078832916722238
3.9184672828394076
5.494650494287446
3.190213739414271
14.35131881211642
6.337661538471893
7.6477179076782225
6.808120125692519
8.753333787389522
14.011790382867838
12.84500861142147
8.94392556184921
5.56207111564611
7.762220460343709
7.229645970319497
9.195664411805295
1.3111733240708587
2.0727125655639167
10.751567092926356
5.959783114194322
6.285474908445158
5.5733631993456205
7.246683902195619
7.404254398775333
9.282671908943923
0.3561490638516839
10.14256160419757
8.928885689315978
11.225659734352345
7.578919045943769
12.823095181546707
5.899608752043093
1.7068735234277317
8.039516255628456
4.252325278160536
13.013369974229047
3.5182840207638364
14.097174148204479
9.96518520285647
1.7976778434411045
1.782926294775245
3.9334311565261872
2.6746990494720286
5.700313056637345
9.681627646080475
8.909341115177329
8.739884444670517
5.3541307845920585
8.080239048046732
8.485690504364884
2.111858272188695
5.4331011546119585
7.479141910820351
15.438756816278792
6.550572082866455
5.135880863507085
8.380738544086816
2.905154593725616
4.347612630698792
5.997095052742976
12.567085850075692
5.399249849900976
2.3669507028965153
10.109514055771397
6.646644392184318
9.334841265396351
4.7007756860423795
10.944826022290556
5.294731021916382
5.07889988857382
2.7497620808043006
7.368330589810129
2.7281341446679312
1.4405945517643641
6.329955452820795
9.49188438608792
2.9067869066019285
8.024939931264973
8.911021906046594
1.558538378881028
6.889741788210094
8.819856352588324
8.659245419935507
10.616365865098789
3.2421243063207585
1.835876727583336
4.0409838623905125
5.002485005084713
6.97727137466012
5.177198049488781
5.532634273825815
8.432231006046381
1.6699579052104645
7.6518410993786246
4.193432919649009
5.2244423669220605
4.965977222075918
10.20388710737133
10.615013925721625
6.874986772821825
3.2152107694645427
2.30041053731983
5.920883510362297
2.3765867623153776
12.197406089049439
3.150032024369255
4.643914640052612
2.91457536751621
4.644023017668284
9.570675027794586
5.411834428634532
6.136247013293139
8.043032159223772
5.283457316088404
8.277876458843645
2.367568115621473
2.0000468972230294
1.1671413849269316
4.261203832272269
4.621277124375388
1.3673231127116132
5.171686534876442
4.718022838572564
7.346336027098831
9.379799827779374
6.259350565790886
3.3550098523870666
4.849988013593924
9.740057264916919
5.6389291043767855
8.17678840749562
3.3508959810915266
7.99460251180992
7.067471634790944
6.575673194179521
7.625754835882608
6.773442186415085
11.811367135954812
7.749501270116156
3.484241176104219
10.749506562932105
2.2383769149817523
9.72791971881621
8.641803425267087
3.381732781827247
4.715426176710901
8.794076145003176
4.427168914146886
6.063820421302467
9.721283308510179
5.234209384283132
4.687571215890333
4.729072011639729
8.330243457253058
7.238588581219551
6.077954423523026
0.9538954426379427
9.717062344406715
11.258012719373184
0.7397202849610824
4.873901838204646
4.2367110198183155
4.823422544942548
12.660673737141748
16.582437411557155
10.656872043429505
11.097975551141452
5.0950591570475625
4.7698688656386015
4.1297584638655165
7.32122241217678
13.803730366746326
3.42488998909901
4.415353704972089
2.775103055938146
3.907502854004748
2.507653547476302
6.700807464552172
2.390842039042256
4.065061510467866
12.100027033312225
11.727974839961524
3.122325133150274
8.715535442549807
5.7518478693334805
4.000773371802804
2.943104541869406
2.7707704735536685
5.135696257200347
5.8524796774914245
5.212568016191585
6.127384732884561
5.8322120405205675
3.623629334912545
7.088163933240428
2.3634467294796013
3.946825907417131
1.1412797241308068
9.36652727100199
5.85684554865769
1.996577544616856
7.107121807418269
5.478553328860698
10.07548203221805
4.582483718320921
1.4974423755039945
6.308483572485866
4.27662915123983
5.366729967651826
4.591422324666644
5.797214140343055
3.4558319807841102
5.120496327712196
18.095701976982397
8.70025814508305
1.9061934897853934
7.713907214118255
9.196885611559622
8.203152557834668
14.691012854857538
1.4453647658651618
2.1788043328027173
5.163207870324898
2.481927510796794
6.317608673801182
2.2442865378594212
6.376280144737726
7.121518901508709
4.2483949586809695
6.689807811614666
8.411201254630106
12.332380754769195
7.932592467051058
9.367919620686868
4.073723374005615
4.059380319553114
4.898627432567132
7.515973579297273
3.55437148967257
9.16327743692863
13.389565916500871
0.4573457190432001
8.279868821613729
4.192808037916577
7.628125775940756
4.631081034811936
6.389394745346424
5.4245406994856875
1.2158218910692629
4.752704282214913
6.31033177622084
4.882215918574767
2.092089364249767
8.12636320574268
5.633533640874659
4.768740882251895
5.792437143229976
6.17232283572372
9.974678902770668
2.078329421791
12.810551294890027
6.314581608770319
9.022645771033526
14.475345317258427
