82.43449999999999
68.64585513613201
52.449811444045615
128.5882255754421
267.1993810508942
414.98251420010064
229.64885462265332
44.72089491542674
269.32363481391474
123.66557915715494
333.29874919588
287.17285763383524
173.293935684427
67.19911397460393
76.52731632788932
308.1208752406091
277.7277655089244
170.71912883035492
216.97223133556312
143.68082303069505
72.5987169143345
142.3316588046758
195.88730878401927
184.10433278832255
70.63905779215952
170.96864830884613
118.16973247564479
137.2821357222005
50.40894419703575
225.54883953095236
242.91462187008526
251.4942437640374
30.27631300457062
66.51026168406602
12.884036549997077
62.820050204054915
54.149252578735265
62.824115823708205
149.73091654909433
133.10832047091384
126.47908509204696
89.6175359979706
22.94520285877987
133.4646752590545
175.90318215967835
189.3383544058217
284.96170337528457
198.16932026122473
172.8533641432955
163.5896315550754
213.4904999390643
90.5482769475123
113.2305648279395
198.93432308782633
42.08854438621363
275.0364203391203
181.72906644326514
119.82803990509005
244.1258220499768
101.31311289107946
77.37550816733227
68.72701776277832
140.3422886379369
235.92376833241337
103.70272080978776
60.48317435533206
85.20477707799807
286.17785334679166
46.43048475082645
110.37242111697664
240.84301230698748
116.6156425320316
217.63737389188069
124.25749071237964
12.583343713284314
85.85766593969588
79.15132761372875
229.0336237334093
205.286600674584
217.5927406846016
12.28315512515559
131.27471424720022
28.464859678030656
51.45731894588908
127.82816029780065
102.80630373007448
165.1329958490227
99.78172655860757
64.11303517854705
76.28022865356783
43.94555839473767
102.95523522878383
168.60946458795212
105.35222357284678
130.52874787953238
74.30776508212634
112.33772217822914
104.06211422805545
31.747889090138518
137.48055649465473
152.03901006609956
83.66989681389482
179.37242231085156
59.3400275541499
109.35749584633633
176.56895171412606
97.54125078605985
124.10035136509961
101.55435860968912
125.38580573926859
41.48221390418496
58.61556139634531
21.79220451467167
92.86139797778769
110.42210041591841
47.322849262915355
71.12842219005377
40.01973660006069
88.86854991885099
17.03973887885093
19.90500778223342
149.3153882767931
65.06951231359459
90.35683410905169
91.45897009409111
48.30852227567387
67.0603342359008
38.891916969006836
14.823127652034387
77.48845812374397
46.72767384587499
55.79122724526883
38.30713708676659
40.17921729370829
26.531003407218282
28.56861799888764
34.43164562762654
14.663458479279821
12.071789786088521
50.15359896664203
44.25153706748402
45.1037305847405
63.70952900910037
64.31965008836198
28.266218208973452
49.79667727202251
71.25597577482388
13.300955780285994
37.307196726446904
46.311142617656266
109.16051168364426
63.46756311656151
29.98477698557229
6.61805777278333
23.111508665223393
44.762198986661566
29.48290570831729
13.914228157176336
48.55353103366061
31.18035613445736
46.81856244920544
36.66773199623594
56.22428975106582
45.66555426734736
79.52967295219925
39.11873086622332
40.04305775170538
7.694896506706969
37.9913361334568
24.289486930905028
53.1075349745333
29.47944058087418
37.821320091506784
32.07717382299475
73.41767311944247
15.27899920745934
46.78491725225014
30.88677725542217
30.07278808994678
34.784218192949204
13.115950834269213
37.113946843257644
41.020981880968165
38.484887236913586
26.30074957292476
9.605971551442092
27.783588749030354
5.528280068260512
55.89446871188683
46.87890782178327
4.363624383757375
27.396233445939476
7.75819966371601
34.67845931271325
23.301276565383244
27.36668234593121
18.5281876746613
23.54468235586569
66.0989592657602
14.11240233043571
139.01345866859546
12.235439193965826
16.445615853274276
40.57878157529499
19.295220003806165
32.297768259029034
30.447689003668213
13.152365828223642
22.678836841054302
4.3007561080701215
44.06895439088996
15.856766848328434
25.53293757592912
21.192065804410777
32.266843535578964
21.803751913508094
22.228382812319396
9.846261272129292
17.14632202984354
11.722884514545102
22.551750145795058
33.63456099476683
27.532199868307465
36.61861756134494
26.33580274309996
33.99684357245363
4.503169623613211
15.523273166908092
15.737696034500896
19.019052004762365
28.197617777919024
24.633085407575738
7.225068896559528
29.808121192774333
10.219050705138299
38.35566432393608
50.96457269511261
18.150567559538203
12.626484466563117
16.092884690923
21.79186970529662
25.97517145449548
24.055039363631952
27.401745748220478
11.816324199863276
37.76222433478088
14.321433145541318
23.58355283872145
5.420384964705962
16.893021828778338
9.68896839121596
23.48053267306356
14.231500554631888
13.765529272328926
12.588431802362665
20.541379471175645
19.561741870575773
12.873507940191628
7.426769297501779
12.528383128712678
37.10753378474708
18.602606583682835
15.587405033758666
18.63364083254774
24.183387433236028
32.41988202383236
36.74602051776004
28.533128500168488
40.77067451734674
7.13893324894322
10.327103659163152
41.012571957689545
10.47418741927022
6.443296733559139
19.850962556733084
23.427801962223583
6.858009460588426
12.134700026398319
10.865966011973235
18.699275042233037
12.091180071484915
30.215945904389038
10.04209589302482
13.379765165991065
18.728854305083907
27.06342705845199
13.30689665266534
27.33925169702779
1.722520831891117
2.018977989974178
26.114241558294587
20.560001274103755
16.072025768238536
17.447545547618677
3.753449580513219
28.174393453493202
29.879169613809545
18.766456893152938
20.803175953674696
22.781368893903466
9.32785664970837
6.230971355263812
28.394158240177855
14.178441789795032
16.837879774058628
29.273027901150652
34.15335947077806
16.019541605272014
3.166876531729486
22.019868879711762
2.282285589515633
28.186775348134724
13.313957429809419
7.370391434220583
18.460546664909234
32.9225826096054
8.641955767532393
8.736000924453286
26.343985762266005
11.42973564990816
8.559762363045982
21.291757523417942
9.226446788228058
10.970679452351492
33.29695177500263
29.90753358378697
12.459484340233773
12.422370357165939
7.876891793130623
8.385953360036298
19.073256815900773
34.93543523038229
3.915352159204204
9.519613063110414
2.315067210766542
24.85270931488645
7.589808454424392
9.890437349051417
7.4108475446059145
10.01914281964577
24.042266135722702
5.245250537779925
12.247642044557193
16.65637757191891
19.082794851899227
8.62102143322901
4.129614824440228
15.736110653607996
11.861672389272844
10.269653599776767
33.72143423166856
30.713979156662937
9.446737780530997
9.862281688612008
11.008143902868742
8.214475863629486
30.839382250580506
22.02971703376932
4.060092116715377
9.35527603959168
8.809545500723274
14.599238490056651
18.70083083326839
11.696304067631829
17.59042728540206
2.295884171006008
11.927089990784872
21.180074723023534
18.61770279255983
11.205231513607462
12.604738819074218
6.360532636879441
6.460115131103723
6.839579676122247
10.912608990621663
20.182077332225198
20.649887523037485
16.354370523460798
28.617451300584985
6.996201775076855
3.911586154174005
12.537782319509205
12.685412384108522
10.983496130121287
10.762001811721925
22.04787649199027
14.962943138468345
12.272411218602988
11.441515590013092
13.673179225321139
13.455610252136594
1.287455921529615
12.380930296434167
6.26045936418582
18.037943986776078
11.351047200549065
14.610436933995107
16.297217006079528
14.081402470290875
9.76819811629414
16.069530651097402
11.811003285292307
14.46754795983397
17.569579286690924
8.36030091991868
13.974606619662229
10.744998556255291
16.563584848787162
13.631751802432374
23.69492713137232
19.02737355049105
11.475301695818926
9.919249555457485
4.620866471171309
2.6593174188916646
9.750846142801887
14.370350691429614
15.382809452050493
13.920574306685138
14.830031973003031
13.440509105007177
6.782329370053212
7.074169559904098
15.872005500124017
15.81271430295008
10.019836265732627
3.9436808876132066
14.554760982334955
1.24879873798329
8.605541893404885
12.249084832167114
9.54489650187863
14.981183918681705
15.491026842578885
7.502170285201564
19.80550487190592
9.92672381599575
17.09394475780843
8.6501354794281
7.365650430839304
20.83836633537924
20.402361725180615
19.829510142310966
11.168833183276247
10.884726634391166
6.0785967049287315
4.244573394934331
2.696302225807449
0.5887314954010776
10.757737338559542
19.727605987703864
17.368185516233503
10.091391816273699
5.468799685444495
5.8050549368364734
24.825423109778008
11.604257514244663
9.284366589974386
8.227490030894275
22.749612366713187
7.597482939628474
11.322895464643388
9.971116927574366
6.25517046742867
15.363322726208331
4.869078756809263
7.383491959130137
12.75847919173661
16.134611605827253
0.8108756226910735
13.862667785515148
6.533653436142572
11.758734757083317
4.265685700080236
3.4502413213547354
14.297434877311217
4.661090925683586
5.833710352415393
14.214729252662332
11.001577666859108
4.935367122247185
6.526840460812583
16.653039004754795
10.234469163336966
8.361018051980233
3.1830526342721015
9.96358002885423
10.755084010466561
10.575133877482987
8.465557639342999
5.993229061647441
5.869233627700431
10.037461313483403
13.86957533430721
13.564034081224428
5.129083957487973
12.293863480632156
3.7604340027365604
21.520043394476627
16.64502074483156
16.330589583131896
4.667000270551726
6.935124411913841
7.780408485459688
5.201038692313022
20.475801889348794
12.617698691768565
8.553813761831742
9.817642672169612
20.4390984035998
10.252988334347943
4.1381555141682265
10.366682964343982
12.111464099021411
7.688962586616144
11.880410111317136
8.26646270197521
5.354994299402795
11.534955414950323
6.096122778549818
10.157035717559287
5.88865462838034
17.085734648765513
10.52761078297805
9.399059379738844
8.367573924365225
7.097374259444636
5.758626609124478
7.58712260540508
3.1241872261181087
2.394396140206363
4.866424711189395
8.543561621156657
9.223582600116123
11.29402650067895
15.57706388726766
10.217367246207141
12.079795059208124
0.29159947500803823
4.213976027817147
13.941936438828563
1.675462973156669
4.959232341223484
11.021312552626753
12.689857143821365
10.29970034758732
4.035860226987661
14.779539733767137
14.219296793086187
3.3023766793268994
28.794279325517785
7.887436726168939
8.967836224818216
11.152597954015837
11.807281656461603
7.981184139431623
8.720689400914763
4.380615177911701
2.3828202746496276
7.382379411794958
0.36878907610372597
2.490861613018263
2.6843709247310734
2.9377670523289363
1.5441335661038909
1.7977596764107657
2.177956302147719
19.26884324071844
5.255671548309868
2.2508775969182655
5.680364795083628
6.4939808041490545
5.076708501859658
13.445127591806111
13.641495414988
3.6055554252740203
3.4662358965798
12.692859215025681
10.187928740869184
2.146325174291926
14.120922815226233
9.117870634324007
7.636996506592215
2.935162730951106
8.703581033144122
13.022325968213098
4.475780118360948
6.301299819437934
5.39286235935365
10.80046399545276
3.0673083229263836
9.80114178397906
3.0885896445549346
7.121503727095164
6.730189777333356
5.319263937576367
7.778069966142156
14.505390389629659
7.4932412516190015
6.5468926353775325
13.666951631067423
7.520071355841053
13.316149043896381
10.294448485340979
6.410431175801796
8.078941799307056
4.789787571580099
9.07690252943553
5.3651238144677516
8.54703746764434
9.278602722311678
5.981332567959656
7.99807234092781
16.143783291303027
5.856991299517027
0.23609527725269425
8.964283393526069
8.713952939380787
5.645154734252782
6.798544707920986
5.971442963796353
1.886246410902149
7.753893486827546
9.886659331997649
0.40245712922223004
2.186022427016067
2.4462524569253588
7.263886565384809
12.423057376259834
12.30776475263384
8.139872295860112
1.136735053813643
6.4172549007934885
13.557218905048858
5.780874455233969
4.363011831383379
10.93008523977712
8.304180602238237
5.759849218866249
13.186098503741864
6.238497334923454
11.571400174069067
7.6928233911678525
16.231377504924072
12.831480839994704
5.29138271935727
9.793700105722408
4.125346127213223
8.616230536593944
3.0823425869279535
29.255909123067884
8.398186035100625
4.993764525105238
11.042906009894972
11.7164269547418
3.912762363316681
7.781233959113586
7.665831017231329
5.247156369348764
11.387994789977435
5.6167026757276135
5.681527864096712
9.589522276871982
6.6285634075697235
4.704540548498068
6.841543934308382
5.149747493786731
13.1131317510025
9.65408147327025
2.412458026879454
12.069106506761528
5.344640921752823
6.783500747078215
7.701086107906109
9.226194187344344
8.599207820571028
1.2837215850018313
8.790262197128364
5.295450232225412
10.124275977594673
3.8601272760626286
2.516264480389166
6.549613557967791
12.044292022648966
8.413932050750631
2.5476747785619307
6.2003327816104
8.262363945559487
4.334096646009968
2.9511361274016097
5.372358257979988
3.839907856362486
5.559823298888627
7.42501975098628
8.911659498453627
8.906248349854218
3.5412484670678404
4.065060843635179
1.620465182307243
1.4420327291550665
12.122718066432014
15.268527553299732
7.600837793017124
7.3919409398528835
11.665834448347558
6.561874431015181
1.386028164519503
8.287135555934784
6.1871240258574565
3.7532844565350048
11.996551362158558
4.722446639553745
1.4697183887869396
3.726213132239069
11.185445261457803
8.296771427049066
7.632562608759092
2.477659836556233
4.5824638266505096
9.256103640553514
16.78482686424429
3.656621408356702
1.9372043724088261
3.0243193096865757
7.287442075479001
4.801456002730261
6.13485474282437
4.811753932221436
6.302040023759977
11.484351222536958
3.1066378796933325
6.610842449430611
6.8289350636927395
3.8713840996138154
7.444731760415067
1.9270784192063082
5.1680241859828016
1.9317273949652416
5.45712903384871
8.082627886279072
8.04790959709949
5.119600776340178
5.225938306438587
5.270157543069628
3.314521378845397
8.127057451208648
12.880957396232054
0.8457842424597998
5.855874626501643
2.20311388679319
3.4394080986505866
4.827205409579259
2.1827598624744957
10.438069128647378
15.499910326723729
9.653543408078638
5.151350546009992
12.603157487232098
2.428062082974272
5.681756702628246
3.321428129578614
1.6468069467363167
3.5640493387300096
3.397203222104515
1.0546665579980865
1.4818791237835003
2.4608842123585672
7.094749852255167
4.233543741515392
5.259435797865246
4.340178059709443
8.170446988500721
5.0963383572218275
4.300962604005122
1.3906384970743082
5.63271310156988
3.854033431225229
5.867295395768364
7.897046543738899
14.498561607126444
0.977274862851896
3.5849057419003922
6.745131055380007
3.0004429841466393
11.407955491890238
12.270704937626126
4.966879246020621
3.0462572066095976
4.970369153751676
4.05152729220838
4.230066673179024
3.855364629107322
6.465725336021617
8.21764819517724
13.295732268888166
3.42432575448943
11.687124014417842
3.395884978336803
6.763441454044475
6.546778027013527
16.64968053659595
2.8327511518566113
8.031591511519492
4.9787051820107555
3.273086171120239
5.797286659145075
9.97424343689833
7.9374451265236585
6.530628877599271
8.447278959298266
8.199855106222662
5.624969310058856
2.86077838715991
7.067709658282638
3.9671974979081677
1.9930419250733813
7.339668121281556
2.596257389053078
0.26625187361616126
0.8582050747276551
3.923238751791425
3.517912757267676
4.7967560514433085
1.4992391603574238
1.7620922804945351
2.8266181151684573
7.064526991685549
6.077789094697416
6.963947681994355
3.556245290295506
7.397564481239291
1.0551167367493177
6.36170919269756
12.630659246947651
11.245982841260771
2.410355592347323
8.192021724507613
4.560084721631105
7.4053604749237225
7.072547365509785
4.913855333038482
4.3166975528615215
2.584688118844987
5.40261608722902
4.5718652957959796
2.130064996567156
3.0084043963269913
2.611690195762343
2.9749891494629424
6.095386530392683
7.016846079956203
2.827893104665958
0.5153909899392708
11.746832670856763
5.35787978784149
10.985933469868845
6.475733781081662
5.444967617296405
2.8332473868094636
2.875597561288973
2.2488846264963915
7.67607409957966
6.107899481673673
0.24718097778386197
5.749555944154486
3.6964781710623265
0.4764139894799705
7.74830818647092
7.083677762223947
3.695436655508009
4.256628658794587
5.762909321639297
9.093252492134432
2.900006966534259
2.122590370978712
4.654674612778424
6.394191049343221
7.099325009670628
7.156474271315698
3.427124207915791
7.177282088736915
1.083522157066166
1.9753210913612755
0.5347806324000395
7.518008009318077
4.660461228495758
4.590280385508362
6.4236602303496895
2.0746763112442452
3.610663854587059
2.0586976987946524
8.494033952928845
3.6160050529583607
3.2470136864086614
6.798070439477742
5.289843321150361
1.1894730459353358
5.604097225069278
3.102098411158646
5.233350667387647
15.205932960938139
2.5761922672492643
2.380917348377468
3.5629139137227455
0.8342331420628498
8.726949664405625
7.045833503892872
4.42755849260287
4.086100030340921
3.942272277377975
3.889870160979733
4.7054930163438575
5.876320433400606
1.936967788335646
2.7772147213236575
4.383481153253412
7.625099629397782
11.558796129562007
3.1307782150568872
5.772581093885632
2.7724451635643694
5.323900293144686
11.343949497858459
4.011011959064783
4.266794085903002
8.770883251933968
4.049471184045039
6.223833815391738
5.056515583579508
1.8854780175864327
1.081677637218484
7.1828461703524145
3.946536868343122
5.54197021965233
1.2936517198335984
6.304260977076238
4.606054342635573
4.757394826298845
4.2256651713294415
5.1833703318358175
6.811342919858688
3.9390937624709834
3.878419493157466
1.6634991676600122
5.529367040784862
2.873070122859042
8.611420353314976
5.46339042928363
2.833837654474379
5.459586168105058
7.792289889971806
3.3654266243583146
7.033944660997218
3.0240486173633934
4.90510686576449
1.9776350835506253
1.3976066175753958
5.567909938390864
4.493347140159937
1.8657538048612967
9.027116176201655
7.3145754337449045
5.291677338604005
4.484163605311233
1.484038969649359
6.216198283098815
2.6681364571325834
1.875185933314225
1.1222758199640919
4.217091907823744
8.20864341061855
5.0434737201962205
6.759178409994349
9.37653862501774
6.28988274642138
7.192557874392907
5.476856897570901
1.9549295993505569
6.629493923023583
1.7668200819971318
4.377211610667219
6.423570705970009
7.827832955410054
4.194171492488502
5.067918563165672
4.292667521734633
4.818646237430358
7.088051438584874
6.714900615734868
5.1744816095493595
5.081672118395561
8.809094002117858
2.1545193536048393
8.315689676269931
6.935178966892292
2.969398094602525
6.038565931758159
6.82263709045966
6.470533392575883
3.26485157739699
307.7794
59.243375562717794
37.5290871939439
106.16797147821393
63.270211923225276
73.83003560427422
49.12879995343044
236.53119242278464
397.4356660717423
1153.6037187038144
265.78004021972936
255.30716939972774
34.496275175156406
213.42457381427664
245.8536357458891
62.93996179276772
272.00205044614376
364.0254813106253
530.581210025774
158.98830819503831
82.54206119217488
211.37370536536199
113.37488467978437
65.65186072840497
81.17291314246042
102.76382741597251
31.76075307038434
126.34272991810597
147.32400280384064
54.548875285816244
82.36067548804333
264.7983551328301
88.97713244212014
143.69424915230994
257.8454815691985
92.88155787294718
299.34310315844965
113.01399551239929
31.741557263790945
146.24043056709385
345.6927839501292
84.46633797952873
128.77217054514904
106.00631152232036
83.59378348427109
144.7963876001261
18.683047239662947
71.1137000927468
370.2014366643199
107.12849602078659
286.8754959159872
300.92534811548546
111.07556056496752
246.23466345810178
146.48065272001543
92.47601018772195
381.7099715679321
344.10532650648366
131.74825138476712
125.04089108408668
138.054431792301
182.17178246256205
115.57539460346325
224.78957013879074
344.23762411469136
145.76427813667368
80.12268757226873
121.61619202126064
69.77063924581248
280.08609872330106
197.18096730014688
172.971306909784
275.88576080157264
106.3590956713641
217.4252160999389
116.76821083295508
69.62704925939279
65.20913760502503
137.30978007285918
84.07371022584147
179.55346767602362
202.14897660170166
209.74310590598128
88.95105607753364
79.53982895609367
141.59317008420723
53.95457116371476
120.96172122237688
154.2153782043669
103.5613297939064
147.9585995726724
102.9907404133032
126.6879227873779
210.88841934395703
71.08080920036849
70.58076071918435
150.32484603803258
62.42078602909336
244.48821891250554
115.19311482542182
161.02462960513756
278.0424235726372
150.23817959547014
121.15318808898317
110.64698159309575
100.1184445883416
107.6891897948375
188.3589454213803
56.00702247899786
82.60623137063192
160.83318852309574
109.81515342284766
34.85342212389276
187.68802066302067
38.36205871527762
87.8272018138045
68.9786601219544
77.89766358429364
89.60770798648974
131.48596256756514
98.19945760289974
34.72676994485357
70.50667264513628
57.57712026280773
22.489048938494523
82.26041764387742
120.7968128433024
106.12541358521399
114.46674335910231
197.39466198469776
49.33070402161201
26.750196678495985
83.46211308648104
99.30836100400217
112.6839521812029
20.130891605648838
107.25468344568431
97.54877825242917
16.90762001229713
60.22737032244099
49.64376771997795
53.95055507035281
32.61394922273283
30.58322385998887
55.2002157145905
72.74454884653196
38.41848899016362
60.07732648755707
31.420518290672312
46.23972109633005
41.77434340255759
13.517773281494136
106.93322788691529
65.99889039400139
20.587169015766495
64.48895464787184
38.687110308574276
4.897193393900692
81.36681242584112
54.23342268353065
63.91011943748336
28.02270215774065
41.70844242594085
53.45663576671438
79.84894740434868
47.41810011279564
34.974403345659645
36.24219253593859
37.153364893161516
32.06125750802753
24.8444400397392
14.761957772635128
32.30439035817304
14.533937719756903
69.67610033782717
14.80604304146978
13.64310214020177
40.94590827239609
36.790264413765804
41.04664228722652
48.25660066332096
44.642182290072896
5.834595236675896
15.066576843612808
18.524413765984534
21.404051059404804
56.539026805433195
33.13004615152705
27.769682059201674
22.022834705208453
29.547813407552116
42.9769742118542
32.443443611527435
72.10941611366431
41.632007005595625
1.268231224304332
41.74559367387251
37.33684274987474
39.788931724592715
26.06935591058695
93.6607469792975
11.6399430319141
49.137033346570696
64.09464201397964
34.02074133577637
46.712371275203395
14.916869886621273
33.155018365036206
25.00345626397954
14.018505974663377
59.337941256794124
29.956898621890247
47.82579336769619
50.999287584897324
22.738409056157465
14.181708867258058
22.393305234861693
32.91471796597447
29.367577153356414
30.615424206794863
32.05031784072234
21.118897218198047
69.29566898259331
15.99888805736781
18.163361903825688
54.92434922947985
25.46408248136688
24.454501924308406
22.30649667932141
39.48621846699859
14.585460803843802
19.994727779779463
38.878522963641345
21.567725067728905
51.85394179208164
18.80929174190123
9.05671778042788
20.359263286461065
28.41983996412354
35.233770074574394
36.83774906198643
21.504868911660832
23.202262531307213
14.746630949071848
31.594181500756125
44.1308478429952
14.042187607913462
40.383329233626085
17.078012598442687
19.542472123715942
28.29448486841391
10.674708725230536
14.68797397631652
5.651054498056623
5.883535663401956
14.354798720618343
36.70689807875327
21.234662641591775
38.82060879639
45.67307339997825
1.4862497229755873
26.61279709965247
10.124685955361478
18.730968605843856
20.167355260226657
22.97931586749229
33.3271651900954
21.177914332311023
34.256473143983676
32.25514228641606
28.747093918228185
12.128322035051516
38.29545250199141
7.293964149804842
23.134650180066913
53.66763323414469
31.436576839869357
33.48541179162595
5.686884902414661
25.459435097504134
9.154110533821436
26.735432695917932
26.285365067206257
28.712885227177637
33.02326233663965
10.505444998595216
14.060541300855462
11.839020507931624
35.62608449313684
3.3790738699406746
35.8997727463701
16.75383794778784
13.534511362655893
19.121769899314554
10.848650845254042
19.18203390376237
22.36720738144241
11.03683897522633
17.790938581961253
5.613293067111294
42.988961769937596
35.84176950905034
43.03379426472266
3.916998582207358
33.34257342202532
20.936028573608624
15.417270438108028
13.195490279111445
7.389047709233582
41.71512721532749
17.969986943842496
24.124763830280695
6.787696869958813
4.228805290010776
9.376989489905425
29.297376754524556
36.37501903285938
41.08305970558605
9.251233947616717
14.718837282368364
14.253147895593765
20.393727812937428
9.173003472123806
14.323920678903349
14.993264306993616
2.7302706343696763
34.79743441908972
15.973518788403922
12.039873560228392
16.815399055837457
34.44817405517719
60.521617000028314
29.504657765061886
4.7550305877888555
25.26895052724876
18.804758578470732
22.792499278981538
8.632316096113788
8.644810893844646
32.53422708277425
27.299418451201795
15.046095845790262
10.252642018684767
6.262111435825775
20.88308045609822
19.51056523681249
12.968624766186743
22.268879815106295
12.315263731751974
23.629815327572814
64.30612476542596
4.3807328142153
24.016083361573006
6.185130168427294
32.31747173259079
27.098321586205063
8.651848122570655
11.683331912006539
6.386546903918437
27.823613625095973
12.123817190126612
8.651630627631294
12.850230414549715
4.439922894097943
10.9244819397815
9.824375411720672
17.180928161641056
11.506089793955178
7.34961184297545
25.513305443618417
23.02949330473548
2.8100525918335486
28.804473758329447
9.07669846702479
39.05788110507019
4.32153095220476
19.616900750608217
22.66271593020549
21.645513910811783
15.289963051004094
9.047290510358454
25.603985908644166
16.55101202351394
5.219829942113113
12.395294568218011
26.645069570613646
13.771877201426163
27.91099771304954
9.93700150639823
32.973326404560176
3.446612134775637
12.262417907409446
12.754080341588203
19.131520778000894
18.632694302094112
16.705977764648182
8.800641382318132
35.65695153705825
31.611221679478625
5.232506886350628
25.67423880931281
9.64264852130436
7.787403017371903
24.841585644114843
19.29084387877165
7.7484669388653735
7.276290127807527
7.02408002514649
5.244172865033379
10.007737078119593
17.723584202721884
5.436067121634832
7.7124611458174925
7.164214497166316
20.878739195227055
16.970782949944976
31.9402145254119
17.92545440058545
3.920715173385496
20.549059574249977
10.56714357004388
18.89698010133877
20.74407979207009
28.94814895102209
11.222544376028788
13.052105627260884
18.58902999998222
27.05876983202919
25.128095420389176
0.6284690924565404
3.409743514179787
23.1922798918375
2.9066280797065085
11.451420891761353
25.589921247886547
6.818921297505419
14.14213415477168
6.065679916331836
16.416799855110973
39.53944525961211
14.497378832998788
19.435773558482214
15.391842666861027
32.01759447666561
9.516221068059577
26.00370199457492
15.948914865677295
22.03387731960902
30.051541368758205
12.59798543786512
13.370139899449095
24.69393885722898
24.16925731670248
16.690772775896413
26.974376719449147
8.975552251252118
5.982312577317102
8.844379579225146
14.607089789470242
17.08449039356545
13.349241965372258
22.71268984801692
2.2068497216103053
9.78427514340549
9.54604629754908
16.011612216415223
16.989026679995018
2.842940235672823
12.522264734037835
5.315765825975322
11.493799317653362
17.750749202216582
6.918299673532467
12.672075462145845
7.5557777451670685
14.61471211418867
4.4313631171140955
9.026141640758116
5.8473100845608545
24.096854629188734
32.43911170322539
9.52368160876879
17.73409147890253
11.336320344138189
8.496962929817995
14.927186357408226
5.708614970126165
5.611921639161406
10.72146148966782
12.688153951703308
14.402278770622685
10.001606290573626
12.863012563494536
6.989411440014073
9.923154522523006
5.480308563069095
9.732346123552185
31.350188339752577
13.845556786631846
14.946801831240402
16.918481459148673
13.239656549521584
12.644099553541714
7.1175038322642
8.779037229879775
14.087095811780674
18.279461971114674
4.7487697184161535
10.393723708950906
4.7709610706921275
15.416115790859772
5.10072596735999
13.970999924103154
16.237860386502355
14.902098087324678
13.067100755647381
9.258766049686145
18.84018546139068
5.770306486265243
17.735627531755124
6.626990243797337
11.036297030296986
10.042469988606031
18.048186157988138
0.9938177727524439
16.152460713907402
3.9149122430186414
2.4666367511936946
21.248379892152492
6.157845882833796
6.587334073485363
18.152463243141664
5.773788016291411
4.571411999952388
6.9485860534659825
12.089762841845705
9.672317843179519
16.00807811638555
11.719932303498585
13.532694699548012
18.715683105903857
16.928652150828075
6.086313553353528
3.5061772926554773
19.816358615746605
2.9661877626430826
8.194948016120751
13.788054466806038
4.473444325608696
19.41990194787991
36.350943124088325
9.167285856078852
13.523114147749123
1.5474978519281304
15.796339573780687
10.706786183206146
12.962159133874641
6.092782358908141
8.088335561355454
4.787075544283121
4.577474930101487
17.031648411612867
7.015560152092536
6.538458274732038
13.557608472415776
8.488664056584103
15.63553889981907
7.953612211114588
11.033757526057913
12.02729246567607
8.447014507712597
16.276430122401525
16.86444699740246
14.926002249059268
4.198632720413022
11.352202938409809
16.37396517147029
9.499629814328733
15.865401871268485
11.716334542665399
5.521999801475601
2.1479849543097864
11.808000112157668
2.720863548991598
7.581788025271013
12.35390511289948
19.169203751310953
10.225194860101187
4.597733455257169
4.335418688929413
1.0454919936629026
19.14201018375319
4.537639988627688
9.93668795200691
1.707909463129374
20.052570390394994
8.36358160281491
9.761863706509272
13.077677166449774
7.176888706490079
22.350709134342036
21.637291123519898
9.951201412968748
18.48649989771149
9.98163305060992
2.1565218250722813
18.055438924664475
4.579158626627832
7.127340024199988
7.231339845169543
6.773208872373455
22.43528254616151
15.636137995986298
15.570855070802113
6.851390218906136
22.8025235140217
4.830037182924402
16.066472922623376
5.733252829119053
19.282638040923484
15.803599371092174
3.1481258612513034
1.1945522981363617
13.337426265450583
12.191344236697393
7.875125667316671
16.026654077881023
16.732359934173825
6.126743959122291
20.55502383806844
12.937233423615677
6.203291379173884
8.316641250826393
11.994437624056266
14.558017903965943
16.135578905848487
21.871661799646617
13.196683645980338
12.62890534964022
14.6614506074389
14.246245050474295
11.672148111743013
12.055355462657158
10.415397609737333
7.098417945974752
4.8363093295810025
3.982025581562441
10.46842807933636
7.883092256987978
10.61724783428886
19.4790197401672
13.485185107634035
26.5822351478984
3.8042420006727955
6.0055367807388365
9.867407817992577
12.01355234348406
7.558713719378074
5.540304794447062
12.053194568083725
11.381401551555188
10.09463707108772
9.964543048810654
9.872233109650093
5.141641631092612
9.466815363264397
8.670738259085898
10.702798296272817
6.505089029664858
6.019853690024376
9.368370895129459
12.205120698472305
4.989867185531793
3.7776585681515553
8.868644879020167
8.419315368546686
3.577162383048351
5.70614086953179
10.378644150029785
3.950608163455723
6.573062301697729
13.657951873284958
9.229791681039542
12.918387644371412
7.7513779375085825
4.16735923523512
8.333349958799186
6.984798653694267
6.631737143051696
3.1842981335835883
12.937151077796623
8.138806305897702
9.878445571544752
5.8911260879901
13.660806214041216
7.359259783616269
18.9883173225144
3.272272559432617
12.533235765565268
10.537510741337456
2.939217956159004
8.788279593530861
11.0207693484042
4.18272891094902
8.431476806869968
11.665005141407892
6.517620798942865
6.519426729130487
5.027418431774262
4.0708272516855
7.473063202870856
2.6728309836294493
12.019815721357743
5.769882487680304
8.085580160380914
4.692631618206688
2.183547944773295
4.606407694539592
9.02495015243246
11.037452204669162
7.723350545067944
8.860831054900265
4.31674681761459
2.4161773572228036
2.128189112675169
4.997305388339658
2.6701761577376524
12.973887979698267
1.298501908514904
9.46146812781647
9.779481442206622
6.324769619192458
3.115989209933135
2.703232724262049
11.40803599082374
13.96909270375266
7.629524354485213
3.4662819743567654
4.523851214432758
2.9795111712110263
13.074491250153557
7.287944705049795
8.735912921527312
8.119020730343308
10.176525294671343
16.96919558752813
9.00894964731215
6.196155049168756
2.7646016650650913
6.195023031509746
8.532351498468762
2.2306807293773776
6.167092052339637
4.219458526228859
6.845858669081667
10.342672411590558
2.9600576616799135
7.969562097407065
7.866183292769216
10.945415711370833
3.3236463560732354
6.596842512271205
3.999043765589812
4.4350811399166865
6.335805679210155
3.4593950036837424
10.560600221362602
4.638626473748786
1.9918874570446727
6.600077040062551
0.20968291361835067
7.375837842990824
3.4021070973193277
7.632373614319032
12.585323523365298
6.409404881282812
7.985501491236623
9.514957116560323
5.771472948972737
9.905405149093482
9.559898885744635
4.2990518930047905
6.239512255063764
7.907529763430783
6.109581652800497
6.324248701905249
3.907103782084528
7.204908596707803
9.882086947754821
13.534210589918125
9.137126350812729
6.809832975517095
6.367336255367098
4.408053007191432
2.569681847967122
4.875093968812027
10.791230976506272
6.063756794935449
3.4380726086853346
10.757957669756536
6.3387107803017155
9.686866147672609
4.096973217911108
11.875016487119298
5.84629897453665
6.704591251687418
2.8610272165929658
6.19953192852847
1.1917074811161161
5.022005067276023
9.944174710439379
7.574459024359807
4.093588788804441
4.559016822630394
7.8756228990202075
4.513871295501406
4.483490465237852
7.038336938905634
7.109581436344634
11.444592386395001
1.3826406859265856
0.887315227595649
4.146667641460009
6.660004326369747
4.635489838865521
7.2416798322225935
5.582795743867508
6.320084534749391
1.1436244872766372
8.915727445160792
4.467568580931692
5.576068199862749
5.944117091161366
8.413838251930846
12.716087548991826
10.100493905966374
6.312965073535722
6.273487456456126
1.9558031586707176
3.4796951450279896
10.714320615371742
3.08666888845672
1.9053335191263923
2.474771391457868
4.9340975799401345
8.335498546299181
6.7357226036086155
6.366743017019653
10.76886613420724
8.768069257883958
5.988654654899139
6.0797031064977265
5.190622272814097
2.118888733398064
2.063057484415742
2.2503689647162717
3.8519979234820667
6.59042288331426
6.955033295084759
6.6794885798632535
4.820825473613472
7.0715183276902485
8.235477486770503
0.4234975645482881
6.032700141248397
10.425498531737404
3.1137085099133164
4.136168519923102
3.7071089608135517
6.2793666380378115
3.0901749984638167
6.248388145770772
7.295251331043097
9.107265955463443
6.510057748268854
3.227220744839789
14.134731610867107
5.050668146274578
4.266468115156766
4.096643879151331
7.9590983693077595
4.879868788216602
2.1346895428761545
2.9129500953757863
11.59853957704199
6.693539904201493
3.4389891124146255
6.093629692358908
7.742021458481953
6.803703195176076
3.899864226395404
7.059251882101537
1.190611424764056
11.567211766514403
13.767979786854884
4.467149317063877
4.027475978943938
3.36190978507351
2.770117692494829
14.756254263250895
17.727877477264684
10.320303778623089
8.47914272213816
2.196290942033618
6.613005690896205
2.6371683814032374
8.26044262065883
12.344897507817791
5.614574337871789
7.863412220022314
1.8097456175939934
4.89084537704023
4.793946255889952
4.903937774101788
4.332695133320321
2.945624613216836
6.830576922641802
5.983278804633393
3.8291825062939355
4.841209550395644
6.006860863448951
9.40200096643058
2.214439731772045
4.50551235133863
2.953755129243664
2.5958486512367744
1.9843267638547106
5.911631734400317
9.368246892672213
0.2793125607528525
4.071823480450446
4.727262537751141
2.82458187090628
2.963261908703939
8.740477254889381
6.291054057149177
4.38000859325737
11.025736097214924
8.554905422151391
5.822163231380761
6.059185330046597
7.483525976678503
6.580226985265079
9.35300775942341
2.7571650825322735
2.85013600539434
6.223647632578202
2.286122861364668
5.752548526749453
16.665313471093427
9.927213310020909
1.7833749569607058
10.137460640904807
7.89762172143663
7.54857226949079
12.22625840582033
2.4398695274390203
2.8347881799292995
3.7575576666497024
0.9268555430878427
5.2917544752315315
2.9211101534438857
2.293530846316699
7.559917227065074
10.150845667465278
5.836335878524934
7.747862580905989
6.874683092906981
6.215798446118325
5.411738320751503
1.0166537649178664
7.152672133512683
5.830941025531885
3.147329337764994
7.507230684653886
6.98151243936353
15.22492039340005
3.745622762308107
6.068721487732892
4.894272557075958
3.4341196796064404
6.333644563641133
3.4687056892062187
10.249772494015795
4.67269938414278
1.8570436043762226
5.594859601354457
1.2652409170401533
0.9689364027249601
9.982943348556724
5.104248822806848
6.298459258722911
8.270934350218942
8.798374192905857
13.465812906148017
7.3325266178094655
6.982475434275758
6.433357076793314
9.07658118604863
13.676537423716136
