322.922
7.439075526886895
15.486502195454857
16.752895050985344
39.5872710007765
25.9617638216216
11.353525543949624
98.61505572987194
171.5416797474102
613.0132264491064
1085.5641772744232
484.0651688893316
182.44620488151648
155.84250734585552
21.169483112288937
79.46313884465977
101.93381443174778
164.69742620317322
375.0396060281511
385.17515781652884
169.07968448322345
221.16213993954977
136.00283965287483
235.8069916840039
183.32056528873332
293.8575104488144
154.1196978413441
154.29006005721945
314.90882849144975
88.95666639777833
206.34307718946826
148.64230837457686
82.40091656896145
75.07992979796978
160.18466800472808
69.45918795213106
206.1342897390225
42.674593749676426
110.82933224779865
78.33618156730664
245.1842395041567
146.53548875469542
257.1091641010613
329.53208445962804
31.00425106063438
118.53051255111191
22.027927366891824
184.21105658372701
122.88453944077132
88.31963974609594
576.3211570342015
433.72538938447786
203.4206514213999
237.91088072230707
321.40476224895326
95.67140300709487
106.8297497108959
79.56547369245821
143.6658667873132
128.85744429126308
61.66116165058539
144.31664149047023
194.9306891282169
167.10492771713967
85.0471703413122
86.9116238778001
113.45549058215462
207.9321467487853
112.13441280035758
195.60236911247011
134.10731163091864
184.14213531507457
61.24974578895583
93.87632188931411
46.833920883405305
222.5529457576854
73.46014123609608
14.419870462187859
76.68697287694019
34.821800725259564
125.97105637062631
100.51679231229814
14.472820012488217
162.54986643829074
126.94719364428246
34.57287941686273
104.30180305353595
120.4097469622126
94.64508951601611
97.36180550467934
109.49166441922404
89.99949472510004
169.25249152718143
225.30650905396766
96.35591256188037
69.00199781935302
153.17976975265748
16.385993261419518
126.75808138536144
132.9687266647175
187.1195332734751
184.12508779142001
78.91334023760362
36.58445500903833
64.79394867882621
20.6738497186969
132.36945788999867
93.69389322172992
193.99198883379475
110.81560173447272
49.018132642195496
70.22885310779712
55.79856344760391
25.74507945318003
131.91850126147477
144.82255975020993
70.03470259350928
97.75243395566117
35.555950103665644
143.4648277546765
123.75835690897672
39.159322963663364
35.422935274152785
118.74611758224106
66.5759914200449
49.350847923137756
101.62334169289927
86.5371122999003
130.0334017678131
72.47311552872941
35.201169813888555
88.10533757442349
57.81584157964858
46.63613229272989
36.477568470844034
42.054033899946695
44.747754359283356
84.09866340358114
125.50251745129117
58.59827097501486
26.722269439142853
34.99854059370755
14.05060415062606
62.913651535593004
48.262537321860776
37.157811416748764
40.683510687266164
73.04953102799396
34.8696651672114
48.41541349626382
59.736939696366974
43.72434836788973
106.7701862802079
7.319365729485189
36.868869192417044
93.38028169717472
44.74328740443768
48.53747206225604
66.72576219306727
59.49524845684263
93.82594475849862
76.49521151761977
39.507954806056716
20.275475750861986
72.96851937412858
13.917555757367557
29.64028928600844
11.216125407748246
71.33582056524281
25.76105416361004
54.125226371424084
58.36489391090181
75.49662291070884
42.919729315886514
19.316627533188562
34.48142804582314
47.257362910617225
11.590056077956742
69.68607530899064
45.514629920802086
10.97410110884115
32.637728321582316
37.66290560745895
49.610930090724075
11.930800464639086
55.45306566236221
18.428395907495005
29.70327272902779
18.861111502072625
40.55091303945266
42.191728986822135
47.57796043472998
37.97276287545776
25.506409286018453
20.26666080671444
18.179332924199212
34.46611052751677
14.561208623641335
78.02511282134428
39.36267530719015
63.98867129120914
36.05727893409748
23.166513080360314
22.173074007806616
5.060497720914303
30.623109934487196
14.881788776411879
15.061005648176758
20.968440227510722
40.99984147198347
27.594148926156873
20.98557671679231
21.19525959496728
35.75335245419934
22.082065172075744
42.94243845429932
48.43998094843257
36.594655984660655
39.801469733839475
7.929890270476405
38.937051637539696
44.87303753041945
57.132595822507994
13.503879363141499
36.13647250077328
12.817722217311102
24.877699420740758
30.478310637906855
27.21672881731474
46.304658346580325
24.512730150115225
14.538431499093248
16.584997164539367
29.813162046489794
11.661754954045092
35.41357266422726
14.093260443606335
53.357532091805886
25.33573289387795
30.63752689728243
46.5637663745377
37.93902253467355
28.267942532775937
29.682140446553166
11.959395616951873
35.17342518974706
23.081846949443268
63.16868223582336
7.168042210062541
36.21762154724438
43.32403829125848
12.427174671166654
27.70514260961171
6.613171150205537
43.43483415074059
37.54697441046483
14.741135454632891
36.47839292763097
24.178517002342513
36.35126440742987
14.736358475007805
11.988708222418316
24.298331879954407
57.45432687437317
30.61771959505265
21.67836624780792
10.660290396773606
35.419741531202355
29.34756779548313
23.722064969189532
68.88561629923556
31.539823019525837
67.33330403606097
56.164369948456915
32.15777721192028
62.80830584731843
21.481462089111027
24.428624223827626
9.764616739442197
39.21273701621431
18.594839121768544
37.384156779227325
5.099468077600238
29.538266779912913
36.07376066667899
32.73957107068508
21.339050218731145
8.561983959272599
39.88314100865835
55.35202166628881
34.04923041883519
29.133259035901055
29.767006431625898
26.91478633711261
18.69087910901312
68.56933379909943
24.988023788404064
33.31071789606642
9.864962137837617
39.97430601970411
31.650910558600533
3.688518565668985
42.60543799814576
5.528062987917043
8.100643111923267
28.144434650348067
46.27774217591971
28.626780652953695
32.002567276423534
4.258322866826039
24.933935649097105
34.53152722027407
6.724841723781419
14.173381848904596
13.665023404859276
28.436558411859806
16.761645588614513
55.165171315712016
30.123202980326248
14.3820711793178
31.092532000932692
33.11783706676632
22.642439739134318
45.87300877415248
46.19647222375282
42.88268195646076
20.75861870596086
59.28447382537147
8.187916577456699
23.77891300549776
31.254306651744802
33.786349967573756
12.894540799875431
11.240343846671783
26.816664085484486
19.794719872583542
9.6289801564341
53.95043878483858
14.329580925326844
22.93773606179962
19.275330205458502
34.56747585783849
18.64881538118755
33.082088869917186
17.436527428709095
35.16519925359792
23.700733945973504
40.785372111458805
16.851160465359147
14.458998765947273
19.758983506097966
4.292991537043676
48.98079160452576
36.80831980069934
11.622315948614443
24.665100456428362
21.732041954118145
26.880694023314316
25.6840371208943
28.66127352245248
18.837358994884568
32.827158492750385
35.97856730155192
36.19648786788766
19.318774671881272
45.91386717361997
19.98580054371716
19.262589504663918
36.70124445593926
14.7255657511611
4.009411372590734
31.667183897356452
22.41907702035165
33.86334603344373
13.41632055238525
34.34079301991573
39.887505122499874
5.35953520843689
30.398080716205907
25.98017076520682
16.98048070032259
8.418815808065524
17.665185718875694
12.509768057319437
2.7588194597177704
18.468333429729853
35.90974980131865
24.532682149420197
18.83971631290564
27.63209064724034
24.947091707241604
8.024213445556658
18.741008101002315
19.035782140606283
26.44922840019021
25.048324064027014
22.089888676885703
21.051662044775746
24.043990895017686
11.79654250313405
40.26257242587302
18.320526040683674
16.877165241357844
7.883661836279803
6.704695342937061
9.75482194005719
8.489769669926035
15.938113917208796
39.093326879912645
2.9910505273742505
16.20128106718184
30.01269052030904
18.57668414754076
6.044186617656248
8.71885156690041
14.12960344930111
20.360471059762105
22.823062386605887
16.347654035946714
17.84654903616398
9.767007714119359
21.798060985176967
13.843685174042028
7.572686719434065
5.603273630692622
4.0026702059147174
26.375279591352527
28.593362333865954
13.929372032505421
1.508310418485682
17.02128860163241
38.35755643672053
20.414193938814904
13.70038222758285
20.962229457203897
21.618341711833345
24.03022579660697
26.331697560826242
25.238626172534918
21.258212830945048
27.46711154495498
9.28265960299248
25.233503062454602
23.384101906281625
19.555658113627782
12.327629714687802
27.06490627121683
1.4594143006623213
2.283436891648064
14.446575153989397
12.89095501770638
2.5533475971361606
18.603101487374964
33.766812617355356
10.84017775383995
24.092886222854755
31.50818012106077
4.089491576794318
20.578086583755887
9.55934460909317
14.480297328256828
13.693505346723926
10.02013751911796
21.748075005838764
26.857788423630463
20.659067563572464
15.770970462238
21.470115308726008
30.31184112990278
18.293674204596808
11.582930249730572
35.650077592591494
21.60290110895696
13.86856071935097
24.387664267086805
27.047054012727752
16.164874149743746
21.259889324725986
7.653411813732458
14.642513112522826
16.54804503948386
34.45394795700598
12.903810728958517
21.134618621600094
19.66408860253073
10.370307393836173
6.785961652680654
12.944481818447827
8.75891619985559
4.0652785977213615
21.961314828621475
12.402474880825496
21.3047242562544
13.905908865687678
6.333465538454233
24.459734768445657
10.369394280917357
14.579390902088745
19.361227052835133
12.238626429853552
33.197267780902926
9.627117413047111
26.951936836700135
17.270445342461414
14.101245599864527
21.820936196660004
17.126676984491525
11.598171338131728
27.60209300582491
16.425867317081867
18.74670339409114
24.75744803568155
14.088997666010874
6.439080069681494
7.052670419535639
11.294189226110577
9.958929991230546
10.133315995986262
13.257181828458286
27.642246319185002
9.395915181889585
22.327157583410393
20.205761755078456
20.122254641133654
26.490912930344102
31.312357081537023
11.901784798567336
29.901843840008485
24.629330330579595
17.652669540308864
34.55923540371652
27.331987999213244
18.09679782643929
9.233179341566387
16.323101526487974
25.34239278846241
20.520974761375044
31.401581872086183
24.71702464925179
13.446171806532746
28.300906909813207
10.306722602648033
21.401471478078363
2.7761832299778737
23.931980041546485
9.608637593861612
18.231935292832272
10.146941212929788
21.200068722527803
12.88534923771786
11.851824625605621
9.076965968871345
20.59285043766632
4.9928602523989865
2.8453269832178076
13.942350118411943
12.429157326147036
4.705757509800261
12.76452827246686
5.591597429614503
27.50494771584208
30.474611111328436
19.04113246032718
10.37195818582263
10.56121389479285
19.702351245492014
10.418843859017278
14.06406831100131
9.55723244744551
16.96278881016916
14.535511054167044
6.108719804541835
14.947451261736315
5.109998513382271
7.407156212451104
14.212901671500932
15.441528728679039
21.048174175186734
26.024211396554694
19.99679759333064
12.79593324701802
11.51724315159944
24.337247476572077
26.57755985149247
9.580520664450757
17.136381561464066
13.641708705050588
18.189729085801666
18.330452141906527
6.594050844933005
14.893914641467692
14.422832268299242
19.13147581469917
26.525396808608967
31.660798299358028
20.727608958295153
3.2139923495084335
14.411673387734607
14.145218245881335
23.586820541268814
21.36922115581812
8.191432332311024
14.18704638595198
25.476665317086834
21.531032990971564
8.983702320532675
12.961882730666657
19.4359512134076
14.487298346977536
28.707792965027235
8.85064456054728
3.7710048132473952
21.420517831985542
24.383239235921177
16.082452655730894
11.485125716739486
32.62034172029654
19.934394227663528
14.294715186640113
21.503083744145773
10.885236281837157
8.940714517930056
27.933207974393916
26.203600463904667
8.575834025294583
22.231953163194206
31.109579413014643
10.815389199130964
8.106307585747876
22.615457011987136
9.643316645362296
37.81895280501495
21.384441381608564
26.456627261463687
11.80480690769776
20.288433344622387
22.587702215286626
28.95390631782282
23.103514389382553
1.4825511497745376
22.949229358110294
19.038193223536133
20.137162458089822
14.258922116877233
7.099468443800488
6.157941701979937
23.828944351480512
7.5984580808553
18.458566976332882
39.09226104419479
28.332436386580298
5.78901902281451
3.49257450516832
16.754692229034205
0.7748209491846078
17.534232616710423
5.861596180234235
13.733017180565989
10.365252638108199
12.318995088891533
10.045658289387738
5.141702896943992
19.26575254655013
18.048464212650586
5.167347714810286
8.063548533323196
15.575189935693002
18.68881327074301
7.0650981428343
26.51282569207673
4.178402279660695
12.823987396705224
19.803104661800266
20.00019251793939
13.73730939933019
18.360415420661123
1.415577808198516
17.115696411193642
6.937331835718624
2.0055204117296688
7.672965776927425
15.482190792494501
3.31810191975244
3.1013075301425297
23.146970521441126
8.029700583823
14.167650109410623
5.38262197930502
2.4336359401552405
9.684311375441773
12.679573486143717
7.508139622302255
22.285797797762008
16.535949558372
10.968478989138996
11.213609748316197
4.930234872241653
5.279459717190443
16.98256380420547
5.528305632213542
13.743737020088245
9.921629670277575
8.924257513446845
4.14883320408485
12.725032870804935
10.326751257016133
6.955491895443052
16.052183163529886
10.711581857362383
19.561625056769262
3.214508775027935
5.452039439442941
6.502935342467737
13.527710077594314
10.362505985666969
8.26061080030305
17.819746364928776
14.836710820948506
3.529118955419478
14.089616417006392
9.335847427261893
10.525324194981291
11.999087356977869
9.590696986861017
6.52371744811687
9.563561238159952
6.206364700643555
6.205533269707856
5.15673246386279
10.812186889139662
18.801157818314646
12.542251021351197
14.904371185456853
12.811178816475083
3.2722941754889123
6.167841790906218
12.818151528277228
16.54087532229271
7.8486083472789545
9.183546897351778
16.692709398275618
3.734523763379149
11.842276321552283
13.763349493276628
20.74892122170293
3.476085199022212
6.796647464212111
10.341523278879352
16.30665416837167
10.860626993873176
8.766402796429746
17.296983865406062
12.521630201095205
15.78897506956651
11.920986882758205
9.61067228889784
2.8342058743212424
3.416582295276457
2.8299707657803204
5.12269334074443
7.783388834719801
9.482288996825332
1.5156176154504049
9.018420244645245
9.818191284938512
10.035589312505582
1.481885123315245
3.924593598746064
3.3430077758356482
15.165210967412577
11.486122133513323
10.705878989534488
7.766999870452992
8.567417361801265
7.0461654129597955
3.120651299174242
9.886321859896388
0.9263075955435051
9.368422613914932
2.6812773747369403
12.62777448950054
8.891315180588839
11.258675722401525
2.588172640646624
10.05870738186285
9.08836548120529
6.7544687545453
5.723678732366677
4.7990310983419615
7.354710459413577
8.454571251311494
9.783095151469974
3.0757077306478116
3.5616507820850574
7.244485730313861
15.021727380984274
15.010775560316809
23.580000819438656
4.7185413498577855
11.76081267620502
15.04654532587645
8.01579493523989
12.202889013103004
12.157370410562734
9.986971019828184
12.048722115605102
0.3940464406159306
7.586876165898083
1.5491306355861185
0.40483456367045545
4.717967903069975
10.359945107631313
13.891119647762334
10.856839798358141
5.9567948187258635
14.606024743167886
13.743348611298295
7.757759535305417
4.705881251915058
21.52759401386113
8.179313082812824
4.314379044563453
8.936060409464059
7.818828848716588
5.956201702821432
15.138825995401115
7.948475491155905
7.4337509477652235
14.19051381605629
16.028455084806144
8.13784028058919
6.657433324282354
6.217985090082287
8.873686218036331
18.853231578855446
3.1719714736803293
17.92753054800919
15.095560835832012
11.79118827156684
8.19145607657886
15.30365200537675
3.7394786117194925
6.254424376675168
9.938091497757753
11.097456903057934
6.38105347209455
5.4339993421897015
11.515502145694908
3.9108163795326867
6.5346898558073
2.3519969493426958
12.15704690921943
12.834797520691303
7.015158279334604
13.12229275195998
8.135239995407396
4.778121206753515
4.888042062321062
10.147855575223506
8.038916999946842
5.154258800131633
5.037718636141402
6.7851251926955936
8.75306558102686
8.503600424733207
7.260790022081621
9.576780317258569
9.297245810959698
10.780153256270815
2.094710378554614
7.0137274763610415
8.798962220064366
16.467704353147987
12.76330791471182
14.199994173419553
3.287885552279812
6.383760575574093
8.089709068384
14.511348560650342
2.824823797041301
4.875258897506371
5.022879864296707
7.737317872929816
10.94637967302364
6.307579503840411
5.975238206833707
5.530584698354212
7.3468921691740405
10.106346467285098
7.548022796916893
4.130938984677519
9.051010805184974
14.565661553559721
12.935709542407428
4.0112011484390955
1.4657641930471867
4.892584758325986
9.566784633029847
10.605806627802345
9.347873344629416
3.5458851191861904
5.680731587429991
12.502927991014493
2.899267318888978
1.4989840388890856
11.869396518824209
14.241609972044563
9.633518352814875
1.7750705459310998
2.4147059081993785
9.365483396585088
4.544645716927162
2.5374249167407092
8.279891177219705
6.706180310665378
6.8004768690107325
14.69429208013886
3.5660746129699974
10.005170477766107
7.265025549846987
9.106017144174789
2.2762777799926495
2.8145296297237707
11.075582100515595
7.54471619541308
9.712895780179068
10.557266477632895
1.9937616183976024
4.044505061023165
11.413698933650931
6.690075365107183
1.2992427629126866
6.536646601995645
9.7594319003111
6.7767341818342635
6.2055288175387755
10.007133714390198
9.536085441261575
11.671290529840721
1.8104380344777775
8.155238786772022
8.303731803467318
6.576221950989589
4.923212132850437
12.80609383886694
7.4223986646109905
5.4784179829741095
2.655144734488848
9.4870445077655
8.916271777961516
6.329234236708615
4.2615865354618885
12.072425720857792
7.719873921438908
5.74011126569668
5.55500548069476
0.6761696118704396
13.024854793215281
7.772947715046903
11.475811275377984
5.020504017386265
1.8313133800477035
5.851713312456891
4.260609984632751
4.476882458933451
7.4563178754360475
6.536073109337333
11.906404652649318
10.289075004043278
8.377467380104513
4.4835408909938534
2.1276360441939834
8.7415079120079
4.38686816668111
10.845398819909716
10.330461601708272
4.54572870721721
3.905857369858657
10.006102756176501
13.063781961583514
4.176666530204944
12.45381659399648
5.776421388370533
5.223458774324402
7.8887649784420795
10.333524555886623
8.88679233533992
17.503421786314806
6.769493056457126
9.60065377858493
0.4891613002438123
8.204587867597269
4.027468566402069
11.340418985099621
10.16044183980326
3.2249245980546477
8.254977735181154
5.079974869405218
8.744967369191532
11.125716401772944
282.832
78.0053518886343
62.95448349969598
74.59142778934743
53.172643274185155
73.28054053146776
125.68301922512285
175.34227091333494
128.76627823259972
210.2765087578119
447.10164071095704
637.6200609153159
636.0542066933824
215.1672650342177
72.33455209606748
13.721681831972809
101.60070204690045
317.36839333240033
132.8104448537529
170.63013782975705
133.18820460599397
27.869384496873437
229.58140908926376
413.45373423930334
60.7289681612545
192.31183779691784
85.05548166646048
212.11382501090335
79.92672365680173
45.0165178792625
74.57418092623804
142.02256395344267
163.27741157927508
228.92540858449215
94.04930292818304
126.6225349377774
247.16902419368182
40.692439091778716
85.74854109860823
214.8570493970099
94.26844641921986
278.5169337184386
159.66431443302528
157.39683617222374
77.78313943448815
240.58892470529167
33.26433495862948
201.35793750321128
303.1862796999799
127.10626882658009
134.95789472194085
171.32564222070698
211.30242592177302
282.05337346489114
387.1384740578082
166.56361205646667
97.04996019724553
180.83205382869235
72.24652777788917
61.26557958284413
129.15790143271826
51.29440914229048
117.799980729304
110.61183157354792
232.09769086993128
145.84924573535523
306.51017787940583
221.63816815799436
94.81377389137198
66.84153512481596
134.81132474385865
69.28266624952167
344.8367303316674
34.12305191546126
126.4666616500747
144.25526998460774
95.34602053001089
84.32583565166716
147.11541806706185
71.52911596519985
252.8115249832066
132.47801596017703
73.955238590448
38.15012255721497
243.27801117969545
81.22738985789664
20.84498330656558
109.21053823981904
143.08829362172517
144.5489088688674
200.31798358454333
134.4857266874616
191.26947886884534
155.0071048902706
41.20330543914963
149.05537333869304
225.40338812341187
83.07066081405614
35.59786015644046
68.96737415537892
209.91831354583385
116.83461001634078
192.28357546769766
176.31409625073763
168.20794541420167
54.87932899556934
146.12372444955608
175.68846374294864
131.61888793775006
116.37324841431635
73.5591739232675
92.25225764279129
102.25626269087935
129.29635227154657
110.73849414839579
49.90496203564017
68.04848987229859
34.154402294098105
50.119048742106436
122.27713664957919
155.95040448619673
125.61308435852756
110.9043786898754
51.32557885350745
109.08269504263771
44.74092134731245
33.23800527791741
77.03866816152565
77.03970887942126
95.1757026124403
160.6983214591139
108.79501810727398
39.394374803772706
60.07324391802273
22.562072016622587
111.80239978806543
93.8754505912909
88.96404862759188
60.276866251900856
15.180592220464991
65.16049359223506
11.697554672177887
31.489740862465613
36.270969363866655
110.11022869758489
19.62410849135984
34.34580148810417
23.899422947790804
27.01416017487521
45.626897888177766
58.630023469082225
63.30059726999496
25.755288679902495
37.06310333638906
34.31952003762365
53.13432966250646
10.24712973705184
32.58918795646467
18.34893929539542
59.35165192896037
3.0208436362743982
18.216720228266475
33.68318891909412
53.20825757055013
56.49829518558406
19.74990050289185
34.58380055590174
80.42322064663334
51.6352345570059
17.978815343464635
34.92284440555131
17.4356623113002
70.43413690582845
28.26034361780918
43.340534038105304
50.65599154482145
58.07277148380601
39.560888416354416
16.47836255504986
14.293031897205399
60.20187182006269
47.067490847081444
60.70543602840833
51.60938709256098
29.251244430549775
29.032316837160327
55.228235037066646
13.750238910905281
44.895398816361414
33.043621896039284
7.724798509309939
18.136806239373033
59.62588900837188
1.7213654590361713
45.59181299346995
87.92345511672907
18.105856589334792
37.44151529556918
42.59052400968218
15.44218329996532
57.84637351184407
8.694993277744642
1.7757510287406326
43.36718124037837
32.04242269691214
30.955528080014265
18.7230625288268
19.011565005916047
46.395016098208885
37.64185504358355
15.650834568200567
12.870185640793233
39.56226729779882
20.23315826913894
51.469039134158606
8.631625488434025
37.03333904223061
25.475284164948228
52.575775700504835
26.402748513552485
38.56152076447113
8.637519837857939
14.423970040648559
19.826241688482387
11.485734676867326
5.8471792304976775
18.818447012300133
20.155168739370627
60.510275428196714
21.81703395563579
25.108871736674264
49.41790644713269
37.428432811119585
49.00734639597387
34.69963925968306
13.72772047002732
6.539171885470543
44.09905120519656
13.814297652241434
53.06286499338133
12.23461541068515
22.763926449141525
4.085326294380074
2.9271939060121968
48.8754489032977
19.779472323980478
14.988718993540353
46.317461908386676
51.02366388089935
3.2153684937213436
56.39797469840506
14.92532509165139
7.844820746121494
55.79219500794749
22.66813042462544
57.6749896200899
56.57560061788626
25.96318335599827
10.991253547866819
24.47179633497178
29.63970128595634
22.494688809502172
10.80415627121271
33.976903992407145
14.834273983379953
8.180580445188466
8.684671134253232
29.416533729242765
47.16328862705546
26.911852703059825
33.013214287704734
30.881531740695067
22.367374523353707
51.75164946301827
28.57251451365577
29.084872505664496
24.615410160153093
25.328086133109334
30.799902439345473
11.808193420263208
14.494200620499733
31.852846732035438
29.593497540052898
22.47118009382073
17.540970236860034
30.08967114789392
20.557814098885412
14.429015150024428
38.656327891585356
22.397737084845406
4.612320396971731
22.036447391641403
26.553277828007992
16.8059129987008
24.154485703767925
9.556250169474454
18.282489647468378
33.490026712022946
54.62771927384509
19.582933373860932
24.817724574026744
16.99026403785207
40.32568961439109
35.49513116591595
21.91464708476983
40.76957844728168
8.770269687702667
39.26783416605208
20.195293813710073
26.555352821168004
16.16110383304106
2.6336674076767137
32.19551076605464
45.77782091641093
49.6992399311574
42.87353746037183
12.580208326439449
14.79676439800178
28.095019713258907
23.803351351805883
4.362129520890137
22.201319162993435
19.60475582972545
30.439220817579308
39.80426268574904
33.704324624558176
14.224891053995742
20.96337705432848
40.5230713957911
34.544722697730734
35.424327151800696
20.221326039879003
13.47942137450796
12.863074036192273
25.211772008455203
55.76830064528873
13.200599080300236
18.13199904503126
9.302901856185738
45.12443230797516
17.773646380710048
62.46053948078708
23.36109279325295
20.366979931581643
11.269614538095341
13.802111196507006
22.007764230604234
64.08025498965029
36.968299074818965
10.431078992558286
86.01096380090868
12.146458408881445
19.91123458030996
53.49592628279617
28.613691585931896
3.2965513514281257
12.73171682698135
8.951522922880203
9.677906487372312
21.856192045663835
14.6904860969897
25.403675224280374
15.773847768632363
24.089979874699583
24.53347728641003
42.83255861403429
18.628962535314596
4.830286667104481
45.14537364297271
3.684074624699411
41.429968354202046
7.266565558030836
47.71955156361558
8.135179142728958
23.635869327823958
15.217364777373069
28.25270448863717
20.539679176034735
27.712225599456076
29.883385035679797
20.247256178566136
26.24956844512786
33.827913201441255
13.14511509872409
16.165667650686967
20.992131006071826
15.331811682009969
32.797302547478424
14.684850554930305
28.933152673989802
28.21213287682186
10.900143373343582
22.168823499956996
17.199301556258593
11.91397023970059
29.570697456910764
20.72447918054795
16.836525093545713
12.044963261611727
12.322801639882568
18.453205625026033
2.7967593309185075
20.639399311459094
13.440983961113131
11.415910083602226
12.488414358529797
12.35990691311663
9.744069062499138
23.467000634820124
1.388759264430445
10.89511661176599
18.372435893934387
22.89027714838554
15.542722422146475
22.923248298173185
18.974528762575787
6.541921289755812
13.717191867053444
20.484594257692407
18.29584183453888
29.900128169311234
42.43717312053466
33.044392460491466
20.840276923780593
24.470881264469103
37.89142847690991
8.608860759683997
12.089987715290759
16.083030123639883
15.727942139862902
6.662648212510725
17.729638915343724
46.22127877194474
40.75385684323334
10.42533131980001
35.48299644924121
14.644658316142417
30.928329180395984
7.227943612127999
25.332441611906734
6.804371771946636
23.880593829570053
24.422193271036726
16.140691241098153
18.07161409333445
15.78046301225529
29.61690904344134
62.13686746306746
18.676875913250985
23.961618343195873
25.857340924737265
4.816546461811438
30.5902680229916
14.788605363095904
39.54236303195185
37.10654529032783
35.48904438941511
8.631545551861867
21.36300945245645
20.89267160311333
13.561176103348702
26.600481961592966
8.35868393098936
24.805376946816146
6.018843374558896
2.075701821895633
16.44547608451826
20.198574482002904
33.43463357145412
32.85752361505381
4.135321286119475
23.49426900948542
21.90030311148018
27.348774125788136
26.389089477123534
29.88033029222201
3.2470175699075297
20.868069796284463
2.6240087890220853
16.538645271801585
16.01546480320633
22.00291802469265
36.04200965672854
12.8427723977757
12.434221833574785
5.707860303403994
7.509286292596039
10.771945367066959
24.94225223531232
6.851486618838784
23.36795367730375
32.14270104273518
5.983031956373911
8.346990412226617
7.349863747529017
6.56612114029636
3.514088796465704
12.820306207305858
28.274477443281093
20.289813616288274
9.845266880353151
13.279735262408002
10.465763216670661
34.18548509706485
16.37234459138916
8.669161599221358
17.303534377095954
30.96278448715569
14.128937030531423
22.372946499430068
34.72249744525077
22.771110983893323
13.310010712855279
16.818158302779256
21.000736401731498
3.3995024675822476
5.3912568077520575
40.95933330688292
3.0757415202054754
12.115980473054133
11.59569560296267
21.246921754552904
28.23955944433418
8.508867920077586
17.17886322952209
8.137181876888151
31.85169732185251
23.078492442758076
26.399396119557924
23.255040514927064
15.409639573796282
13.28807168939262
21.955144323815674
22.266611346352743
10.433411022132056
16.195614301524408
24.959127841361482
14.871901155481169
10.15538289342261
21.200834195746
8.208051237837434
32.78041565087655
17.06090222408418
22.937444659202022
43.585387499258246
6.9159258100136505
26.315171555240095
29.510349318613198
19.09442438562213
33.051852086852236
21.84301112744125
9.050612180250173
22.32925622479005
5.500704064598518
1.9626619072823412
18.345697998254142
6.93644460871912
32.709100965031475
28.303036221466428
12.588569874734926
7.337292152729813
14.151301825288172
6.470199473860595
12.953897143336679
31.354988672876242
32.110966914249026
23.642333804349764
34.71749096456201
14.934137165791375
1.9616513337017676
26.536146907462246
19.275189969311583
37.55010569961495
48.983586521584186
17.277235791324223
2.1613826304410058
24.08632965187569
13.999843024050032
21.438234840122636
8.86047428436046
10.682711149866982
30.276818038416067
9.978161822928865
13.630254283835582
10.407677867966443
3.4054172034515537
10.270254820931145
3.2921182724978255
25.02241023159813
21.198799055270218
2.00484944416488
20.404215032396966
7.65444807198403
25.550085824290004
12.310591105457565
4.84812976333647
37.259296654743146
21.259477701617598
27.1741622498972
27.322634040931323
15.298709305994185
25.392029197776225
19.327354324516556
14.022262867378682
12.189435811739182
20.02540577577495
7.104681021691215
13.810130785762004
11.219835517761341
6.765755722353995
17.238019645695978
11.12039614674451
13.390028033065251
16.979086481504442
17.569340409942573
20.65791993249049
5.485009699502603
2.819761290415906
3.48845748969047
11.554449899064663
10.601282927439067
10.132970604465022
12.542214491450318
23.83016073611837
25.91411064065516
12.07413527367914
4.985475519324027
12.054900930321066
10.180903639982002
16.90790808303402
17.58676723442768
17.767942081302593
10.997017791146162
23.830403026695972
15.735486198088912
6.370616328183013
18.784112824269897
21.108545076644724
15.845569140962493
11.337127510080514
33.559387781208216
21.174016158017732
23.981464758273287
10.07456134914358
30.630760549835518
9.041720156738622
21.183659820630005
30.023275124945005
14.576148648886896
30.004267611661152
17.266300555130737
15.273568665312881
11.314245255276402
23.68138646357673
24.229897050586906
3.8281084447866163
22.331811706907168
7.071892163081029
11.539878846323992
16.167962925779097
17.122538309874507
13.263610534601096
13.149785863673806
8.20879294908746
9.442097003114165
9.116153286765924
20.62344111222593
4.909713637964962
8.346371963623982
7.901213020470674
13.972571055051004
9.410416825725335
12.63145783338136
19.46056579042473
14.969020000402468
7.4555481649514315
4.938243121467489
13.058026843024672
1.2807995983327032
4.385657098215036
11.213925754454731
26.744106329292055
5.699274536445447
10.809642894902012
13.92004611541421
13.517970473320776
10.3632514381787
9.254302315763727
8.705746068027725
17.50676872464286
21.601930149010904
15.04689500494874
12.506558994121669
16.592586379292452
4.61176065746114
5.718975774872639
9.808297678885403
14.521655253498846
7.379799139298838
16.51756373806806
25.527686956422134
18.092339581577104
12.109823141935502
17.03950462019514
10.271850517081315
13.117176956505093
18.070815291580928
14.888008677556908
10.59636283119668
9.011261612373675
9.705819331824141
12.738316522460906
5.0961670716862
7.439002490870941
9.148190142161543
8.706966625362979
17.518276721454964
21.911155647465872
5.714915242143818
17.72101985675681
9.87033577010674
8.862379449251678
7.619527042939388
12.944883196680307
3.896350507230516
6.060129607236134
21.866464682236025
6.709665274111097
7.447620206317507
8.784568727436328
6.346842959632333
17.297755749944717
7.261673924880634
6.703558530632984
2.187074922090392
4.823818675579499
7.285974098154389
7.810932425011706
9.75563852862082
7.99539696376123
10.240617002493073
14.216498709046112
8.441276887261923
1.7192658727627108
10.110939947011147
6.968740908434765
1.0290814207559247
22.119568669975383
12.97288466472113
5.8131770617370355
2.264780147902946
11.466985698698382
4.805474695659035
6.563437733347571
16.446868095598624
10.982646534462434
21.43163990067406
4.972523358238663
2.6099323815078144
20.200445878231218
2.3778459355035197
14.388233317751434
13.650467856884582
10.406461417340322
6.002687144890095
16.463459315994925
4.07994249361953
16.328241831451248
11.862284967068293
3.9950934168878205
20.85809754751702
9.852227842443776
2.476555050494624
15.36669056950897
11.092134704196955
7.1784175106191
10.547583211321856
7.354439139513944
7.8746802499287405
7.755648456285866
11.828723414620951
4.4187731497910825
4.183099206707788
2.398477010923784
8.464803356807572
11.352103959510107
9.947731530445688
4.440991611695147
7.019137395245428
6.484759038899303
6.566313708094527
17.443509198665193
3.5209743009950785
12.179634058743458
3.65892176082631
3.5708862598365143
4.761359083721597
11.020383852447798
14.72478645780137
9.165903211519973
16.66158811748754
5.975587311301773
14.507461420142906
10.097982037294402
13.225145213393581
5.286987929109128
18.097771437113135
8.377548142265809
11.154888202605807
3.619946074505488
14.024211260320438
2.6208584210458485
3.6402708235324686
15.996809604155493
1.5946501340532893
10.225862649873227
6.67290032134274
14.029051188719208
14.02642967450396
1.6734102773839346
4.273703002628178
7.536939076667184
0.39292726146857576
3.0934171236742243
7.767650073406976
7.577943343394596
4.124712425259512
5.6478577862789034
12.096979774345325
13.295639124732583
13.822517991176182
13.554483852016872
3.3572910204267488
10.606461744670957
9.504562901559828
11.01442498466405
3.7781025381205624
7.517696500348483
15.022003323482874
13.236773710744172
10.084621339272324
2.2490998447669965
4.69932330785137
5.384302315575649
5.811361523114921
9.885811961416893
4.030948442231602
8.401603767980577
1.6972681911419074
9.688039485486795
7.835340677397792
9.737683054538804
4.348488433520829
9.651187247669492
3.619273398715117
19.52899924970874
11.133344747035212
9.770717060210938
10.060536321983491
7.85535467574279
6.6326930940535505
14.301802312941945
3.8954283664741185
2.5459406788844023
14.050213313051263
6.754846991810567
3.102785392269012
5.29710765831052
13.932602724022308
4.302628213381941
11.053191753080752
6.052722503364622
1.8213730873840213
3.6048955489430914
3.445678558402849
8.708315596215453
16.58681335897509
7.088291706902752
8.623447469015613
7.142199853926355
10.721063344629357
6.037701116173436
4.390215716396577
3.1964969222360873
1.3184178604209609
5.445106461618888
10.276056190462254
3.578571045083875
6.045903707643895
8.066672794472437
6.238221458378748
3.882400956823634
7.6275043581830095
7.374336120747033
14.987298375021833
14.326572403386336
1.3547186079301639
9.0468196378396
7.697379865440807
13.554944664649232
5.866381109997282
5.221080837320244
6.610394816450677
8.956619599162991
13.510031181114034
5.912924069753419
11.893604643375463
5.341262078611553
9.684366967469794
16.656511507746934
14.029334983532738
8.34270504501815
5.574011848026854
5.286801036504786
14.687241264726339
3.3264701243174852
5.224073528344411
12.059888361119532
0.6939326324813878
5.657126259724166
12.41744830688706
3.1817863770996326
6.588355796722111
14.67346036005209
9.599878885059498
3.841637642612695
6.829878625254957
8.57911669608898
6.593382521336475
7.822146908896127
3.9896976856164477
2.456374953326039
11.14997571957777
4.901932188602885
5.845180430544968
2.738019228920389
12.40436953703893
10.804021025610409
9.166871590518038
9.947029210394764
6.080332021789528
4.971653366136353
2.9823614223980908
8.254781617825106
9.585620793492376
5.119828323029106
5.222625198558552
5.342883228010872
12.904714814182542
8.00875450225271
9.238866483505305
15.72781968065798
10.27871109303417
11.893469980791341
6.326673119907804
6.955598862991644
8.664065355390564
8.364095033825928
4.719395180255295
6.399478068126927
4.248272056560906
6.164127090209797
14.961914699704687
10.334829258189986
6.393604314666558
2.839346408286642
10.001659399614521
9.433848629578991
1.9402132967610843
12.631556078430409
9.940671847175313
7.190496178880906
2.7421128919430595
5.520874384650476
6.090971085353095
11.694168659139647
8.213404995479683
7.245531203715428
4.666846499943576
2.1834770128305463
6.580381759092614
4.195314603308145
9.721419709718466
9.90027421333679
10.234908317394579
14.119673447470674
3.3189958189108415
17.255705710631553
7.582484557050953
5.692884510706912
8.484609636522364
4.5412715067622
10.096379143544358
9.231436308318534
9.456263741751957
7.860645560140148
9.135268179294052
1.3652306256157656
9.606703136382835
2.558043405463117
