311.58900000000006
8.745079954517077
12.701019385542322
30.158819084154583
116.55086402977486
9.238847110328289
68.93928525629241
280.2961486374222
525.6011251723477
1002.2139971163006
490.18203329491564
245.14980652168646
114.50401556876312
88.21066694137419
280.3174729472001
384.6303041563167
500.98333165427476
451.8760242611278
429.9614469684056
277.6088937812371
256.0492677535402
155.26169194805502
183.22163401406584
144.4831135345206
208.69004112619962
34.740149277882196
110.97710466912692
134.16996142687722
59.65614506636304
73.19005646499289
221.34574058246412
250.86709871858469
170.1551848416143
84.74056730385837
285.3273540613934
103.55252827055045
241.73943091983733
99.97886653896859
143.50246159147554
230.98636110464145
140.29334421437812
91.15626481972609
285.047270448093
179.22455272031402
110.86787841274719
81.43535503486949
236.50646751070283
171.97695057602706
101.49100129296582
176.19945857146658
528.196836149351
240.6057424380317
99.10878164431104
142.20720519657806
94.62860174657136
281.5518525169327
321.6600454707489
221.1894272392859
440.5394642518263
109.19156342972137
80.22777106828129
86.57907319076449
229.81015638130083
74.45831553290436
135.061872971533
72.33066912933215
56.43103105405659
74.31789480183207
136.89976166484124
102.38761256725272
189.3501176010084
173.47232496196904
126.03321046936726
124.81074891857014
133.7408734211573
139.25565805008128
210.19387152472984
191.9339090174556
64.2194798019585
163.1297122859501
177.60173847206147
186.67499293314228
133.58260094926248
89.68051306224557
104.91192613446599
88.25919745444463
69.3407251843454
119.14785238269533
186.74265118192028
131.98479769841018
175.6414791279641
74.88162261394253
152.46718762595341
35.28902086644231
70.30703696124297
75.8521064779031
68.6641665216496
70.09977043749528
24.57026601140377
194.97650075689197
92.13442504147977
174.955192958701
151.39104500733953
15.192275923766848
92.86055859511404
127.7786943345385
99.45650653942502
146.29229542602255
35.84228459282065
253.45355328015043
7.9216982389904125
100.37725055552525
64.78204056389647
122.70977890827956
58.631616393711774
64.12469603724912
92.94721343923976
58.94622498308275
171.0393808498259
142.08419739267902
143.81712241584054
90.60215869284147
69.56787013865392
101.59245297907785
77.39297638482068
49.63814337683717
82.77231407233613
29.16073018248368
86.0265129932235
97.52700371977
14.722558711662046
80.85544196584237
31.301971901538057
49.14606100590039
51.60053442210133
93.96258505570809
75.977584378236
62.99362705666845
63.935040692643454
40.209007694275876
110.67830768540357
59.370204685768535
35.24071317284727
23.10650530477043
67.03493792422623
22.861474241542343
96.34826857873003
24.71838845298699
89.22214135666918
39.68425105511
26.345689605559777
21.3629932633519
17.331634889885343
54.16443603099606
71.85347841756929
76.25683410279065
13.766860836013638
17.92739614973087
43.797072962684425
44.6546292923279
30.916099809650323
19.801590636461395
60.56588002830806
94.05127939958837
51.713679599875405
39.51647800354364
45.43231572713784
33.59555486094749
30.314829449053704
30.191486798936285
24.261565778997543
29.346508803862452
23.3576036542097
48.05116871276575
25.15831397031623
22.35347730799997
24.95003899446487
106.49866481810704
32.24477968732872
26.535794163361984
9.015583550989026
11.22505651706984
79.50297197540363
37.75408539232506
52.313945918137065
50.66405413877971
43.754604692741026
51.1665029785646
33.0121360567682
38.3996077316756
63.01041455698516
23.212232841174398
57.78112031911465
43.6069269685723
22.922058426090693
12.66965424326821
22.526400937365686
44.57805033262981
12.10102450563065
13.529949849729693
24.079948767488595
39.18162372197555
41.8247663036466
17.13355627101634
18.483124980949174
13.914467711959931
49.260308790135404
35.0210547878099
57.42388576896844
56.28954218189902
24.555559674441678
17.773585287498435
28.756586342180157
7.908234009740821
16.859832910540938
36.37619460907969
62.02088292679788
25.60985596211512
56.41096284090578
19.4673972857363
15.8596817736256
25.29847707630178
62.93397202644034
20.178025364375145
32.41813926267621
23.83624143330453
45.5674637570993
34.06572277587036
12.88498446927135
37.713923977229875
32.55161004194141
46.18316471754058
31.77993276935768
26.44446153051595
7.814184113791401
20.42063608982921
15.754687070625964
30.537954814148907
8.629723328187668
11.376838183518975
68.06855016628074
28.534613564824582
11.948750072246096
5.388133693069773
49.480926549734924
44.101265409007716
29.245638502513216
34.36663865508132
8.9712295718491
31.236966724137748
25.822353813127496
23.738894084840176
21.31344836108256
35.659046251381284
25.803665354261422
19.846742416481003
8.69178510912761
41.992977799314055
40.16797162241031
35.95719689004276
40.689706787446916
38.7267800538014
11.825534010567798
8.656521797376339
39.697999595636894
47.64839348598036
33.66013192197879
8.762888896799783
36.769413637465696
14.053272357429748
9.54578112638501
17.158051761013933
29.30047860746816
20.75583238136988
26.20085666493036
23.505429703791446
22.382338448400166
34.994496681562296
50.58476709054332
39.81918197367494
13.93036285587556
26.570366466004753
15.369205761533001
27.26132184823677
20.713996330061963
21.271644987134337
22.889953448812847
33.04926292772852
25.964033243210178
15.847197988862085
21.435730707092386
11.146204611297307
16.618080146765305
51.10112413834822
27.100411047067848
35.49008121862008
15.027826839531865
37.155921971006755
19.791854280581997
5.3933054210940625
34.65159637877171
48.666062264224195
46.505589382458524
25.726135549357476
10.68592364141363
8.350716099133175
37.104510295711385
17.245212932634406
21.579078751706437
12.550013592622266
22.805880323595904
36.367103535183766
27.923853708991206
17.13117851139148
30.272446492071463
8.452718417565938
13.682446373782886
24.062573509770463
31.300065381512407
35.42977764272391
13.640750963638855
29.314811293235945
17.876691989856525
33.19559023345425
9.488602304524045
10.921578282950868
22.645915172270133
29.31096669693939
18.975942140164083
12.912673472478827
25.66873554537187
26.757761706728957
11.806717330906647
24.26906146754462
31.957827347032687
10.687987356213213
27.18550950155643
27.497532101081084
32.18527826447726
25.156306590241712
27.134857559566132
50.04735384211769
69.36970591065742
30.135013079736602
6.754402105201386
11.379427554025574
21.482744071380267
7.903181818677845
18.79813612272169
43.477547559073635
15.936179268493913
14.85492696597494
34.5790943959953
16.638954711282093
14.599943552565687
30.2890545859161
26.791467130488435
20.8668799170769
25.272593986257757
29.383921658533094
9.798783967485079
23.076171865254533
27.72523347868069
10.079999633546954
12.958822529711847
9.00761656220816
28.370033899242372
37.854015340738535
17.251537691081758
43.696718708925
5.498829262576979
16.83484681256661
14.594813473085795
22.649522612411126
14.727748500500779
12.345716043402842
19.40623196069949
13.612003265971888
6.922967219721332
28.181480248721183
4.078919740241106
19.237780720763283
18.927585000232583
11.197481307103264
20.74367923655577
18.87351199149797
14.893295671008065
33.10915900086986
8.310877636655047
20.745593601997154
22.1574822191548
9.533107022047998
29.684641790081102
12.50432206945563
21.245464908822036
12.23517314915625
8.487496644711442
11.189437811103932
12.83368752803195
15.37779000082412
41.277464803079646
9.516580561648947
25.439338096762253
3.023625663929026
31.32189377588658
16.791620053140246
34.713747673186944
3.526207359179997
31.001698739770248
17.823295278270795
8.61324215831931
16.804616046031228
10.433602049809332
12.197420060094869
14.998408834107643
11.714298971530596
14.319244940512654
12.897619423785757
11.462630905439708
19.494303377523796
14.376141191150397
6.274519597817006
16.20665492758523
11.474618720366113
18.802598092846743
14.074682981991568
9.70748531223629
19.24397183280237
28.722578766275266
21.553303994192458
11.859021841976249
16.333404388235728
11.161589700459634
10.40724712670841
5.987994051032075
7.432353496683663
10.25141781691792
6.674244847875344
4.681428276198764
25.373701559275823
13.56028806309155
8.129613643877342
7.588594455410935
10.817325045374453
4.344928468054024
1.9765439292960296
15.833114403932331
8.390528205606344
5.186318285418769
16.751592361667957
35.528673037279546
23.643921575930232
14.82990530021251
16.705938280421204
19.455104123401906
19.315587840160205
4.650182106769902
15.741028935984659
11.192476134529166
18.896606238243795
24.73888295149997
10.944671870866555
25.74930163313546
7.782692183823666
10.340468499393847
28.908497389931238
21.683094627727286
17.024990324352714
8.71934125704239
10.189735543405183
21.9032923505131
19.950683245159084
29.70809118605841
33.25176505344409
26.114021006371598
5.235522711329902
11.694065151253293
24.687745291348733
25.550621875489977
6.879658383157125
24.38344763855086
13.034541246963729
15.980747563381101
7.5328447732420045
11.513007735275151
7.187053696376872
15.626352269765071
2.2165422032349307
7.374185212690825
25.79364589991735
2.9004765934351795
9.929133620340778
13.130648734175729
7.841408878718454
16.62801299085281
10.291486922947772
21.067163263026824
19.320631490116856
10.048161175668413
23.665823133520437
16.479811936140546
26.233548002844135
3.0662503699905477
8.211649616765774
16.820779525549643
14.704359102792639
0.9939023063217358
12.561077255524948
11.943988473453103
10.243569909129084
8.325579122186616
3.8833482735909035
13.924416328307693
11.505662753370572
26.653454317688315
24.645577974913508
6.676272655375637
6.397635996762432
5.311721005802942
5.11821712215791
2.69959594003045
6.061451855253942
26.10597809054972
10.263831396730225
24.279000306027633
11.068049823946591
12.922689223093007
15.377402113069943
11.067094878927499
16.62124241640755
34.75564399269085
12.912818834438747
14.847112930408354
13.170615649238247
19.464121635253143
28.07822543445123
16.801141528877054
3.256696780170744
8.219450524772926
1.060524825868668
9.390937699029461
17.816338507528137
24.165655226105358
8.806301632000096
11.621395526982244
11.531101946527672
15.363461587896111
15.257050587688342
9.116007693780421
10.569350537022126
14.838336013322586
2.252445148949555
6.788074900358673
19.333049716884585
17.978217867595003
21.225763474894844
17.043737924385645
14.92674155429041
16.395730972072045
26.297674233400905
28.20638865447274
15.233203661558841
15.642587779849352
24.377557102026977
24.207857927995377
9.921060033510988
31.27072779051343
6.638575330960707
14.294824545838086
20.568713189412023
9.588658888715308
7.260156950402121
10.200385505012584
10.19927511886816
9.003446458296057
40.98874921225217
7.394404601332681
11.128890800361177
9.6140999557385
11.040034301741525
14.134819898899407
16.03145057398285
13.017263389102173
8.193675808155145
21.620135100324745
9.713214926362935
13.288656789006136
17.87361096731516
29.292120326844845
26.466463925340783
2.2703961443119707
8.165397357327203
27.007934772491094
5.101778763958987
17.017685006829435
4.069540023348814
7.551050189229834
8.687607322124288
10.298093919024446
12.177704439859754
16.425781028384364
32.010081391522235
21.564073250809983
16.892948767871893
12.122790874151352
15.833657420073086
19.94909399078531
4.146467072212389
19.130599658675443
38.9285425823955
25.74436462294277
11.452979410527698
9.56328384841285
8.355399029625543
12.273379816502827
8.384929652043338
13.079648465394472
21.24710834324887
11.256696607262066
16.96720429290534
25.328855769579196
14.546732939174413
7.64693638899782
7.865518489384775
29.045593011076594
9.146858012277775
9.196183357564973
33.33837667007845
37.953293631527586
22.631176365747052
16.706751879677
14.502930052600378
13.871636075266341
8.507932255190976
38.56772650719253
12.792815524797211
2.442409431327728
25.924260416933446
10.749074341217048
21.351952328623895
22.328928144416047
14.70108729206982
7.506596816046646
17.975769266019064
22.51747322466921
12.821629129428262
17.345655605827584
12.629165397482925
20.549107830263086
21.610220787658843
25.749645199477314
0.7808621022900512
15.311792003103566
21.17469254640344
8.322348920186933
3.7443467933498513
6.536143716029976
4.295757110677115
20.716605645486077
13.29139933296401
20.45554117007242
13.38470438608004
5.617613612349794
6.176032028615821
12.391972681227994
11.361109893795097
10.857585233334298
13.950322612862998
11.867306393245851
11.982618971527982
16.289220714021837
14.315191747994534
18.309291401766238
16.851965800274584
13.762870869490378
21.228054136828714
6.292625234232119
10.66468783945018
2.0499564421861525
4.7655019678741715
11.550636446487182
4.082921635949196
12.430098362805083
6.311920907467051
9.800662091322215
19.783110273884144
8.147229973494506
6.748860734920833
12.84835830814681
6.949663617295907
3.8238542441592633
14.01638704261114
7.885082669085416
20.015275168625905
4.907157593145398
3.253547769943245
16.352772884867335
18.141496165407183
6.752941786017522
13.183427561297297
22.707102934077316
3.6197570900459035
20.49323977825892
8.782218647686781
4.088145352463586
7.414359306606777
3.2528951206959213
8.513576094505838
8.924199086881037
21.059484750826655
7.866003185927652
17.53626739719287
7.766309574508882
2.6272542766970735
7.539074432140614
4.512363444254612
14.159963028512827
15.150365732539099
10.072884430008378
17.273169086751462
15.348523688212573
16.206696284710844
1.666073490015316
12.266290270556178
6.67592299685571
11.137150595269906
6.2512010669810385
27.00439566232733
5.730203352828892
4.864843627404408
4.901952497012041
13.34106853205985
6.097852674448302
7.992462151183028
4.140072436628061
15.935696594622215
7.124220925572998
12.802425641592576
5.914613690423175
5.420328365683893
24.2726350903779
17.40263966003605
14.563937735282419
10.014099321682622
4.681331421011449
9.297062000603244
8.87038138111312
4.668656300384462
7.881953759178352
5.5758895991748
17.521995475140194
3.1180542393844592
1.93292451733242
14.71438023333848
2.529630728757661
2.2963205344294053
5.0992669745017105
7.544842791545289
12.023451612527738
7.826466145332051
5.296776802184074
18.71990498110584
2.723711377557884
8.081845021599994
4.678863054908776
2.123618243111972
3.115607495852673
3.3855837485481897
7.9985911621959245
23.00465892514358
15.353065323687446
4.637601960661848
2.8907951997868753
4.7354017231117
3.041499224030508
4.260968778712677
4.796385061965356
10.120330974477795
3.725979062857896
3.136274706571533
7.8357075062306265
9.951416679005824
13.86314287429045
7.018904958926827
1.8257035836224393
5.703143522937984
10.214612923815888
6.304454395632939
8.289670362136045
6.209235654763223
10.766516157305485
5.916514400278598
12.256634481369927
2.814276132244318
8.244502660985743
9.52988586260895
10.857945840656788
3.202153756672906
12.140515836751682
19.685188470593634
17.409160511231907
15.655248554691767
15.146981417182461
6.160019591641766
4.890850204971391
10.706320948959979
9.389568822896743
12.293776918608858
16.18058155703766
15.02485454986683
6.859931601367268
12.367146736576924
5.903875255953171
5.929593857014653
2.9183500576207586
9.17579658768265
6.711460932081512
15.080388469288991
3.3850845314825317
5.111242620332119
5.150121951508905
5.672762676425569
6.902571390430005
7.04900863315425
9.587804239870433
9.218492000695724
9.236349022758779
9.164265250350438
10.48400668249576
3.1317641628038877
10.64239077510367
10.367685193449294
3.3827022378165696
5.159156658115219
7.462901212443091
6.093518176725589
1.8663998323097764
7.8971390280387
15.260069720669517
11.325956676031085
5.345246490263907
8.721060881005824
17.38826284394496
7.506818266766586
12.289872620891167
16.07656830138943
5.404313762269849
3.8265063489700424
13.940259189157212
13.176357747120289
5.552909624401015
5.147252511650487
11.03508151360863
6.362663511769678
6.925009368636223
9.656859883531244
10.465607052303072
8.484501111993964
5.276797757907312
8.63906842802999
11.231832298605587
1.308856521022884
8.698425020932824
4.1961775781214765
8.949667678688387
9.069429159016982
3.239050642285896
3.207935277912121
9.25987773194431
12.69155319480855
5.726362237064747
10.083030656116312
11.916667620641507
3.3765469882244163
11.193398939411715
6.292506853419477
2.4239894982466175
3.37803214641644
1.146435829526607
12.91667693804476
5.54946856211683
6.784055752424891
2.374911483289046
3.3995977040508567
7.3823110553324645
4.894156283674133
7.656135733652745
1.8099532965813079
8.3536081963422
1.3220125285699735
14.558224562039888
8.413813323045039
10.590064720393809
3.8099930935445943
2.976430417498904
1.3584140271508773
5.26869194978748
12.790769563935573
0.904192657236853
8.39555633632214
14.242602791668224
8.912471905172819
9.185026732158882
11.223009825102146
4.684712917246959
8.20939372052186
1.5850609351926994
11.403359913853292
4.052574849960765
15.558972552421752
18.847802433105002
8.584356277873155
1.75489340624933
8.193880863911467
1.1301122052790205
3.990276860243254
3.467246791720958
12.323947717034963
6.542884152704477
2.3797100077491717
2.9890912595018038
7.5542673650418
4.658805531043848
12.77742708039757
7.794161334096838
5.748034314104788
3.6838346155059822
3.6856837059788212
10.370112034058204
6.816835315949109
5.068092853567121
4.755773727167552
1.1783655103755877
8.323360976468381
5.323019438911584
7.534758476626357
10.928918556065453
6.413874065870619
7.264701437011775
7.773483100471421
7.322554524489214
9.803682578093946
3.130377283283343
3.80265567016919
8.369650694273378
9.26988339041959
3.050939809878868
5.597306841941317
12.607505013332439
8.594177854203203
15.07026815838064
6.688794512369545
7.549242056340412
12.612272523268093
10.169843283116178
3.743834356246877
4.264580551646921
9.652062828765102
1.4371681101569926
4.265176070282208
3.161998450150565
4.145174185945907
4.141281997253041
1.6628972074736739
10.315194378265128
5.279844327091411
1.8809777786178663
2.513475151028678
6.65584389738761
8.029628879845859
2.6115835877780813
5.573377865629542
4.376401302620334
3.1853178670319853
11.025491392935935
7.328043232761288
2.0749237746727545
4.448982391490345
7.44540509468678
6.5518311236922875
4.53394498383968
3.6120394481599027
9.49370576000892
1.7481057017297545
10.858928570818529
6.020925599128442
13.40720088675612
5.606426272439115
4.495475336544802
1.7279519647231614
2.1399495245234648
4.913192965591935
10.969605028214538
5.575470706545519
5.401048678205861
1.304559984737897
6.0086852537830415
8.399376987373811
0.40101148493168914
4.780184244132366
342.36400000000003
18.953365136101294
50.8950851322979
14.990715141932407
38.229781844565544
69.88893443460579
76.68892561950811
52.292212060883315
105.59316105565661
122.7128600827972
347.08414878755644
449.30352058205534
799.0531068474403
232.15880882288036
224.5209689595868
200.76760004864585
93.5388326644816
139.61559905159774
132.48062434862211
30.125548481969137
242.5296439704132
144.47567303268912
231.31438716586013
305.1425100260013
138.9351039766998
113.38055800962456
183.15928944825066
145.72391090011493
127.93866311663055
77.34040058330925
100.10285269187777
75.45027357276824
73.96918176360234
150.1418339706757
85.99079459638604
138.116382737409
249.96321358453147
43.25640161565894
69.604707413454
310.8356124333788
84.01429524688076
145.17586797257715
297.39684193866583
212.49166909546207
203.4668168530456
138.70061886607374
162.20498492566884
185.3887340757133
338.08494616269564
246.71170008489216
93.3027205895866
73.25849075971979
95.63771582959853
282.65166636632324
249.56079346874196
39.78305265422977
31.187704696771974
284.5100005116452
80.24884540410326
122.59109904157843
152.89792089989612
73.45006793920449
177.89001300676344
143.78204408913257
158.8520601962647
223.41839461246622
268.6627773177638
237.81965781164735
100.61002838715541
104.46419367665129
174.031756368777
94.16938212536245
312.935023303393
72.80874389658898
116.74474032255596
93.2149838663394
125.52952676207906
49.88525308615667
205.58990092389803
126.96697541957042
268.9331008512708
148.27212738037244
75.43162295741038
76.37572805493365
228.92034888033206
63.72688776964914
26.975964171065012
88.98188954375418
154.83102989585984
149.97200955783626
169.8945135818291
109.68320732407747
230.93344469322957
158.9829994879696
68.468256115418
177.4469969095379
216.57393049941163
53.53522136846045
13.56617282236939
50.006124607610616
189.77645841080994
59.05693387441683
213.1830994125647
132.18067371896598
119.26925618349372
119.91121955042118
175.96124909729957
145.8644651890769
107.83904037706179
90.7664144897785
62.92554468566072
72.85665587760789
100.0636673486074
126.10298356735825
113.43983350002054
62.01265277193274
84.27763785086073
13.877247561564264
40.15465484973646
90.73308586973427
115.40650451654082
155.4674537741498
100.70302387077264
5.361914686013426
157.91296842989257
86.22569709277255
50.04378080579001
93.6161182598433
41.011124579866454
111.89129691054498
187.46340816671253
99.06874951309135
5.392342683536237
36.354929099517754
26.341400282372284
140.42324528164906
83.25103085809897
63.966007776811566
31.498754482660452
43.48712492062911
54.79019736441827
31.840007488662152
62.59608062599472
10.152408592589579
79.86263437045015
31.76951221119294
54.128092045517846
12.169311308320998
24.135881259009768
48.429879676916705
72.33668174974541
37.92677951448307
19.62823122047405
54.2098578871054
28.611491287454825
58.80277616034757
56.093061182000866
23.283124248040597
32.01612707411063
23.553011877433008
24.173177283792636
32.69680261676082
28.610302759207098
57.532117525223974
42.12760306659547
24.3453426213434
59.011260208440675
54.401800765166676
75.01628759817939
16.86581648375126
56.179299988429456
14.724291343294123
53.46144542651273
24.247258972711446
50.35913590414027
47.62404312537435
60.02335427437632
41.114956956482494
18.70439904936976
5.819163093980674
72.85178135035447
40.18838689914723
56.77647474326414
42.6914127135537
46.17479207522913
8.299555342089798
65.50452312412929
12.245814530672057
39.58095231507723
40.008541235716706
3.636898815442674
28.470173306757463
58.14470814566536
17.492406683586005
31.048758217043627
72.82816140901619
20.88618263716609
25.64487741912156
52.39670283083506
24.095083691523083
54.99030376854842
11.492685138808687
7.770499308273913
29.29762865417762
22.438168206435495
21.97133409996044
34.30970580216876
29.542754286425552
29.10069834375893
19.521759741433932
6.469796552722179
22.471046253408478
28.53475335661193
10.171006971986715
67.8002184657937
16.616634684572922
27.957644004849186
34.12431572493167
37.38328627805325
43.263462309325526
25.009728040793558
2.222607448031636
6.183637589365101
13.04297602518396
20.240545329007183
4.789208515729899
9.7546220141832
19.047489692919626
67.54710879576871
13.726333190753898
13.806841016631774
35.01031328445988
23.80036458693583
28.320745865622154
12.30269440107651
28.290161706814473
21.36819039497597
23.211373206446734
19.88906492678657
52.480712126772644
3.6702111375687485
34.347912490638805
7.811180636288036
7.755349400551122
37.62257535272978
19.39018526221487
21.044162124348627
62.210748091292366
43.12274405009975
10.765235335475337
55.57033372194132
16.85112613759313
6.96027431160605
56.76072885323298
18.200797124811025
46.75109130107695
44.845529211676215
39.867287203412474
22.893338017917383
24.616535976703013
20.17514437370177
24.390198110345583
13.823850864753801
35.77102443756893
17.43454588467449
13.604049503095418
9.591582578010684
29.004109974097975
43.48756233051547
26.659514372640473
26.406146828658375
28.5685256585818
12.89296041561761
60.44125344635266
14.192549301742226
29.10856507180953
37.00655857127976
15.38399873424954
8.267213447736395
14.019132578920813
33.39828264824965
32.05804181502552
31.235846322522043
16.027794431253522
11.716998189077163
25.743356617945732
14.238696675998183
23.380286180419183
28.91779801788412
9.657754361126884
17.145213296629667
17.22859352688542
36.58753384799936
17.41763365874667
34.310074861433925
10.958305327324355
24.59161136238034
25.43491721761601
58.29254055472933
8.181733343833873
24.0869939041843
3.2974301761179254
56.125180446008635
23.228924315169937
33.31127944921307
25.313956931669004
14.816925790037912
37.05453884525223
13.966894590791087
18.82010298377721
19.977146964943437
6.808150924534361
39.48490639103526
45.50195193538935
41.55888926818124
30.01645277363719
19.55001595127908
22.09949675571854
24.59600066967414
28.85181010456593
11.20630641446673
15.798198882765046
16.905501487539713
30.181401617847428
36.31254358005534
24.41096714964759
19.953597513934877
19.80558228031368
28.36706261086689
23.023529073574657
44.47028603801949
24.49756035144492
9.222121848726605
14.390181535298359
24.386330107163282
53.079199830056304
8.81652900356973
23.89718394868264
6.432768177226077
38.489375727653226
11.547338459363136
67.63149196125505
16.01151096353173
23.019737633553454
21.23399785888064
25.308761684556803
14.06605649040379
52.88947791479296
47.88230289542278
19.60155967735712
80.53852173748068
14.56477525006706
22.363574580180682
55.03084850339901
30.502973145894593
5.7130315656268476
11.155764400214576
11.882605796355033
13.38131602049105
23.347742273836413
18.412752905524474
29.835544054217973
10.343786453017987
28.880884405578033
32.80773694153216
40.999050161726295
10.887297838582692
18.729814564016745
40.04501336780328
21.956972376936914
27.38167623464082
25.91088497090126
37.86666861917245
14.989295531993038
36.805244197122335
30.560594611901767
38.73828862927708
20.759502205465655
44.045066246588426
11.995641989605705
11.528576883991715
32.85539306433126
28.795953556545776
9.218049708363239
17.644406260106916
13.012889138028052
15.691174155620137
36.31345852958159
7.956115013576478
30.225376937984823
32.342117502369945
14.176685208427427
25.603361442439788
22.271522078508845
10.342461431168601
21.986154398747132
27.16637235890276
8.148816100082188
9.087224478061637
20.913307222584752
25.066820228397464
6.581127890481094
27.124932548047763
8.202759334981204
12.894891993217723
5.816583849539121
14.27213175552006
11.961172801355678
19.944993605652847
3.9146865994615707
15.145720463452758
23.093678530390694
17.065193036587193
10.756526292613822
30.072473783602643
17.470574264579703
8.137866611683739
20.965561500134537
14.68685763204531
26.132893910136126
36.47895798712623
40.068029758579996
28.687025817577478
22.74225986396223
19.224213997691013
30.338900411534482
1.0007899215448832
23.49417473555438
18.454518432053224
1.9282313009279093
10.023155733545916
35.22563840020111
29.929251764657373
57.61184647981218
20.89901081959604
20.404220206114708
16.18944118735571
41.43403509060008
9.653067450212221
20.095061156746763
15.451256404899192
12.592119305362267
17.523877529060886
4.946927528459661
16.418775517549303
2.562345730245022
32.93513151764287
50.19116801744989
25.172187713996077
19.480435143995095
18.10400761420126
7.195391343429557
28.949596884110978
12.14023488212732
36.73413554016428
28.4297338647769
30.405053232858506
19.21160223200809
16.271547977251355
10.817035813460121
21.61562043775685
31.031377066369174
7.586284454921281
21.214022558784468
2.802826543852536
4.13712699031154
20.08982240384256
15.629113604307229
28.665866415043922
36.668972390941235
5.969134013373468
18.22860554680311
15.67197501082327
34.29944186420284
17.857078232766032
37.60427231609689
14.359610794225718
20.070951558056453
11.804188586142638
5.755152040093558
8.393202197189348
27.313894119342088
31.943313993169454
13.343556583271026
9.147286119753938
9.773234157268156
12.863477146281443
16.536080604585663
20.169782026724853
12.812843532407996
21.795285433477172
28.071243788771742
11.448733371173823
7.819361198797915
14.346620633163234
13.164541140191798
11.21398731685772
11.277305306225177
22.89751738547722
21.963479128416
14.212153731280832
11.553275796705716
14.405324994663225
29.159409245764138
9.385501311386166
10.679616882441612
26.783872718591816
22.209468585022368
23.83149882313656
15.391536647320724
29.619377483010922
26.112734010872128
15.432003226139452
16.16598919419262
24.1686131189895
9.13254255851404
12.803761360348984
33.4310710902394
10.936604160158936
21.920021528534505
3.3765412703471602
13.539238535543479
33.337436398415676
11.032904312587506
17.917192195910495
6.691137370730302
31.214530926316066
24.43501618530736
21.153647090813635
17.53520212064301
20.006766243282218
18.314302251294006
20.252976190211186
18.997335814216232
15.880204431073995
22.274204783167743
25.350218314839044
8.126848621148705
5.696721529361635
20.727384970290192
9.691873336089381
24.016509735844597
13.56109552733866
12.204397798535041
41.42272538780128
4.234820624618905
27.673515053207428
27.633575575848834
21.23851521478702
32.9107551561189
12.373679739548383
16.574915608483707
26.05799472453462
16.379049768200268
7.70857730588453
11.942408801215215
6.050632307325887
35.586668164360155
24.01843001915473
17.830583405957597
10.202330618510054
10.844451952987171
6.147764377568025
19.219806799620805
29.637567260050464
30.037409690768815
28.21044369177994
30.258907629283257
13.997316978242763
2.2511655704409455
30.380980114147995
24.954541323497036
34.049438877236405
40.3158869088162
25.250624462356
6.565197142668108
28.81377527736073
9.662182089216088
21.137536885421312
7.735996322090518
10.241525205735712
36.01006317437271
8.78813100237375
14.015675296292397
14.29851620961255
7.478259171862088
3.895843876632426
6.74972486620597
24.06897073463395
23.80046536514946
6.440611520107338
23.65074452299294
7.68880166506515
9.008684105852964
15.12268287393272
25.281220117754764
16.749863385226554
2.788469110172995
24.55458689702751
21.059008506515564
25.98444601775894
22.651238300370306
15.039184517683804
15.602731550943803
10.418955354346155
20.913863052875133
11.105363868232256
12.019088655114679
16.508862470616933
2.3959628890692755
15.482344279596699
9.257646196001172
11.29681008286203
20.65802348604744
13.999740900955928
18.34588181713245
12.138254118677107
10.542944781478205
10.850900942951466
11.233635274233263
5.356535196254729
13.177467996380294
16.060068477702057
19.73070442090455
30.675147558092295
6.562927272840071
6.935671210406953
7.604082088439752
10.767163558342784
14.933425471390882
17.049066541103848
15.327885390629396
13.735393292724158
21.781193939407103
17.669528237953042
6.20250737207392
14.608036180762092
21.887959241179672
8.056325840725187
12.668571741514764
25.975866189146252
16.9833414878972
28.413613837569958
12.395801874115012
29.74637469283535
9.753774541120793
20.746631644542333
32.04823578499031
14.823247375769453
27.65151198622988
20.21027492452421
18.70171265967007
9.04805831753837
21.208198514175066
26.6995306541283
1.595814342492499
23.882724312468763
6.028378633344797
12.039282158284212
12.604966630982673
14.220486633286132
12.200267632605826
19.62877684666235
3.99817731416229
14.6444758282941
20.637723028574094
8.790499106343807
10.89696098933651
3.802071360655852
11.88848927789212
4.948680201992266
17.096297237363657
5.900777240395686
17.484907602480202
14.029439698684552
5.661436635512289
5.0004036693493426
12.77118738040093
4.048674110863044
1.5889702584693075
9.281149679865635
25.65735107445535
6.211483567996665
10.638680840464476
11.189251071367947
10.455202361994168
10.725466879875803
7.450075606821367
11.931619692357048
21.03842926593599
17.943206799160585
16.77951873876943
8.699036069847805
17.241654911255228
7.9252430392695015
5.7015748055709965
8.518510508028214
15.040042353309914
8.600923708583757
16.027364757592963
26.93729599332789
12.894229665911563
8.1085596595237
21.832652454841476
19.473673188641857
4.564835721288879
8.872790538795462
21.033534283942753
1.829711231850634
3.614782019379033
9.23051101972521
7.0601378942065764
12.203884931038811
7.353969323338305
3.7805035818771895
3.8023227013199237
12.418830732544109
19.590530968174757
1.4181432293567524
12.346405229768717
5.813910901313459
14.545561171491729
7.317724251908581
14.906120661034349
3.683778932261376
12.315324432418457
21.454087084918864
5.194982052027842
7.361024452520726
9.018396413315692
8.895240306432221
19.344508306210162
5.197268457448391
6.0944360070993975
3.69794293681566
4.380044916877815
6.076715026001783
4.769950158801997
9.865837065318374
5.8680030975656745
12.267447989677011
10.83223652444527
9.368936328191651
5.507541394198459
3.6579078576802235
1.82271081345111
9.384355883976559
23.008022737919497
3.6965575498774417
14.72875711414904
6.575551843616429
8.95928825714117
1.4882291987227876
10.069788539455093
13.884715863924528
13.956037758793272
17.57617226988772
1.815443550106684
4.805500730340173
14.130339579856237
8.46658849525699
6.789416762005999
13.068548461182685
9.04706249564481
14.117886922743532
8.943929547245688
9.771177697229387
16.748245336988138
17.77746956906162
9.96883691202417
17.562301420973427
10.732909212708975
6.453907960481446
16.437100493269398
9.159952262892741
6.450383537116208
10.780606809978304
7.105929466655668
6.352955072784412
6.791562072206113
13.09113567567866
6.141526274065973
3.044441895863455
1.40789296223609
6.9605176285145545
12.056181998068704
10.806943532063771
2.4668958563112966
4.64150074012634
8.625832287965418
10.277826317915176
17.94136871444968
5.7330433476748865
9.699305242728853
5.325590246509225
5.153730106248915
5.26001207521054
10.91783741976106
14.735561174497812
8.811805965549992
14.560817443353727
9.528945714073961
16.36375593909427
4.485329578281637
11.74123102914451
3.326336147865418
16.133169950014214
8.766662820139928
8.853903934889475
8.64549107791394
7.204396792330408
7.685914814485967
9.063821664981162
12.791344904316393
6.110437434050475
6.947837412130876
9.581471306605431
12.164655491536369
10.06036886724713
2.1829843790061148
5.656284681468692
9.47637505372321
1.4277473091260235
5.061689240709134
5.999714681982607
8.655737485880021
6.94389763135749
3.0047452668587518
11.138014964931424
14.173873235123871
13.603900901369006
10.658342136238929
3.908530986381632
13.3123974879199
8.66510007741892
13.046837671770747
8.659553949574027
16.82136018625215
5.588601222400796
6.106926786995661
1.2732691177059163
10.60744157047212
6.213872990787865
11.595326415774036
6.003175654611368
15.110664039727583
0.9905036501945054
3.810018796037137
6.164974905596831
5.196090617994567
10.717551237514483
14.050551582578443
8.177239718435308
6.655324887186628
2.3708171980704145
15.99073271161714
10.04243645043555
14.012953128854928
6.529601515100404
6.087978418248636
2.3408896895232036
14.118181806117748
3.8632774096197804
4.118280139253078
18.844840959839964
5.538491273462114
3.509889672721223
8.674495284769344
14.487816759345892
2.8770819130144485
7.3785439151449825
9.926902430749246
4.414283601859576
9.324325271584462
7.069434688117252
1.8551064716139138
8.767555779948609
13.97046851262807
3.5713400174976675
3.5684407725364196
14.669255763995627
12.698264865038993
8.156509455663501
7.063651223180572
5.239259424990713
7.6818439098395634
13.419883024609922
3.0364801946385933
2.5442194965369436
9.757132496325507
9.522163982822711
6.405394349683325
4.045592103445563
6.199203484424405
13.843979461293175
10.291296048180403
3.398053555408338
5.989809219261732
4.680125453654845
10.950844930340153
8.172972522437691
8.139206345564611
8.135122709631467
10.874930278633546
10.25013649640804
2.943358233473184
11.458917061569744
10.253280584556233
6.6190007793953125
13.776644388270316
15.898365605466065
7.675901787320572
3.506398444545237
7.042116221128492
13.216506499956287
5.770514395549055
5.703986485081485
9.293126846092438
7.01032620660363
4.499986161341991
4.491125277697615
7.146775718504332
6.602603330763363
7.506506840228666
4.957297693056514
10.518496244404547
1.243259363428222
4.687166274550339
9.970005021556494
9.55392453398277
4.88692440932718
3.7778279500717584
10.005038092635749
3.6938900728816644
4.866075370740185
1.9109138252630726
10.94756698882111
10.095815248278063
9.56582805936686
9.743848519205807
6.278581186565028
6.562648989387387
4.751530185775142
9.005054632662379
6.547361559450119
3.569528704702756
7.948525124440534
2.0868882111118867
12.5944489893743
5.103856434781166
10.559989734975844
15.644198345273141
12.125581987798155
10.323301667508337
4.674404150889553
5.36238058246362
10.088081803943707
7.396223097855892
4.287977757576493
7.724825219543857
1.7754117632223447
3.9020924010642104
10.874558410957894
8.51332759992737
2.2528121076672645
2.162915960805476
5.858680005856689
10.427789968712739
5.290441346626343
10.975513148801365
10.860326767265695
4.8586243473999495
3.575076821987679
3.6835233488655548
3.4040982319370676
7.013579450773619
6.066664040681942
1.568394473173167
6.324280654714235
5.1465874636310485
2.257339566299942
4.157928726527222
10.355208563024428
12.338521489740295
6.315166066218137
15.865229927207498
10.168892145033558
10.24698754473186
11.028553627536539
7.776162282880041
14.237655973753474
2.4244714423676696
13.580774001555632
10.540427213771327
9.927216536020739
6.334872636621381
8.3981734592123
1.93655556671674
10.777701337885066
1.5614708931797743
