337.7885
59.136058430951145
52.33060321802753
116.07110400507844
105.80927867166083
21.484547765081942
99.31819647949483
194.36406173200277
390.9778722854733
1224.3299843553255
329.62764540597215
68.95221278245508
92.8814449957618
234.968615832585
141.15868966734024
15.497361622494365
92.69305965128716
578.4449667529541
567.1912601591798
383.785379987718
223.86229427736782
92.99482374815443
75.49621943351406
252.65159664357188
161.06565173471813
176.12191819010977
232.70163784198888
301.59640838202955
101.66170964739443
286.86054590538083
85.70077961553702
96.79828070646236
148.51760902146225
269.9523883152343
272.30068826063865
66.55218311755114
9.712884009943668
192.99239865030452
185.45744647056557
215.06799576081357
113.69506535904144
205.08702222656603
444.4366159759992
76.15421789749844
270.8087078756754
214.1440378630178
146.70574250181332
120.51958154188931
212.8385902277877
205.13627474068903
430.1686306736742
308.2444300131033
42.72892532193447
243.43429957313106
169.50543698772296
84.73818744646952
146.03413865322358
255.3797369198888
59.670074005248956
82.28720814548315
96.98104283674289
88.37588163711408
205.380125860323
253.75013967185888
108.07273938720309
62.14843313859398
120.36480211423739
61.64659631657097
144.77519409630054
125.45468600181383
156.4459825541154
210.49496470213757
233.27990817048726
95.69287290763566
128.37606978991064
129.56102225750848
85.27965854933036
135.80590224019505
74.57391104490894
54.390085238384515
245.07488981179233
189.23386476389965
152.93922512242716
94.39746129432689
214.34511360920257
53.26429258151706
82.98176145893012
176.94994540473346
58.50486916281737
64.84314497781415
174.952402229012
186.76266028636653
77.6039158534398
31.371399569861154
167.66199504976407
34.65282943371137
75.76389246914454
153.43623212033486
80.38843440515939
46.398087941964775
182.7320612316943
133.25626759258688
93.76193608327263
89.29968569980271
137.65051009665535
41.3498593819086
234.724040525427
139.04580798321342
203.499675329704
174.62676177280403
153.93452237036357
124.75158242505793
89.10455163342249
171.08362919115487
90.08438610981817
101.80911470430092
54.36877381597532
56.72035354004243
96.8363740955168
50.74622966572236
62.09111198440424
65.88678932662117
134.3983217300574
132.51889841084787
63.08932795148023
148.71542046870368
78.115956269501
28.881279641479985
58.50863770329337
93.33245861676325
154.4019617013112
89.75230178780993
67.14052761779696
105.22736553533959
83.48216807236638
84.47991044559022
153.3797203617088
103.93672497457504
11.996726292652037
83.40996857485626
70.9907932848172
88.29423030606287
49.471766263321435
117.90905568958027
49.51116430714873
86.71962785117033
78.92794060116007
38.01729182634559
44.007969027047906
52.69422325825544
39.522534404643196
90.11651085941513
86.84735289135833
110.71136563312163
25.62877553452994
56.16708600353293
66.16806494985852
95.24644937806698
42.59988663562778
52.07836746184983
46.978422537534854
39.208248019571435
41.6559922187839
94.80403890743513
34.1907607196856
33.9926926128878
63.503847655278584
54.844426733687776
29.152415425987673
42.54328817229808
50.22775742715033
21.794298690879312
47.47187868008291
53.963086814962985
46.34136679312988
39.36200367142547
32.37349338031846
21.31394873494359
34.359566945332325
70.54351293248938
35.9357150199193
45.936777880979555
28.424405095571085
15.387941191809414
64.64554180514946
31.234676618494273
91.03494856459369
6.228995328264717
52.227113514650846
27.795548605911456
33.03288797194444
27.886487134990034
52.88352563925914
34.68218072745327
2.6375369096214176
48.266136908024635
41.243926714496226
8.569131780192903
59.31605247934026
38.605233315678085
113.46042305173526
21.027056325192532
25.031486045833898
12.628019412392351
31.391549764775334
44.98572681734815
49.05174231717375
39.739728006331106
12.37666469662321
18.363617163742326
46.04497076033504
14.566986127522535
51.32360676303283
64.89691038301928
33.85963783913425
54.338563298303235
14.59801218816281
67.61269107553774
52.041185686172476
29.402605772736006
11.682802909711667
20.44508850520794
18.472092997287955
31.32447905842601
28.456373348721584
52.72364819272472
36.49696960546075
7.529067947852791
33.72326371442041
28.18306113332732
47.51330024925656
38.57879258998502
38.229980411538214
6.484687181946016
42.1197206058993
36.435479087624365
12.627709193818282
34.86293060538959
19.629777459089222
19.80169833860862
31.352560560901054
41.586030630793346
13.731992137581207
25.344825602113414
51.468343903126225
46.29037632250602
32.769207309184374
15.779001959253234
18.929960630918735
13.738946135280102
6.839357356940266
24.558603993123075
53.96910956815175
24.050679084401082
46.62538296369534
61.24969855926811
28.241595223878903
28.65012417967531
48.952181313815586
19.284479012485114
42.6999683350346
29.37245731805603
12.386569057557777
50.40013490205809
24.52130384845653
29.409427009636932
32.86965951470721
31.049428668066025
34.17226087139164
46.87818199802737
37.2407557437921
56.51712840536403
8.29935472062475
53.421232026553966
49.40444242103936
21.90417192778245
28.809667776918882
15.87198453945714
21.721137498552256
26.73960609599165
25.874136822935984
27.37608165338365
5.461874929979499
29.68668292362147
19.582488090142483
13.867046407020922
17.022574963776048
57.952415773507674
25.912068488316006
44.02877009773179
51.09283216222645
41.30249455882204
47.08117241275506
17.00153471379668
11.859786967855424
8.469894641602158
14.774454734293366
47.6292173541819
29.434871915938274
51.7341705858132
32.505427786407985
11.221256421969377
52.46738321336071
37.92538387917663
32.25149874233536
11.447721832692782
46.14620147077818
5.458094483201957
58.53367863410715
30.336484322247976
8.860289836283277
16.0116120104706
39.77013802954315
18.765412205621626
49.64055879686795
24.77373129866853
35.543781967909375
7.27983978491589
48.24053428850738
13.448126567743225
35.52963236599131
27.61383674816562
61.62302560910892
35.00405085237953
27.93743562204615
35.71786229406737
31.636376703929876
14.828203900724812
42.3972157638721
14.41926975117265
13.744621290181275
48.008450712225034
25.904761618259467
50.45334963726874
31.559387997512186
38.81710327827598
20.594199538425308
16.71776680334399
29.002542400090384
42.53725560844449
19.35645107388432
34.66595009569594
22.97576070562077
8.861387920597661
38.373462914704696
41.69698324650748
9.187595453124867
28.324978452648594
13.170977668455128
24.666250480649335
38.28143880364196
26.606401269601783
17.778043681834493
22.161619475616856
32.9072313790304
20.45075432351109
27.9616653923521
34.1671582158651
7.269841266099686
16.666724653412626
5.68715067346861
34.48510897822854
39.39244921957323
32.9177083553161
32.089747971738745
9.279935077899996
14.6183223380431
62.146624776341085
16.587122805335113
23.701388191749924
12.106207194169789
38.5601330042834
70.08123094791152
42.951900056747945
22.55729199277188
21.155245225032466
62.79019528965679
32.66299252366952
43.5912491839026
23.59645357896157
16.976254521393557
9.671232775143075
30.746696226139118
30.01585810175158
15.97640759563313
11.801822240095314
11.796164622712505
30.164225383875976
9.116696759714799
26.402690686797346
57.51452439923994
12.136215815570699
40.29936284633391
15.585111149979038
9.333041890116757
26.591163599367924
20.41615152657086
43.898575717966594
17.2989745456874
43.02477160624173
17.654162857151476
8.891871184518124
32.782248160779396
47.18062029247269
24.068947709185593
17.963669827011945
26.68727858461856
52.83927710984754
10.533771413637876
9.664321185127793
22.685323137271304
24.60196919263132
15.567386819586343
23.560689613636697
9.047681978303011
35.25849365293644
19.78217617991612
19.656381252797953
39.46951410577015
42.98738636239624
7.049218507458208
28.781512622459676
17.14825048981839
39.022649158788106
41.95486268480989
24.427528295389617
19.515451702564626
51.100952245233984
42.29780501113089
10.934925617228513
8.181836772097729
12.379709156234645
25.853387590161812
5.557631081569583
23.538738755604157
19.891624988602786
11.70110194454089
29.702210443698828
26.081729681956222
25.48264650439032
33.54641130113396
15.115426146943514
31.511998543554654
35.78582100137698
42.88928377635735
1.447838348447143
20.83671994074068
10.734034184809714
22.289215533704404
22.39933776214532
21.01114465510454
13.364206829260795
26.508395266953787
35.62437582231811
24.04650353150142
19.882877169836526
39.72811359541895
18.678112935809175
17.06846425457809
9.114669399610111
8.894368454269104
21.31970067187807
9.848991685843899
18.563193439621532
23.38074235552691
40.69134459780588
11.170483246647093
30.017485728077876
4.990672968048691
27.427931098523185
13.315939545720132
14.592799312560441
22.25453697028884
41.91545302236755
19.89729617712557
30.00172903173032
9.523525886212484
40.57331790897357
27.853056496190217
35.843718620874945
14.009615603378597
5.439742895477226
14.993050766542902
35.37972803619026
24.112676971939585
40.31688561594606
28.980898310597635
10.550794338503684
42.597738806079704
30.99271247720307
16.89835399755661
12.317649536413288
24.901628583641173
9.721606349703352
4.799576440804541
7.1398991521525135
12.157956046901289
22.18470461948409
24.08687874770085
15.968379415449455
7.474875940175598
13.72036001399389
0.651695976171235
6.105170622738269
12.393041824972633
7.673459375833326
6.571538625956236
5.384148807024547
10.00748774643407
6.973587226579281
12.573420492681258
12.015674101694835
5.826564199578056
31.919211806625512
22.317967722827156
45.75268730573297
27.605958275274062
30.806184908010568
11.151386179405705
14.048314010484988
28.363692064359906
22.79607858962111
9.010731823743317
23.503429345140134
11.715110007957655
8.073595477140543
18.425462782502176
5.243266070908242
10.618484883896398
10.792135883940649
5.870943873097005
11.668741023606085
18.104024133930878
7.9112783053528535
19.07756140404146
17.63913748666368
18.94743572355663
12.090085861779297
9.918504220496496
4.498364506017554
27.855293917892087
1.757566594702768
14.934939896181401
11.00611465252406
21.0154314127026
15.257277943161508
10.339943105076792
16.464889690559094
29.519026002220585
38.807917157038716
26.4335601197875
17.046890662721573
11.04820160389311
18.56719087985983
3.4636393487722485
12.369492103865264
12.351150877318664
22.984236605095646
7.675319251957888
10.055155007251946
8.442883128055577
23.667963525023403
16.34604331710916
9.304234023995898
20.27605435942145
20.213969702506557
5.840287038013516
16.55794903235076
9.336866715224986
20.205819119040406
13.092482865140045
17.08464184762667
14.375821197703937
36.26765688091431
22.300280926134533
4.281873946407845
19.98058413577693
23.31499506799254
14.399874749497894
17.95498440120974
23.98760636803407
29.585491450322344
6.353427655128653
15.813910732483706
12.4338654349488
11.931760422087272
11.217781335604878
5.2111741385689845
20.3828997949176
18.12759845388214
7.055875029158519
21.550429659367662
15.319258106186917
5.833217835911495
12.870996040117614
7.967105586550229
20.852505883557665
4.553064711319096
12.557345239646027
17.51853573846478
35.42034531973065
18.413546432988994
13.273015293052882
10.47399640610868
25.374907613337957
12.780014250938196
12.939117843503798
7.756126281929727
9.788605118411073
6.819171052685216
20.70703106761094
5.608569027512848
21.57581865110963
10.314738878480686
9.888872541169121
10.123611602056577
21.085744717774233
15.578857264605631
23.86100717769943
13.459067586076829
3.5964951757647463
9.362710479061715
18.937202461343364
12.291458219095398
8.453892379898333
9.614411133094771
11.725359290070333
7.723996866372728
9.807471788844804
9.26010705388388
21.829574853952877
13.405368849651092
17.29027945107647
1.6295195576481003
6.102806041541272
22.022950603282005
12.964146467090352
19.555334670906383
12.362714175909325
17.765169538494646
17.06576322718123
0.4902767602881257
20.04818095955639
27.03947853835156
21.14490824854764
3.1347225380231034
21.784306069673118
26.564946388559555
6.5772366603802395
2.420132221349995
24.51371789474187
6.741663522309503
21.211586008215864
6.756725023239463
2.765665984490412
8.13727771304223
11.387172784669676
13.295564876283773
19.77294402776369
6.522673437600892
0.8413266807724337
11.721612880197732
3.1410381484676444
11.788232195125461
25.94601066834939
12.705682699521958
18.771791278385205
4.461671819101707
11.65188457642895
9.05965986939901
20.40425218895268
31.240438060250295
13.726472517647078
2.0437642281689095
13.25948617345809
8.359068315057195
12.21845312366555
10.886625111435027
8.270027583018388
6.1881486446314
8.599022589433073
5.862474839871815
3.9760271056798286
13.675491775771786
15.181292198395884
8.067844047685455
14.408959105652956
9.438062674356551
8.345930684004633
11.36318547885883
3.6126059679432765
7.730670715838876
14.09180749414814
3.85569293707324
2.9494743489189115
7.637271150202129
4.581120575152933
5.481707418828003
0.8392033434106272
21.89062642549641
16.457973216174793
30.011939818000595
5.885509829293837
18.680796312881792
6.971199792474868
18.05308990940434
9.083033016577678
8.612428927650836
9.867449399093175
19.708786485287117
9.679882658890628
4.450843975429189
17.073007707887808
8.706405207395512
13.477943237822753
12.616639013810286
19.827874898217615
12.025275789849477
13.084724096641846
7.851502435160697
14.409142533692654
4.986831903365434
2.4030257354682365
20.057707230807274
9.925579479404606
4.519430189993011
11.673878463992846
11.479196795063
14.903111355570806
5.159159999970258
16.40126171888685
14.939729664443217
5.885375504900627
2.118003980217739
3.98736729330162
11.909214820758503
7.356912269164143
3.4643763223958164
8.584029647230578
5.2444235070727165
10.800237707037162
7.520372713775498
6.265855801073433
4.83529717651881
12.752464386974188
9.076782787071929
12.160856539760509
17.937763758816857
9.332770854574717
6.660480413793532
15.558831298910725
9.533445013210375
10.665136928707318
21.630949695762865
5.145011620148223
6.681023163553372
18.690788427177356
9.380101174599032
7.498163795887892
9.5528362703027
3.981228670107752
7.499189172781296
11.583656092616664
2.634160973905504
7.415844914735982
8.053360756626809
7.9556598587318215
18.618744287788477
2.614815263637173
8.44523389358362
11.56600630399256
6.393303539004669
5.762143911125902
4.287754174831537
4.013097458625816
8.550557812583035
4.405814984315946
7.296516480082605
3.6768883464470647
7.612179730790743
10.711126344970696
3.9070511969045763
14.377228231670813
6.320793959985258
5.44563187611538
8.855357828032005
4.218311977885291
10.200746903267223
5.957820647674306
7.656299958074009
2.5407014261942504
5.855892038772653
10.79966968153935
8.263167202027885
16.43609604554423
4.339741351208482
3.3158329787695027
12.368425030532226
8.172922444179981
6.412728769450958
6.985945979668292
10.494113637683393
5.900000637917445
10.973653096557744
3.0207160427304816
4.6618347039928105
5.224946523180201
13.51267823546113
17.42926500698126
0.3960728883355427
10.168914881097976
14.885137596336273
1.601324797956556
5.136663851929802
5.588598989444691
5.867089230703412
8.856285912566616
8.995840729726877
0.43194351431453826
5.410819199464708
8.245621188201289
9.192041121224301
4.839669227860385
5.137467082504981
5.9261640688870845
8.563696748608342
7.406419752901973
16.41851031792724
9.609203309970818
10.011403968492553
10.623972874062426
9.928617254594682
6.173762383946808
9.712138090469665
6.116671631169533
5.973150471427732
6.0623062580192615
9.08613968356682
14.30081867794734
9.139471979153967
8.608288729323997
12.215003953196737
6.6724796100558
6.296502292293727
9.41432721269212
6.595382978070876
9.13185059067691
2.3548169208488376
2.8911051224957
4.800236266327277
14.594563516385453
8.422994995623734
13.593353048336777
10.52419723768291
13.672879034648151
5.841946611345116
2.633894480963261
7.655278470547576
6.33495488141913
3.8744074883869706
15.488404875946564
10.779556255121227
12.659369657459788
7.182044454603394
7.964538643688943
8.44585173828879
3.7455461914733412
4.714397566758713
7.285056454403384
5.996337099997908
8.976503463737576
2.661504939031956
6.674051911070546
7.908363609656912
10.927468482312024
11.019418025412048
13.989351271387845
1.650678438853933
3.0684316988927236
7.437116927264914
11.456842040300552
9.141246627897544
8.23079192929243
7.299008378660335
8.174833912178421
7.3822836045573395
8.258753441388064
3.6990752097341044
5.693281092595299
8.887589716514695
6.606383346017122
9.366004331425696
3.3334284330472834
9.381585857105577
8.095243084104096
8.619521031553484
14.9020581963128
5.932807673394125
6.93558650028411
1.1733758709627675
12.907866814797925
4.240262822846873
9.711194833885303
4.692065377208103
6.553320209944832
3.9549686235416424
4.171025492220009
8.801980261764783
8.138453582410838
4.647686715490887
9.027772545827045
4.51813589726219
1.339854832352123
1.77563353257984
13.715549528527632
4.673191350401026
13.611421155470579
10.606564551244427
12.332877536685533
10.444361005253864
9.551493718517724
5.078243837871181
9.15959509364055
7.118211345058305
5.666080164644736
7.271566270796924
16.498085568868547
6.330466488688239
10.883164276152348
2.9004201058491086
9.079794875556766
4.685154095441201
5.262386684081616
4.349974987877418
3.976663123670946
7.893451340588361
6.351213750963038
3.582330478264525
6.35057135200966
14.733923581744325
6.110328000857245
3.9509775462741947
8.24631627591353
5.441825719191731
8.57949253110453
7.912801338786485
11.702763112931782
6.641707821667637
5.264066829910971
11.06002077552787
5.939253110586188
2.703652637027302
8.416224772925052
6.05137145464847
9.283010123557677
9.59804952473925
11.119476001562743
4.730903716707788
2.3792797918631705
4.667363362817942
5.147523483365181
5.10483187632255
3.195087732162761
3.3442037276230243
2.5446864335377106
5.865423709764316
2.5239912397273825
11.965682794433627
11.264221252213503
10.59430291868854
5.05339804010605
3.242559658941861
4.550960377040929
1.1215505467926823
13.30294731644226
10.312869923575718
8.325247506356643
6.987335145346669
3.904378087667461
13.59963885295208
8.26972338499467
3.2577222714012923
5.666688091547696
2.2028852506539267
6.282497236561136
9.996767411700871
13.416517347851546
7.9522209898083895
1.6722282338778793
4.0634719702439765
6.63622092116348
4.659960024338369
5.930063829133439
12.802067715440314
7.935929091030986
10.072268451351563
3.0059272716588916
1.9013155735234961
6.849761909174919
18.160025119230127
219.37369999999999
33.55318609804951
84.98037519974743
95.39056607863063
92.79694077468979
91.49823440300653
158.00396376526012
176.3138095081676
288.9286966153179
1141.0136520383603
223.73696122862557
300.1533680844202
188.48932657492054
101.69735471537713
77.22100307108416
102.80117527831885
136.2952905201002
244.1909617318881
630.4350589315617
263.2522648448735
81.99136903307999
105.12159892857325
186.21753209524823
173.507405893954
182.8126306023213
94.022401087325
117.60689953850796
100.0025830143822
124.59126549982972
101.73068620143553
117.60197894217448
265.558883376893
72.53800904837227
171.53107811313504
178.77432227212992
184.88787101920727
150.33380623165323
84.999684524528
192.52669142721737
320.4386348398287
310.1449999319781
185.3531743746545
130.51350134313233
184.22430904864373
176.39032159829367
105.39962313525368
213.32918873107886
242.34191216784822
263.87570472935795
124.52646775834825
169.87779883938998
391.4805927539561
51.39510882231805
261.45681532834385
163.15200432496877
62.55573592997542
348.9839492225289
371.8429155840808
157.79869948852533
149.38203087503373
126.2808095194221
254.88323043187927
145.54061947229152
292.19694302407504
403.9058040026811
202.16772622892327
30.67574260058109
166.85867260194084
86.46781035545138
263.74033136980165
182.23500948475055
211.0162058943622
239.48446629320887
152.72385077248083
192.1538620515952
137.63084084705667
8.308706206646262
126.44072596077987
196.59679590423687
6.105477158659795
205.40520793509214
122.93478415761253
162.92372616752743
133.8563840923092
163.51937106094746
174.6810567887758
142.13200504135054
212.35047236906482
97.97601021087914
15.594630417444119
56.74647388009287
180.72420227168868
97.64705231563468
329.73237144934603
91.00711044230245
92.66910898963943
136.97974946698142
167.62256660447045
127.00257249784076
111.47886983933316
100.69224216071291
181.34459846141738
152.53744349726716
85.92619838063665
139.57325088179337
108.40925195185946
95.65006695591916
186.14904787817164
45.414389436549584
119.22462545239046
177.8353625315283
65.41945479571035
93.36739215366062
135.4966335955085
22.278098903634888
127.85673092484652
106.70430550040597
72.8277592037815
92.42132678508169
126.6874952528067
97.89215185373459
30.457442560204957
80.18590436791911
33.51787899601454
50.78000309593213
82.77257188229738
104.48426218751119
75.25108233787239
150.42353702102344
163.6050146427373
84.45363289453847
48.43795456583366
104.52943542622978
86.44628375539571
122.24526177357849
15.086834341603296
104.27416850904777
100.72664657229517
10.87638031208727
77.70468833438451
54.790495836390036
70.35831661320537
50.90654283373178
46.82200818546565
67.74387608537288
81.96857508574996
25.40667889938702
67.67214020522556
31.59287124465331
17.964578467673746
48.329826341596835
46.16988453500334
94.22881543453738
90.63350444615627
32.5649145811767
73.49191786207157
52.58785319709834
20.43199090410856
52.39802599203651
57.11835728052997
32.17714053290629
78.220937714351
17.902515980972023
34.143067421109805
28.142282102591388
12.117953021888592
62.673609142116845
55.96363676943396
36.79026694187215
31.41281279373779
33.39329171205718
17.665543586957995
36.973930121641246
5.7443658432702565
78.77296683382583
20.118172142527705
12.68384933778339
46.015712470034636
25.974422464141846
35.66777921263871
54.41752584247106
66.1774460163796
30.11162572827207
38.066065318684366
15.80670907726009
4.910963107415213
79.78455419896801
19.474420510123633
37.23028514858243
29.212348663050435
18.010736945574283
37.52529429598707
20.517174181095513
51.7468558553449
13.121074511382867
28.877987939800246
13.995369371851803
13.136219212658963
19.45060356378101
37.297477559188835
90.65379548041022
19.792513036442614
55.436867707703954
60.22139619700694
28.540414657402767
51.75048100069526
17.3158974884122
34.693938396329365
24.36909326514166
13.028227590110134
62.36050722830742
40.153204318382585
41.558120184099344
32.52973813015132
40.517282555659776
8.665152711042131
43.6960214451161
18.915590802797574
22.17081838656144
28.70832972589364
29.44378458265705
16.52109044846858
59.6426242848263
9.124419065068745
31.778829710448615
47.535278539348425
12.146077825499177
44.612402724532316
37.00208039929313
25.670632954880027
15.41899355603257
24.46770015678472
44.83264158172417
24.78191879489014
54.63976613989541
14.67482106383485
5.330306371320014
22.152552869301065
33.65300921081913
33.93982914261162
38.8653145882759
22.83134361050456
25.143468419240353
13.15749778738224
32.78251593638796
50.33240094672969
18.765636921672865
38.32301956268573
23.136717397302654
21.023886303493743
32.99906446304214
5.241500140705874
12.026637087033933
13.84899498829084
14.461860986989183
24.20937162466191
40.59080493753773
10.17492142634667
35.51698028848007
32.24095035640253
15.487734475505471
13.025347002294941
23.713985299455047
30.98760322260872
30.06854745358788
14.194116063274441
30.982334232203034
18.70571997773682
32.76937955676326
35.631783311814566
27.40703971092966
19.630700454140435
27.010076268131282
12.742320218218499
24.534370340684756
43.62041563479423
20.69103118769587
27.90902708115102
8.933352184668113
28.128320614964405
8.46946758596921
24.669219502325713
25.873674118270863
26.844899042248105
44.988992873758
17.346725625791848
29.581107110463655
20.37053093295823
21.837720495960873
12.837534562649934
35.44043485941307
28.353935762833917
20.192101458579586
14.533243247448397
8.250627354366005
19.132872561858235
30.09823350927951
16.46290487349538
29.775210633963006
13.337254065877401
30.11054968436866
50.72598427054597
47.24100627880048
17.305214892638677
23.758686088649654
9.186742008429588
7.896833990457989
7.574242787402937
8.854199085342373
38.29082511136508
24.250059287092338
15.763539859938076
15.85653993769551
9.408491427115536
20.59985815408147
41.867210835227574
26.773886449086323
32.74450740777601
5.574334964264854
16.749613428309317
15.836347555943927
17.747792853565137
2.5991956299249632
22.574568999879073
15.827371416917064
11.385872303271062
26.255895142761226
12.892836069610228
13.153977325242947
22.19242400013041
35.022231655032286
70.39229575048861
19.04143124427516
15.076143976644108
18.102080334744837
15.956381765983576
13.339859097945537
16.40319694793517
10.36628665551822
28.299807566275938
21.958393180635817
24.458961318156003
21.229981664917144
19.50771725275564
35.93781091187152
20.356890307149637
13.477497937927842
5.8408532335247445
16.127002660188953
40.21480784823182
49.358135364440585
17.40336093744744
12.293751520139155
9.149080902733607
22.23030833295874
17.747041523167894
0.8659038960201452
7.3483697347272114
7.322369634416497
34.588155644120576
18.35816541295222
22.560199543747014
7.293781568036512
10.130462306754852
5.3721134793546685
21.29438894889143
12.535667732325628
4.330864776958069
11.240848220554732
29.929464768854242
18.599255698118785
4.985069602588101
27.06219902353349
11.69447942129382
29.17314469845177
7.412167732127255
15.923542932439494
32.36129946891338
19.440721711384786
18.30217674692645
13.234311591173054
18.39947281604336
6.5738515364801735
6.699326801608206
11.416308985312241
19.84894824447299
25.603530841216077
18.51688829715906
16.928102531830817
34.61750177868978
6.960178013726093
17.590546157660008
13.172810660833381
14.951407093863894
12.072658485845169
14.053131026454006
12.673238342996976
36.553972015904776
37.716132794869004
4.4495267971078984
31.285576042091126
18.29781258582926
9.827011852243647
30.46461870416548
30.760818553161556
19.462442722840553
11.423989465210315
2.839301433605314
5.606508964593202
14.26872204808347
18.346749951262723
7.697614551755621
13.016226717399583
11.195538148586643
12.882477849441521
17.598885066705634
16.609500524318356
3.0260888097684124
18.593246449038485
9.418789374541973
3.341080924006923
24.725883627925697
15.016851224542783
33.95861810887755
8.242887669729877
15.577102945674701
21.20397721513063
31.90986910034672
22.28511317992851
7.395514097698099
9.146082886518094
24.554633616566097
7.160149933055399
13.022983388039242
21.124197680048987
10.009882769943163
9.427012506281336
8.475665578632572
21.60308402540322
35.81417253965153
8.036760090070544
19.234666106777258
7.617289361802437
35.88461838433105
17.714596203906854
24.36001153480846
20.38323396190588
13.680001088312943
26.99464605240138
7.691347705502827
19.16865293000761
25.691173390316397
18.22601479344123
9.722149162899294
19.28350009706202
16.417453718697946
11.692726409598597
3.461823977998313
15.457845498003886
15.305144227978454
17.676911847149274
24.44050209646532
4.302339720776535
10.82967386105513
11.130300627795576
13.84426249308864
20.10172323490397
1.5400046153336184
9.615898851692554
8.132540171622155
17.2644809219371
11.336870145729433
11.647988560826827
5.905753080185467
12.352476343664787
19.852647770413203
9.147832025579662
5.974524604632749
11.960106016405536
22.845085768277297
37.13863016083796
13.024487924993894
19.670855847804546
6.958050281861926
12.338007165270092
16.2503662286952
8.624402638455523
4.232883358584341
9.73694482038552
13.458099928154471
11.119874570562953
5.8034908810943096
18.03398368408423
8.808363288608197
15.315293217002315
2.077676837393736
10.820476977333147
25.428668698592865
18.67920505448987
12.307441269899439
11.725670198785844
15.698984345694505
9.00462251367904
4.089008033760222
9.540190312366025
11.936416224913307
19.840671737164513
3.059596962270846
10.74785728371808
5.035383273900549
15.574323334263257
6.948057647306506
14.587534983419836
13.918896107772872
14.894878076329814
11.27912424650486
10.792667587699764
17.153903157785063
6.892307798973927
19.742579919374773
9.598129471372484
6.528673187975168
2.871297185037793
14.884105251708208
8.478319454291865
9.17105963402574
2.8769287564231485
7.40902479781476
24.48110639927887
5.603309864985093
8.761105095598019
13.7676563508743
4.001220542107151
5.557986980177085
6.112543068068793
5.376472285177663
19.476351927480096
20.443310136730847
9.13686125224691
15.932664527580819
11.37205566495676
15.008092330158586
13.971079334209344
4.734658847359484
11.697988648758875
5.210003561562715
14.103802756744587
9.271445807577567
10.09763398076051
14.873003673188972
38.315490183675344
12.152686929233617
14.164092936077534
4.737889872357593
20.351863178787813
17.41716665002913
10.507020194949625
8.234971162480315
8.85410723544975
9.532647894552069
1.9434844740425308
17.017624113473023
8.10456154450853
5.858156040746952
11.420157076775945
7.430458521615053
19.287646490957524
9.743748638314733
14.700943563834528
9.597234203574661
8.182260706444556
13.512377130053022
13.28119945508983
9.662030284723215
9.083545042138464
17.84922209828706
11.901394418179759
0.09384381780310284
9.030279627387703
18.094684491521193
4.678854414786113
7.779734040186263
9.19366127087521
4.827802442607525
5.501184752097031
13.224580584784487
17.354235786254606
11.3027893626994
9.48596592538101
10.27856799782048
7.438880543140275
20.69876675431714
11.434344225652554
14.575425262174655
7.086257270702693
18.652366443484503
10.079326146577971
5.852075175390114
10.279624461109552
8.684002625955026
24.515349560892584
22.42934261367738
13.473111132723515
18.40128774413979
10.749284972988915
1.2704316241997202
19.050620392977773
3.195163917028079
10.911376945843996
14.552336838847012
7.482136399538518
31.21847583191279
20.917835835130408
18.13903512677144
7.596409028038754
14.031207250391986
3.7602170752403654
10.508605352293099
1.500051093182467
13.139236244152968
9.725300952855227
8.82642042894917
6.251269643091139
10.161324114797319
18.9421460321608
2.3793857850374875
17.154393982958126
10.041890059258527
4.862971542460685
17.366369376817815
12.309015150775984
6.168320930363426
12.048544321837978
14.748096332048108
12.407449201459555
16.946528389384785
20.30066227778601
9.426203422758041
8.910330272293411
10.14967286713296
9.714475863376812
11.164890674954997
12.190067424778082
14.786694917535828
11.515478106827569
2.7957857315953443
8.990315443743928
6.564541823173792
14.10355524006127
7.864877052892784
16.282554726922257
17.839778166239114
20.476444184403242
10.241095626362833
4.621927877748144
4.341677911675768
8.037026409282081
5.185951580292888
4.007801851730823
9.743895180509261
7.238654626014475
4.811482708587588
15.799809991258803
9.575291820140883
5.50366085910475
6.74858143975237
7.050595819330563
6.8182120540455395
7.140126727468924
6.682186976107403
7.500630620638351
10.892266982448042
4.208966701171147
5.964940542010418
5.871244116188566
6.68617411193975
6.500796280275516
7.606008722763596
12.523314495903625
3.394255011239041
7.283622158398845
16.21570847365646
5.096019149013116
11.181641864931992
5.745080507204737
2.926863828703046
11.287366733010908
2.6240076339116327
3.1047400647274945
3.8549823829795526
11.9229843474378
12.814863753102733
6.9524658725366395
13.219303635463541
9.992316937012362
2.287801710201418
16.522698673408858
11.019750097599998
13.219842347448804
5.502064402897123
2.158559775236738
5.107543295614529
10.031928012753307
3.5857908640654275
6.80391311191271
12.887720153701723
7.120351186381735
6.173994047000881
5.563148215883669
2.8229956481560508
5.719610205927574
5.375166754473715
9.742711992164093
2.626948723062535
5.408520125853538
7.3285535559267885
5.801103103625166
6.580798722864971
11.167085895959461
9.653055875619742
8.650411531449954
7.37235260973185
2.2236563900941833
5.208886511671503
5.115997400827565
5.6906785411683884
3.906323642866056
11.371513490461224
2.81834969693457
8.51718474075808
10.001763015890178
8.612023516156277
0.33449583368149655
3.0907410004959712
9.647211465578721
8.765197314663446
6.392986759883216
8.175722301464878
8.108570196807728
6.692683658884011
10.699570832984536
8.91655585603727
9.336507715277307
7.317221450442309
9.69290639727384
14.538632846408547
10.767568113580802
10.42505147803329
7.474906861459882
7.228612089009911
11.647869979967592
3.7458320669361513
8.898282012159559
5.26376760199712
8.71135366535962
6.549186425199679
5.740714396215022
7.453877276455356
6.704771690467033
10.575524435019068
4.213465450009241
4.527576013231955
5.893423583850295
8.291453078676605
4.50350024749146
3.6977680378667794
6.345103172143018
1.3977222990216847
5.792086242363624
4.4682733181735
5.270299574584203
4.793359874979928
5.26331032178425
7.216833747501488
9.933462468288468
4.498310242175921
6.013685570830833
7.539171774050145
2.8041968958041013
7.300972103430645
6.473122812801378
5.5532092674156965
6.254742300257809
9.83607286004522
11.073202549269336
5.930650138631115
0.230858578268333
5.077428682186959
8.166431276122411
13.229538287074085
9.469199839400128
7.442773624252769
6.565866419984673
3.937802845381578
3.986183935487346
6.664513117233175
12.062860553562032
6.072446376717692
0.9152825290854641
7.458486103314866
8.332448353346507
15.292516941287948
4.970112954604144
7.1100552517615565
10.253917945651017
3.563915401160009
7.828038409066032
3.848941782364827
5.202701295041482
9.709533019329955
14.249179213718868
4.621946132125996
3.397745030227245
5.386132784577115
9.293878572890893
2.5534604560130543
6.38647975760087
7.261359999489824
5.952842226833161
9.296814733869738
3.250328332169988
5.440025178644431
9.900771693965597
4.152200830886385
10.482666040123178
1.975131322032561
1.4778266398930988
4.458520416859387
4.459457889880156
10.3755993600361
1.1330457168801935
6.764185668085598
9.63230402398422
5.673847746208097
10.297302065227953
7.707303127747187
2.1224620670977887
5.376985171528643
5.136473711156888
7.232075047724986
7.348310576716555
1.9825551417400467
6.413215658176341
4.470870002984058
7.407712515667501
12.258083119694406
2.629908994542407
2.748718021299791
13.496633585355665
11.138515534321787
7.33461497768113
4.961126790858703
3.813668650958924
2.6453142245370267
2.5319266111409813
2.850165743221217
2.522814909690513
6.2786723210544615
5.6945121872074065
6.297391347292977
3.713452223617097
5.193030173075865
6.23379230454964
1.5820441281055242
7.558307155119873
11.805447093964869
1.8800619474241897
3.1570250460208933
4.528187782226402
5.389692054959952
3.691489475528574
6.535937741864055
8.175111800139508
8.672325898621311
5.626311832412594
2.7080336328602574
11.466891642107568
6.79639335626068
5.179458848533511
5.989466572501156
12.864976800399013
9.938171321156693
6.0019333521335625
5.28783799901919
8.845583706244446
8.7874378548866
5.388854106752325
8.028525091471268
9.275684718987042
9.147056219520076
5.365285471003701
3.0686733961023864
3.612870707267507
6.92855860922114
11.392932170968317
2.332136768192463
0.523195331212906
6.678054897711551
6.277395956216699
18.15932735255747
14.382821592236825
6.629824588321653
9.966212135183296
5.109313624158764
3.7719798024817415
1.4792452037506965
8.31275396565974
10.493798045865013
7.3759213430860395
9.202752777515043
2.6788672745442916
5.141276940241074
3.9260961007806534
5.153323849113551
3.9222394086567336
1.5714444038181343
5.536055674555838
5.274155752300352
8.287306079931431
9.32552245597057
2.5491101263268017
4.125124087672401
5.292774931999006
9.179379347262826
9.52999560994867
4.562689914157965
3.345277051180868
2.2705209711872296
7.370932279883705
0.7250647187264322
3.9260154868726347
3.204407438432037
3.6090710432787185
2.0383097725356576
9.557074635588153
6.0830496403273076
2.5715888207797004
11.26747709496289
9.084278551762385
5.782718078531534
9.47398603620259
8.409752606719305
2.977001111253672
6.415360542050059
0.548845972377703
4.381984333898737
8.592674640466786
2.270260460778219
6.199212014836874
13.781831696899028
7.964150787809727
5.780683316392256
6.381252828481797
2.082808108443253
12.038897487653436
8.71084292848496
6.619682298330739
2.1888825481082588
2.402885451251965
3.7177332332257595
8.841624813625923
2.2184094993161882
6.757323745694868
1.8316028460392177
13.134178170195016
11.26679469506119
9.413453074128995
7.484812752169504
2.631410632375675
7.27878345569886
1.676443173331079
5.677676241892287
4.974200867489936
2.5560481063753673
8.52474658240752
8.019075737845585
14.03387523113512
2.5558659165229143
8.311217851849763
7.694639028236853
4.847526499037962
9.915365695181029
2.979193641699754
6.516064113417294
3.676003105635797
1.5075611166805167
4.417479511740228
1.174415263244885
1.2404933245977954
8.690151967469204
6.362901394728774
3.615769669795946
5.308525203722072
5.583194023999753
10.327159414821347
3.091586136569369
11.758379307982402
1.858734676443189
0.17513089511909619
3.338876524082701
