303.2719
39.42813762813802
3.5601021008656657
33.38396094904363
45.475427012470305
70.17111040294111
136.4064362209428
131.92629175601186
352.8223456866897
1342.3892273631204
295.97171688721755
24.970479877037516
189.102346285248
73.95220203710457
183.81234679210468
157.44377371153166
76.41665347687086
495.0515649206533
747.6826248018446
177.585148245365
272.69547348504534
255.00849589205615
54.94254349222455
234.87473174598347
98.56745199724234
57.41369701205115
152.16321664837196
100.51484110237041
277.4532675685175
124.37992292022247
263.97522114773795
169.14173756384486
169.78524709102706
259.37290814432384
167.48410234689536
269.3513518946996
39.22357586160002
133.07743194292723
335.9943661993594
82.30077368628712
164.9950225923642
145.20534265243467
84.86722739290653
278.1360776017793
98.88480094855332
118.08053176757294
187.44850634323413
214.76870060946374
245.62415942447507
339.8157566981424
141.0255141738121
174.6081001122596
83.41011979353372
127.00591526151221
166.41299846960717
267.1138111723714
193.93500163075848
77.27549087353836
225.30527825112745
139.03984680673568
183.90723882952864
229.0952123751441
332.15512971307083
334.241026173911
168.07284964182685
190.0263820096606
248.57968425953248
193.44081583679565
311.94536383278756
81.31460400925806
96.14318146854211
101.89536766982565
87.38418833456622
268.72129865760434
160.79704309117494
254.14254719335173
102.64972256242223
105.63688887954457
223.80647000538534
33.24099731332253
192.04708418113614
96.50509060506674
97.06922230260079
202.0825381148383
203.80710578984616
135.04550347956481
47.08355325448121
85.81639519262119
79.10589148926947
171.76612590530223
209.16635955560147
129.4170346558585
61.25353159605456
142.75528972414523
178.51939434368958
107.81316896573199
127.05162566597554
156.37563556433713
156.98805549544383
41.197802303723805
319.04168996131745
42.14232141200518
118.49559659967211
196.07178619784528
182.53623495769781
198.93372355329063
82.6711917842032
201.86498498578172
25.18188305184089
125.10912906292724
35.11557490169084
87.19496767187653
107.98933026191048
68.07074022858114
24.407126447128817
117.10340758771741
132.14589570136167
66.61866417072122
127.52874140535641
175.65176663352972
109.95939903611044
74.18155994518521
24.536381070165664
142.4559557458989
156.0970865732609
140.6678471403288
135.8889044575999
20.718594799213378
63.02491083481782
50.00724517659392
26.837342538163046
75.65523034952243
76.8593066431952
83.7886673120797
98.42408276057758
74.40166134976765
81.2243970981821
37.888782217830794
162.5350279082884
84.54101724002837
124.70493805578721
80.7926064765802
78.72457633244927
25.449089200598205
32.742458421190555
91.3248622386146
58.29664297684135
19.356783714934664
40.039494801020965
43.68152334813564
33.82134633671556
79.30004897180032
74.11218617521128
96.43292188785138
49.20784803366332
20.84141483486056
78.72766049583693
70.35704545064291
56.23295347730352
3.327081468699619
17.225214044816195
75.52869613181188
42.741892840119114
73.2892259521009
4.501618752114925
47.450351779132134
62.20123629131593
25.40259911343331
48.25906179351021
25.206156520946333
34.083529227738765
9.983752407666872
24.15817357365185
22.48632996531052
10.333725688696717
5.88383314706704
54.34281088851195
71.66058645567715
46.80157198357236
34.819086110085415
38.90626588219266
45.8715266224628
33.024957922116016
8.393588077533138
23.32018409219371
62.54854625405298
33.71056621267151
69.09996504124663
94.79194925683412
75.5204394912421
51.06045074248619
57.31704913128987
50.6519164032366
16.821025745430074
29.630532729371332
41.42601419132784
40.20267080867202
43.9181211891747
58.39246304179133
24.17589715736593
98.76957972005864
34.40151868826262
19.49135383743958
35.04262971225461
41.40665965755403
53.466035607310545
40.320995173461746
34.01413562368421
37.97981574853376
37.69442742527553
35.32981626852143
18.920049325239813
10.154383530057482
35.74254626353898
5.9486234624477206
47.2603932325333
46.814743625875046
10.703871203187118
26.70892204249092
18.81142171879432
32.69958391379751
24.109403407091452
18.29568743054951
31.12561107512707
16.9305451383293
26.254619255313553
8.548643747142453
30.155571217885562
47.64526125881692
47.881408538447
21.960745861866023
40.53359287974097
70.45262414155549
28.861235809429292
31.917317963264242
18.726575770030557
27.407839276141843
17.15701030251643
13.23406855047169
8.280538922493783
78.64107551129227
55.589016773236715
22.688823906984215
43.48533142794782
31.364444714071528
18.55831690685698
19.241198906559273
14.202217833468938
31.35247206546832
56.41462225463183
43.753734546531405
11.526816884093826
34.660348389608245
9.076273588315935
23.170261399573743
53.514208992515925
3.814226188372597
23.92914243340499
54.80370646498775
61.2729103965853
76.31490491964306
44.3922815957928
65.31269312965358
18.64506076619106
12.896405412456474
47.78089579525711
18.614880094830426
0.910189284205945
38.37066408804342
27.13240560789801
35.05282237960575
22.763657814649655
15.194337945492013
11.365035858309257
23.32386509123049
13.380248121446776
16.194906765205086
28.389527835876272
29.99371868834948
46.72312005476129
50.29852188637553
34.388805957355906
38.01749929595055
12.847509506729102
23.378515511503817
23.110259357086694
25.495176767022194
27.470094089992834
29.051687421533494
29.04681569680173
21.9140816569778
21.48820512239681
21.491535243320932
16.21451457371945
12.003153295352364
45.58670043552178
39.2774544323436
48.68104251850801
15.24279683215321
19.757127405308818
54.50215167528713
20.660915514843538
9.945154634036507
16.235051853205682
33.37050686049258
47.85270730891181
36.987855809086376
48.216871570913284
67.0852453071585
15.288801735906969
40.19690930651994
39.215517342348946
18.67506223092781
6.868988382645892
14.734638510111015
10.400354765054226
21.017886765064198
4.089675462583902
11.973588191255397
19.25981006653005
42.44072693919836
17.67087394191476
31.24035519775356
61.27320866727143
12.777882945745267
18.15565585227524
49.36854238259218
21.620450995193302
50.472001767020295
13.876726923515903
43.988057333504216
19.379078060928887
70.09472256273038
28.579793062822038
37.48633652478257
15.266398734639692
31.201915446975978
16.122571061192566
56.18572424892922
20.2097160565695
4.554575336316114
25.308422150297456
11.478820657499488
35.096645592881245
6.766872292293676
18.47462430621245
18.741781392030376
57.30571282245229
32.645399103320656
18.437657641618507
78.10848726576648
20.486427671748025
8.461315103014128
13.049187274294455
38.27831026556248
5.3284742486770895
23.68643672611714
71.26497158433929
1.7106718601578295
43.66194156302562
20.104155454807245
35.68170755825352
57.73992908670969
15.568187113531241
20.75607065497023
73.03411799265706
16.23991336852193
12.956013797536945
41.6354601330186
28.215708127641904
64.84306331534997
47.87813450604397
31.131538683634723
61.10541394071502
57.525342192919005
39.93679188413463
65.96792384220072
43.757652291495916
41.51358265354407
20.23485421697238
58.09215483446625
34.58315695343764
12.329343523997743
23.831462906586086
49.267557733306084
32.6790305328216
24.312138755489087
2.8790606799350327
22.336372953149652
63.83755616363026
17.02092201757448
36.610542479922344
41.25953816518185
37.080709994870645
4.448044665463143
11.195620927048026
21.73674855805838
24.75268337937636
22.13884110079633
24.0075803900552
9.56259094898566
34.07680147471512
54.43623590914036
32.468761521007494
18.945280823979314
16.911178401269368
37.00408205004753
19.61751515316472
15.019739218679621
12.803595463804786
54.74051040701686
4.824309200969294
33.42830723824604
18.499450154412767
15.034525389469291
15.96760398017836
26.367888953749237
32.528691872891095
31.930398919295783
20.996013435452557
12.217793253014174
37.77573538084495
17.253897833533692
35.66600964974398
44.69350228669378
64.01739169327642
32.42639088409875
11.576526593554842
35.03237268776389
15.629409759091748
22.090758737516598
18.545567354544886
8.611415707488385
25.793418189619985
8.608272438222398
7.120863668818674
34.54448272423335
35.519647405348785
36.65438795417968
38.8128112385284
20.02794050086055
42.85645549681159
28.570495673858982
15.354551848682162
25.526149808060087
24.30650277718372
9.742084430739327
30.604194980944285
26.013623576760285
17.131430483757196
21.655457616602575
17.72442653540816
16.585183967027298
19.01822622393745
28.49329818025858
11.034256978171324
21.563657790737476
31.039080087351017
17.38576930856225
3.186804634686865
22.326722599822656
24.744160498183962
8.399075806336706
22.974221463386343
30.21513525588086
23.473227442588072
8.506768723093213
16.436512548321435
6.659763208884558
20.639671278571175
22.538758845553392
26.858729016020636
35.95109052217149
4.93468913497608
23.623468790868387
35.48575004791269
22.266222784844736
25.122407973466174
16.60668016898887
34.29666697030955
7.836892723371696
16.3642203712535
33.76050226490994
27.51927156551589
22.784451325365424
15.06171810854924
10.95246130173774
18.786576996037144
18.810447933671075
13.939747798319042
9.432806459353548
15.511424277075852
8.761979403464482
20.725211680128588
31.24802353443483
34.218377349629236
20.022719537519563
32.17043941398085
22.88060440154246
8.505997740436884
22.073479137096516
13.48345214076848
8.418180147750013
8.984778699445828
21.525473966244668
18.771704427366295
42.737880193945074
23.346408196206998
30.08005528963976
8.624187705537768
8.988474118662488
8.197578499657324
31.321817749203166
12.020806709035288
25.708049760490535
21.615888690053335
13.113177170111564
8.961238788209815
22.045366679543832
20.560741017292884
12.81094458281562
7.896532845144894
30.950342856612128
34.14986473123522
34.01080909117924
21.03787939449008
20.80324951979167
11.68912201475909
38.39516764571767
31.382850953426765
21.642085695443743
27.959659552075742
31.63940684346003
17.99079687614689
14.111977078928174
18.599062468659913
6.247451616613793
13.396613849006377
14.919180503856712
29.25041171115696
34.26405669786451
25.816315269004424
21.698365281898145
19.099177117561368
23.768019260928025
25.30001206468198
12.224973975863955
15.314734692402373
27.05950369213423
22.124729215950396
16.065419006957075
37.722309201871674
20.955551791760794
4.831553796121132
34.152068995711886
25.348601409586
25.77418998771622
27.68905519896439
6.602335978922831
11.169284110575315
15.451373022141796
18.36232824819035
37.27056510790833
30.273277996612947
15.101698929906977
12.435055058937213
8.314661522551416
11.742121165675306
19.97217957897577
14.871574459583995
5.625468638727676
14.686624787867
9.158247629718273
9.542887682755596
11.512180395378888
15.828639711817585
12.52968719174521
13.656673579310711
24.85964752234292
9.934473972014128
20.0729466811228
26.5043611845213
35.38669778538859
18.67797888436808
8.934056134608136
7.527651635130155
24.71820611154053
23.682619414619236
17.978855777928715
22.279464840026417
17.652505538469317
6.631938849931563
10.027264771347106
11.16477438001773
17.698168943495972
8.964568475930559
6.841246458519273
17.43857019868715
13.27389045046348
26.90230032363272
5.2805852346956845
13.776039419646265
7.032608202232879
29.509439630542253
30.017548344022348
16.07120343948291
11.851547620062913
14.258929956499466
33.736619364752976
30.668625914242156
17.37880286177685
20.927932369814727
31.13390341948726
20.017863762805696
12.437809104524101
4.4731856314920675
6.990029733097093
22.130344882775777
22.888339982050685
22.178923243960394
15.6389325082872
23.903339825465117
31.27211507628959
11.4899534362352
3.908400858126015
18.432157664395838
16.97268671048103
9.096242631076281
13.328402509128559
24.29615016673677
9.78597324068016
13.929359780238615
31.242702988493427
8.081947433129187
20.904043929664702
14.971705398996615
13.288368532263371
8.342090072711079
12.411949329016968
20.666754339494833
16.364260412570104
15.75547267208236
15.327013735195866
5.406499101587234
15.858449427056073
23.73439185935757
16.116991995480774
12.037743039970582
20.559094531573116
11.466458105991103
16.61802264596612
13.42563093414589
17.748232750561737
6.379041788887805
30.072654064634587
13.544480193049125
21.967006958371858
13.328220898402677
10.234188360745382
14.977033507718865
10.919608364622166
22.42433783908425
16.862093166113823
14.877872449217385
18.764554755309028
2.467476724011674
2.5970864632059887
15.140342306064406
15.787312395935695
7.189288000435444
27.049477283456635
13.943470609776096
11.127822205849519
21.095179733246162
3.8442230428399617
12.76951736720362
7.357763614585841
11.834809413718132
7.876395937092671
2.3402484883735224
14.369867024173125
21.3713227344403
4.711949584306019
18.776552758922726
9.92502262738082
5.21574865883056
15.312475726303983
5.952888411829253
12.160994984987967
13.157784196420062
16.780073004593536
2.346566534626942
11.977031294857825
3.973688019135306
25.159672540121406
16.915640448478793
21.10813102697291
3.734715303208612
11.731912845731365
7.775361481207813
18.75512930615362
9.845053783752476
30.398335591491325
10.364284834868606
11.56199861500619
11.944620417806464
6.786159409686418
8.579576444743454
1.5679011835723649
4.7858729212400855
11.767303781750519
6.188683282726455
22.284586848881233
17.480526256437127
18.053787107502696
11.095559283934325
6.440993118704272
9.23797768562836
10.615985098715838
10.112057917219566
7.579059322891629
14.658329039007334
5.569438361033373
10.670854805731034
17.162300151895952
12.160989165769163
12.706660481660832
2.399693940856743
6.105389514686259
6.7304694948131285
15.453047628444413
19.914149491410004
3.556531418958006
7.414576438766108
5.986016431468209
8.798724871134741
15.727599628467383
2.624300336134874
11.983004748397404
23.08214958561083
3.4783186950124514
8.675040900198669
10.546808425881169
7.1676422451873085
15.937774159099924
14.410828157820394
6.495569198254183
18.798520319038204
11.496043562569774
15.283814194721252
14.909985161031729
19.889144374296958
6.904974487275951
3.005370644859151
7.792829145471997
3.0368434893847303
8.360406463980926
19.99082043573764
8.217822466753372
20.135159145763737
14.789485833684507
16.548850312267138
20.43346725753884
11.801236052229138
7.608006321273086
6.681914950315485
5.478156207106142
5.1800429760496005
14.041116682634863
15.306761476064898
5.372008349410796
13.340942909165662
9.257673879966434
10.311035622881443
11.185274630343134
18.048683158246703
17.130771316249856
9.950033081508188
11.768331013680307
11.766625797096992
5.185711060489783
9.644899510280577
16.33954638284085
3.0584623225145853
3.851028405658078
9.41969576120328
1.6524266441550732
5.568132042379917
9.327769756338112
8.534966254316515
8.171516542546044
13.16214788499413
8.11216204924089
10.005723797869704
6.168870976515861
4.134808914028236
8.277180848833279
7.750187616012261
5.440333861603889
14.487778424613062
31.272507656024
17.308867140743338
15.037769972496118
2.6224002966617097
8.471148032412286
2.1733023939174254
7.190410942406369
1.8954815136552252
6.364339379183193
4.044477568940072
1.8612627303821545
10.748941697619319
23.26443039803753
7.033499538647142
6.575481195426765
9.848506223786735
2.6505631153791005
20.212443478594956
14.486799325506169
18.976661141264554
10.284122590894603
2.359278464011351
5.23485833700801
13.961684674888412
10.481862878053223
5.922281108742264
9.478823721118188
6.321726917202236
4.999108377341903
8.357768641733891
4.176978313832627
13.295177946582942
3.070568345614002
10.45800675505095
1.878930470126258
14.644270729831995
8.320725112208752
4.833781214824779
17.89679499357767
6.366249320896802
5.399802812985317
9.259744545855309
20.047846523627243
1.824350305866114
10.500201998124492
5.9291690954843075
3.9694690462529096
7.8304566140495
12.026253944156876
8.592278659570054
4.200381475897712
11.514814523581029
17.490565914896163
7.05660810831756
5.145130662570527
2.2287186051419865
12.481375653568968
13.92627360208558
3.8307410296970366
8.738733965700703
4.295744384606295
15.808889052471528
17.606920912024773
7.645655083627957
3.003149335179232
6.825489033764779
7.278902602663795
2.871557565658608
8.928564209553839
10.115017108186125
6.5941357450622835
9.771369441800628
8.662200415440468
4.3461113863400955
8.919317858538406
9.85847730389081
6.862988757819341
12.270307607505934
10.062373900803147
3.4420165715998006
16.04569170390486
11.829363683217576
2.044647861407896
8.338293308461886
4.626483841350173
13.07392014146507
15.992580714832629
7.962208642087945
10.531580563620667
12.904159573592683
15.902237424454139
12.125488809272474
12.413908378871069
9.864573850397235
11.721604339787248
3.1923831136579475
12.69773837985266
1.9890413076156082
9.701844518048604
10.611081806983416
14.80022582875635
3.9043129441807527
15.12156478014799
4.131455759386182
6.298080289362444
3.4710171147912203
6.9209666210721945
4.690047806141902
8.772671267493864
10.611771153353065
3.6168752938602795
6.852938460471882
5.70424244233492
2.806979524796306
15.788723261088018
14.958639871135064
12.683214609945546
9.772776773839672
1.563935619134499
6.632836679171489
6.811529841623041
12.985467148126883
6.162866680716094
11.561429589189187
2.721713813072281
13.014908981293935
13.356585256865989
4.942284551048888
1.9578689153341406
12.905832951797413
4.0941432800451345
15.1611990751151
8.215767858580438
8.285197025063923
11.566381573175237
6.896083649959258
11.669856743011293
10.82635872874567
5.283057631118523
2.9578065513596297
5.971428284141518
11.281369022636408
2.29059105122166
5.61542751743235
5.190990615800514
12.543031920020045
7.354453251981989
2.751572834851985
5.070436339994813
10.790235917434583
12.142455130565018
6.287345045224093
14.561975669897114
4.704488422517274
2.551822441323661
1.812346823660131
6.414674075154624
0.16123821911939576
9.50396701398662
4.585315562115821
6.476268242802649
6.076176168897323
6.669933268920476
11.691910115560658
5.360457543620436
3.4444346597192377
8.047440200415524
5.22528325298177
1.019288319507486
10.530888818616162
6.330924368523134
5.49308337784527
12.273572992794637
13.121136239595725
14.836244805563897
13.365933640032901
3.9447403534133865
10.609387470256745
15.452104067715702
7.166425268612702
1.711661609512948
4.830757328908544
4.5147544825504085
3.20811133047312
9.956119093306528
8.21742635935931
10.907438869603162
16.757300400875977
10.940510267417363
6.341452386223563
7.797272117953445
8.763741663411343
12.278766165739102
2.8587412431152925
2.2208342818504505
3.967329057333972
12.370049730325476
9.754188702036036
6.534758763260808
21.224089200125597
157.6103
86.95838581427228
39.72234610676701
108.00558235232691
102.64764956644751
183.32728895413567
282.9682813839568
215.77959467197098
295.63618694188295
1074.9522381599845
165.49883550301465
243.17433207120217
181.45020681528422
117.69354122961866
29.051429968915762
184.82616103033087
122.0798035886968
201.75195268353522
599.9787356491349
257.45151157379155
70.73365262055205
231.69686443275003
163.47705169784632
72.29645726312998
104.43913987782037
45.756086569473474
113.80251528498259
81.51568048963972
128.67943418451244
91.77069832802289
104.6255249539095
241.4697455484611
61.42025420822309
187.9854761135971
149.7966175890877
183.03731477484695
160.10462925095254
61.86091504448367
172.25519987080338
300.59549091263966
276.5647562173072
239.23606416627845
196.94193203631986
236.5905554192938
215.87796521075634
112.64208946525828
178.78705915246158
172.95795015534677
283.2033931035862
88.19883858382083
179.40735565981598
372.31967377767165
89.3140793587392
203.11433264280413
156.93884343781545
76.05849094826539
236.80036117799298
478.31863491865226
45.830557395138854
68.5799397189523
150.9860202004519
186.11031349153308
138.93216348602368
236.4912027618279
363.39218066505174
172.48470097413025
110.91213600402656
179.40059730321966
138.93496203414642
323.2473320689771
224.21406563744767
358.396244364425
333.43833965164526
168.5185306944936
222.96156104591554
95.72477360179595
89.25470756297693
132.921072100894
233.37179873220393
65.23073869399057
191.0591501109103
173.2407422601669
143.54974336254654
62.26107919141033
86.03449434376058
67.60894768674436
182.70134967884323
288.11892662363607
143.1725207857485
97.90536557692941
24.989693807497062
218.62718258141612
56.563801958566074
285.0561187570864
66.08637408151375
109.34334594924776
169.5550951646257
227.25757764965675
72.17336287239841
44.31701814305123
159.56769384921787
242.53490333334304
116.24535557949476
143.5256284176521
97.29782164479711
152.3484277102809
103.5098640624724
190.03714882528672
51.158396034320134
95.6276185081248
171.81347036769597
84.85962789237472
83.02045977829133
136.36287455269309
14.226236499324997
120.98858790554942
94.84285305926376
94.58935760970502
57.49186939498719
88.25392010938903
141.67737337621952
75.23406778886198
62.069592772280195
90.30803963810071
64.05415130010769
138.60086524756622
46.579933727554184
17.38992759959188
209.27438135394354
125.7513900030049
140.6429393941956
106.29569752153569
82.55602505183315
89.81119670679679
56.40360504212433
81.83837514108995
74.86083188313917
43.06828549476853
45.301412297457496
57.905912147655165
43.60539613480419
41.51654787400372
66.16663664917493
61.36769056493824
90.09376759544594
89.29732638913309
9.902201091805638
106.3484483510099
12.617053194645091
58.947108445185734
52.12090617421228
19.90915224356035
117.92415375035904
86.54969494791143
33.2339434543935
77.95432021036297
58.78416534296161
30.665105102736167
49.89743621055072
65.39703414584059
39.616632028133516
64.15124927492153
22.505485329650845
46.33262041726766
31.351825872942957
16.242820565382747
35.21127699102124
23.2953020542694
41.28690745234142
34.50791404815012
8.979898767521611
34.6791959847911
34.823193085836074
27.556299168890558
50.963200322232034
39.188540694066475
24.98173129176446
38.082059420972854
41.708660937887096
64.55819062691555
33.24306276963347
59.01835834050059
9.927963320125224
17.89484992919691
23.376842751980135
14.096384946723338
70.7794792921895
22.481802879943608
16.17487624205801
5.915302387228827
43.788101671784894
23.03032436425805
44.58435618035797
34.32043950574294
17.668578594546975
37.183804679849395
11.485396244889072
17.231921423410796
12.1592698142647
46.06379833945617
94.9069798661631
35.908936800086124
36.566644850213244
63.04405865940412
17.64832147914719
68.30602433330223
30.22310321099847
27.45123870096041
13.736345205174077
11.914500434751963
72.31138969552268
31.156671750252332
44.108578631815995
39.283498718498485
42.11315986849241
16.314832797917116
48.22479282511913
30.22462105941854
26.04103523000633
21.15448951146332
16.24302442464539
17.419581540607183
60.53713430624291
16.779833351629183
28.05454485714037
53.03679550015711
19.204713520606028
37.68197553006154
26.396305605483494
34.34763987625894
18.773621602034133
27.071293552079247
40.66591066812224
17.22811144137509
49.04662264442924
24.794200867591016
24.044548265268702
30.252954311875396
11.969110192799386
37.91681906197003
48.277686495279895
4.323273300957502
24.733818193364137
17.29505557033978
42.26881349662148
54.16740641296892
26.426403469222016
25.59905812942053
31.101913838716886
36.642243697657044
11.202117699689962
30.702102105451594
28.425094975195957
14.369452066362642
15.827601496114154
33.21592860186138
32.47338694016393
13.140064581600514
37.04404611913282
28.284313950028416
13.718567879311378
19.781860370544862
18.15631776734959
32.0194717874715
32.58630427320969
7.833520939769646
25.952452516011174
22.361686768635213
30.308821239183537
39.9372852507784
21.64483394881089
18.0106148807138
27.58517184392609
13.227912031383049
21.562031067873374
47.87327206153482
27.542674726266675
36.0364147517518
4.735167613801377
17.17917405035091
12.780138038302997
33.10296588491277
14.37020309051768
20.43462689404096
38.577450200349766
15.995244980671272
30.16109451708774
23.39071278830853
25.813732737040553
12.528644646954675
30.175445614298305
20.135975013884245
14.278023635817172
14.70780334252928
7.276034680381224
18.02090839160156
30.88623408884533
20.92230823968456
28.219164027939755
14.384797173873038
41.60915371910961
40.463129724511205
36.638786336288135
20.061993415634443
13.82885819899687
0.9746466225446262
9.131556559172656
10.415512723640745
16.81806423051238
31.229267991448353
33.253827617657244
9.609452427214125
14.174426498792181
8.903746001707855
16.75646482427312
28.68154319217354
37.57316338627271
46.569359146742116
12.311072327605016
24.132487361160965
8.127650872170262
25.62890293806582
13.41635764618329
13.86206294062954
8.82245344578519
12.569443385025556
27.89015385190306
13.378117275462534
12.249437988309793
18.936863932170727
37.40217543381251
65.81350970126036
14.53720892666254
20.03185002095972
17.72382892275795
12.958504837400469
12.33879149995699
11.721105542338929
11.4865051094207
26.770068378980387
17.700587663092435
30.2390000764095
26.246746697059766
22.74035879301938
31.524836064756855
12.193094388592614
5.956066489551984
12.903916895474403
18.152547674175477
36.85927007049751
50.51585663809194
23.886082779309724
6.581831305868485
13.130747501859084
18.71724891268613
12.336768307630551
8.267411987073409
13.260927351226995
14.706844255489706
33.973539079862476
27.309826472277013
22.54033138039576
1.5190920872579432
6.056613876268573
5.668088865701171
17.693666725571543
11.089616016802758
7.150135737450137
9.996641684009951
23.857039334526462
24.08088535015675
2.4625121731891673
28.907560797832826
9.994338618718063
26.40067717484145
8.828405889791286
9.86374162658608
23.562738265757005
27.30896596100638
14.633830458990436
8.212969303402371
26.9824467463185
18.50205077886245
12.485498477345455
10.46398822470588
19.781163541641398
29.2023118907754
17.63651237822317
10.702586982521428
29.034554074450497
7.718897305468092
23.653932092190928
16.624671093885734
17.430351937012187
7.70089454628206
9.75091443782618
20.77477941115129
25.4997061033313
25.657930660725572
8.8894262575024
19.295766590394475
8.793867606886613
7.418492104110173
24.65416098399977
25.37470026477812
15.802813383965685
9.302425813096136
2.170140308325936
1.8986381500696625
7.782826540064202
22.687652352414208
5.277290581914561
9.814270487555936
9.15830090117593
14.527583170458454
16.201482282162733
19.50191646504466
6.511045441997526
13.921181342038762
8.170367699045741
4.210025511605001
25.167340115232125
15.209445781278482
32.31572950839963
1.442620710857789
4.695213083238817
8.927599611366274
27.759751965331922
30.086527685495607
12.37444444329973
16.873033358933974
11.047499570955994
12.94773023036479
20.420988318109785
20.313628681617647
9.854173283179932
15.661347494670133
18.70161795032628
34.25250530596327
19.225501362600887
14.694300640090832
18.26396919262405
25.60324602009776
14.363348932217635
9.935793322306749
34.084058733238045
8.194267259086553
15.466912023949424
21.49131190043214
8.923427619621627
21.88865228219612
25.909045338661617
14.53941485476622
8.93044380068145
18.488829237345104
16.746548866186973
14.604711315079816
8.805685600607477
8.547843988595126
8.012404021666478
5.2320237472046545
20.90274786352703
11.736824796857553
9.884998233864405
26.27210454296195
16.05648932825792
20.77196157749277
11.006951952536962
17.51349367706616
4.127438843958177
14.202173609365614
12.02454003227534
11.119433059073582
6.4923176035566375
8.574203448485225
22.00821533377811
2.442307351295751
10.684151716677563
0.8392787846628805
24.849240839990994
26.732485895823284
3.697029544266126
12.0360076724433
13.331171651241608
11.945607717388915
9.795428350984325
9.67165271301368
3.7708033244376473
13.02790274868541
15.735619148205888
8.439611633366805
7.553067866895738
18.774300489723228
2.575617751974028
15.278479019453837
5.114621095815265
13.214778842906265
32.558123984379066
14.370468354366587
13.250342018417534
17.606843550675755
7.824305644606137
15.866659885631314
4.301473431417428
14.969142081646396
9.117417836177646
19.69893269696687
4.665324645661086
7.832986358238544
9.075043311899737
17.033919699488777
11.67891160692625
19.001608058138903
15.292413315494645
18.064577545474855
13.12776890148556
11.091844275183597
10.72426142873551
8.346640094671299
15.368374283771796
18.190737334393127
7.574799197019267
11.922611696448197
15.8652783825911
0.6986279192496305
15.3151618514418
3.5679033602955124
4.926428200282801
23.169985869149784
6.418183497736926
6.662156948354501
16.40052963302105
6.191297976304852
3.2903391799221398
2.88091870435355
4.0893556714088755
16.803214692916036
20.787440082133084
11.470237712453946
15.45769497010375
15.6546036006381
15.442404193344618
10.250963474450518
1.5859311850696645
14.683648515602854
2.786886582844215
9.697119386099635
12.377527887594358
3.9514850119019056
21.065917970136077
36.17758405655641
8.365212297860877
13.77507570011169
1.123577234795894
17.10213457434911
12.449542601384442
10.655348318226661
3.1219471391548836
3.1908264077095514
11.00712256845941
5.053828464564116
10.585568767846732
5.778799222961946
10.444860568026053
14.697139595819735
9.7475726800426
15.860315120454521
5.398369200687548
13.051067582045555
13.69436506413728
6.58427755304063
10.182999521684355
9.224239927948439
7.523681016037424
9.354987152040541
20.722984575049807
7.925633079328935
7.6100833656218745
15.172843348944067
9.899796456461624
9.495119429900376
9.2318197313338
5.339147993451584
8.700497166532482
2.9365126892465514
17.71261185892065
16.17802367094271
8.986428299892282
12.022792071773573
9.22176888140409
4.926395081000963
18.63752729234847
6.928604802329589
10.693895694708075
7.711993257397523
20.386213388147045
5.491332324042744
13.347000272542784
13.135598132770816
9.917130288035052
15.851604101778351
11.406622478775471
21.07854439910133
9.674726084148
19.231927161481444
6.7857152156818925
12.90218697719792
3.785446812944196
12.627069042578267
7.659989520018483
7.449456786051662
25.285662145561492
11.362737743861192
10.75880621621184
14.587164140168774
9.276133669341599
8.1486549432734
5.730709859545636
8.42611181142217
8.86279560873928
5.700181346693058
12.239508474983216
10.288032104828396
15.889291881261327
8.746135316388784
7.44649518403441
12.110577084085334
8.696577783469275
10.164720255349328
11.447070483631727
17.875602734289878
5.819188752589666
4.525024055620822
5.300896320042035
21.769240783331508
9.622090868011767
11.98172140253026
8.206048577298057
4.971211015747633
9.381702407233787
3.8784557158104986
2.0954477670644756
5.264344948766601
4.828906958265133
3.7353864454009775
8.462321207556101
2.169101979565476
7.836999240643121
10.560770206849087
2.717290184413862
19.71016200151134
18.71888173063677
19.359819702137898
11.444895011624237
3.9155132794370306
5.231455106481892
8.66941529648968
6.173989312428939
4.6581558468886675
8.561854373333084
6.673445506413637
5.018578980786271
12.13385225035967
7.796231452944253
4.748411085196532
10.8798523222432
3.1792024014003486
9.810783712477107
13.234241003395793
1.6889708611770524
8.729115572286872
6.375776093367056
8.915264054893633
10.057028395945837
5.581260761294921
10.14903378083853
3.6056585855098233
4.86941883806913
8.43241063746192
6.45506512126027
5.49130828773027
12.697785533697381
7.188002862969332
11.743814836872701
6.280115729466743
1.9489460943729713
10.238578983589681
3.6387730200647384
2.643165587652512
1.5513995832310878
9.120220063782039
12.656409433567415
8.495685201467406
16.41513794737595
5.740922986079484
3.521961298505499
15.265477534994261
2.9703415655162244
4.903356162930454
7.455342424879248
12.86342450684845
6.868303600970706
7.3830142305896
13.389649070019793
14.757992635294913
6.11685423957537
2.190954663820963
9.54747913651266
5.94647295779101
2.483189469921389
4.272038539788497
6.91713669661555
7.619314919868918
2.8828703197926813
5.729616604427443
4.965529023653244
2.998200247482102
3.328847809809213
10.75126768598143
8.375963836303072
13.632671102867773
7.448453204086946
6.78073733825194
1.826700809156129
4.252681597965445
0.9578687330128431
4.955260147677797
7.1745243285719065
7.021810071677131
5.803467179302261
12.297779313841447
12.48013099286746
3.766424932400259
4.827089884023741
6.605786337358178
8.615634823996452
3.4015357615964246
6.667841877813709
5.245364241068671
4.410194087283953
13.23341974085033
5.35118944876797
7.2602582714583095
5.882548510210762
6.072310792106171
16.288804474858175
7.928557721732415
10.381142042721713
6.600417474534741
9.497553819433003
7.097273400266096
2.337818566183643
6.947097956845246
5.191913607320341
5.985859644764062
9.323083011253042
2.8578098409104484
5.55417261561608
10.368265047597468
6.194812481119022
9.466107405691636
7.387672849137047
2.7681557721813257
5.7217110978632375
4.818859445356409
2.3304885566195015
8.805405868262579
2.8072826159920488
2.496209329569152
2.8412634931087792
4.7302658500843116
2.110155897904705
7.841394467837774
5.627338320120788
8.026354457746923
3.572231852560661
4.591460813335514
7.543291270405179
4.261795544577905
10.340122260997141
10.150886640767665
2.2237501686660046
5.782912663161159
10.016782964922939
8.75334073415383
2.9350225293588603
2.3624710223785033
3.173675296638149
6.833612816940879
13.66526314857844
9.128755139220889
7.29811708256127
6.238407840211443
4.8095181833015515
2.802648270311054
7.131858480568685
11.336753798431875
8.425214285052219
4.276557683317699
8.95464041946509
7.407207140195176
13.825206251401495
6.091604634096462
6.669955047827317
7.744435483511494
3.250113036244826
5.756850144635472
4.4918596516420966
3.9963909074937085
8.82352127396712
14.179009533910113
4.917797838611691
3.0354909238612935
5.138182205954275
8.425580275440346
5.429284104555457
7.07040031499646
10.853136159510889
6.254976778959381
11.976527446744964
6.190966223729209
5.048097856245693
7.790826106428443
3.8613823332033292
8.375674214802277
3.158100049070474
1.7005108219532517
3.977071964778872
3.766583762207451
8.7740370709598
3.0256230319349466
6.718527631663119
8.19029985584729
6.597224288914531
10.553699327926326
7.632334397016539
2.483621601320628
6.279241452749909
4.470496238456713
7.345679080411661
6.596629327607605
1.3995205228554235
6.2027110539583
2.7881270196114714
8.922513851176578
7.8468207593635
8.089773844725405
8.804750996092414
7.630686685752014
4.524280842515556
2.9111149197913457
10.540681779890011
8.594809046308912
4.184940163731813
5.218397896430502
3.038115381949867
7.362808627811327
3.9027097355817197
4.826316974006538
2.2374046648028076
1.899675038355118
7.793902018581752
6.488920135060052
3.6316946177073666
9.169922967614259
12.64848167265485
2.4452399126301287
3.425257701773107
3.852278478656352
7.05827511627712
3.310192743785456
7.569627906222967
5.535220295910509
5.2757022956443205
1.8133574650201363
5.013483455425728
7.297888201106224
12.236698122054595
4.384626988715331
2.957863602447873
10.397753938210398
5.897539102949372
2.822715774604326
4.163351019011881
10.821057400006955
6.755997740811689
2.9053554021146124
5.008244419721845
7.0099366102138125
5.795958109506547
2.197938676485842
4.827197470428328
5.438435715495834
4.710381675609926
9.997057993846822
5.162879105042564
3.7844761565309915
6.440701601523896
3.7941014168728286
14.647997180023058
17.91051277570438
6.558129592973356
12.899446585436694
7.636301803056464
5.425758583570017
5.203075277335343
12.345654819351411
12.383109398312115
3.357908704956026
4.348873822620959
3.4123554291055416
6.89455168880298
5.888478056763175
2.4410524861762464
1.2221723759921663
1.743595130229902
5.458037043247604
5.338641692201297
12.203159253300393
12.102859223203096
3.4850571135274913
7.287599524077695
1.8563470749629432
6.536263398483621
10.589850004779118
5.87713549221259
3.7048253955291406
2.704036448760139
8.295728718187943
2.1388287266031636
5.571334562073341
5.238910704565142
5.722014534119944
3.041157548034939
12.265845167307752
6.697671969787868
8.346646723969897
17.899985849350028
15.017803680855165
3.521088956306547
3.2777699009651506
9.065539368589388
5.771058470054019
4.521123578139788
2.012890396882926
5.280323190792368
5.69799347673324
2.4788392042440734
6.224995632676477
11.45043523238835
6.185216657810461
8.324654732345358
11.5983970694526
4.076154985054794
8.384307655636965
11.63183056703677
3.1473994827939267
4.164913547697908
4.515600222698041
2.0967257035702924
4.640570633884983
3.8840224788292113
2.0403490485971094
5.798386668120441
11.010556436531335
12.514790023181149
9.759017934683172
6.795257830138807
2.6536584661363105
6.042057709068335
4.513564497154841
4.48836651905511
6.639300267929744
1.4968827483560603
7.511737836885665
7.902757520280542
13.034548391901497
3.066659297173608
9.53411774521304
7.377600812086201
6.525481629904826
6.395895784934962
1.1729175022439156
9.327725510685058
3.6403268139531457
5.42656498215347
7.705626292057794
3.799106995890788
4.765807920224407
7.1157200592585514
4.906671491590526
5.3241192485989535
7.230345628280256
4.540763335664109
10.632743573476574
7.30324542105061
5.7465209044598415
8.476230699783727
10.149433765141142
8.217780727603447
