158.178
24.729707949471255
94.57164955469379
39.16288154065173
54.12611305550953
87.87192842960079
72.451805171127
282.9901957911362
325.2848527468727
228.49275638189698
71.64971416512323
94.48095661439713
173.14237343834372
115.37540127465789
260.7909522776503
150.61029660705452
120.70331524768648
49.48945132821422
39.89824474536956
195.12639312784617
130.17662536925044
259.1937929879026
127.36006958310413
198.07361092600934
113.35487757522945
143.4851422051613
165.25582833762635
290.289789681497
103.85254678480543
203.3054586046253
187.427721755222
79.7287556239483
371.02838728741864
276.51510244925737
248.85118360596283
237.00327615805898
97.67487450141428
224.5514334259585
258.5195048596728
290.80769484922763
123.81273939875926
200.5878982856945
195.78097565463958
267.1089263504063
329.6682439865344
184.2380803847691
384.3597593245738
101.41234886382286
111.06213180743072
189.8064028526546
260.89376988509946
167.67643527902757
46.79597910387599
323.1287494750673
176.83182965944854
211.11952235346598
334.94917467602875
156.16307425818115
162.58417367331907
194.731344838044
202.14212257972628
140.37596597039138
260.00705526222544
346.0741766187425
39.5962853102763
387.0537442385037
73.41733361390865
100.71576121855713
182.4876791642483
77.03073544732486
96.20172649546537
140.81169651111608
135.42145198777095
69.59078184536745
85.38263478339596
135.835281138414
40.30943633090115
264.42323730921277
87.70016946153235
146.7617775099388
157.0076162154861
94.64840415446822
111.22258953331468
49.547677389953385
87.18695800451405
154.68904306336637
37.102644512574884
192.02384157424956
26.702700347568875
124.208233265677
135.65761812671738
109.7178695112091
126.16367199706754
198.44160044836437
207.37071833510186
96.14896786342594
216.26220448759258
83.2768911435632
69.70282930306311
283.47048184929304
109.60275950361275
135.53456171673898
130.04386200580672
130.85070061352206
45.78163781080903
56.593122171486975
99.35367959940658
31.033952025916378
81.20162308696685
141.6288105664541
119.49150063018539
45.9324496999438
79.75465541852176
75.09234906837392
33.85619324458907
91.04247895858609
120.01384186430353
13.406788587392212
77.64662657718145
10.305092112366129
94.14291995285635
46.13351307228332
14.862434992127824
79.71169719666015
42.131522050521134
145.3252970450801
28.959427540844477
57.75108716512441
129.39666901314558
22.06809063968866
45.00986423028888
20.795721746464842
62.85499490920563
27.581389468965746
51.01527949349849
40.80290597161883
29.02605222852945
10.600213324225498
13.697744728181613
34.40528022203088
73.09540495225292
60.07612271881363
64.39260730968566
53.805910605851025
9.731030852880368
36.12239085223147
63.482419934090714
66.79056797247603
53.40074640337043
78.21697044130133
37.09693590627228
23.435625091410007
72.98825060840224
26.217421777239945
44.80297068654643
38.45820036763365
3.2237560465682957
56.121484223975735
37.612051030231456
10.00071453946528
33.95753658606612
22.302945130642094
6.864978686234656
49.48548173795864
46.83422406480376
56.05322681264466
13.565911019207862
32.52551960271376
25.827028895417772
59.70197102600547
24.222803497945165
52.22584442947438
53.47268893554144
20.41577474933622
45.68095867056141
48.29441812782719
17.279691181386312
34.5865981079237
45.96527947673458
26.75260259468503
39.28027193242037
23.524893086114822
44.8736663505397
20.130956802101846
9.327981782799682
24.135171585890216
20.147015664844062
42.47655032563519
18.820379913899615
28.02145411772328
32.21440865121985
42.561181132972024
10.867285116115985
11.81685890953585
33.483867365378586
50.478866275341005
57.613208645662276
42.09278130552128
6.075173528530987
25.0191689401227
77.59276705115639
23.34677358325795
22.729855722342585
11.959237014900586
16.925414526208062
7.3125065544976655
21.829760859250634
24.03107703486979
12.02571709954284
32.76545476858945
36.525142725703475
17.801946489417386
32.78165817582903
40.977168240131434
41.89681150415496
6.8352761874975005
24.711372621954023
16.81561992299977
12.12976368384045
6.105362152468616
19.9434808427361
35.7985451363218
55.657898908709704
30.428431225770527
37.55053754490715
8.867727200917754
18.640519233145294
35.39831035429089
58.48327818998475
29.42195644341803
18.53566090455602
49.0456738113379
5.204848053473261
47.08083373434381
4.864992196741585
40.45745805445619
14.333486034955715
7.551985896941861
24.688536678997906
38.89475738493551
32.19741926482291
31.23754787815936
16.872174455981337
34.08271573845021
16.610858017617847
6.85259548392468
4.990809588188383
33.00032191016276
19.549097423307767
42.22772156350886
22.027969341098117
37.204330822591174
1.5364474383090079
28.207861171873535
29.084583822907597
34.589175524912875
36.21486855322149
23.555042839377386
31.938276398867437
47.2682780468591
13.50886291050887
15.060709602060076
16.45872170622664
34.51919862561304
35.9357116452038
18.105803412727614
26.969039704547942
13.187224980118417
19.348232522861156
51.874566412545164
20.100889037873458
16.156338864765544
15.580089747947609
20.956781188739654
29.77516494346208
14.662314511050049
3.0852988867704907
29.998402482223355
26.14722928477716
11.063193286520061
18.01897895276112
33.85799037835359
28.512099589537794
8.347221471490899
7.906929856880861
13.078542524073896
40.50965402171252
29.910454802954074
12.107830879758472
22.83100378125214
8.694139655843829
15.587223052766685
12.537004590188495
8.495412959234052
8.137727062624021
18.46300093776727
23.490333748034235
5.10598085258992
25.829437802648453
12.036911317985803
17.027052713688065
30.125780150080768
16.978537309794707
2.4986370443732624
26.626153766219385
26.118402822148873
23.29930205527786
24.63323076602914
16.34575170788568
13.492412722779562
37.80818606529659
4.232237043774417
10.503856648027606
17.216232304234875
15.855426057888607
11.449940001035515
46.13659057051217
14.39406197355288
29.261532873642288
8.262443652613053
5.2410057512889345
34.27334480117539
8.870046397942652
29.77009718437538
18.231909212374003
16.285378958548403
21.528131938716026
15.674976399355335
25.408130273297605
15.133273089836084
24.185602024389794
11.325616903857844
29.76326863140403
16.197973607652674
20.93221542141868
30.113841136764226
15.175944478494225
5.518226260992602
10.335071771064626
36.38174450073291
21.403859908920133
5.635831441795424
21.717086128312143
18.69272551313003
17.62852086362133
12.699379637440055
18.072690985227695
15.69873261316738
18.377094895290536
20.026145588185337
35.98078272003293
13.517994259091878
4.32354959739854
6.037530931662702
19.329250115367515
10.651703677831309
13.881945835542338
7.212316662308701
12.923116998605066
20.68175734944767
12.656167165350503
24.824855398398526
5.636680751408397
8.553411224099278
34.62907493951959
6.882522278732249
20.789678498543783
20.39093144354955
35.79648086176678
7.913366999249482
10.883131019062551
21.01796694551492
3.1889779083264442
2.4941153572283796
14.120969601531986
18.227570079421433
8.636108538835966
30.79516017425411
14.230710959148388
27.18630755500715
24.20329372980774
11.309413767531952
14.36026644504454
13.006492221928262
15.739821799185695
4.47796093735142
26.14358395577976
19.302947839210322
9.41236980066069
17.96762482135934
8.081698232315375
9.71490990010826
17.96296889068275
14.79628364708888
14.166210717604667
6.037193588204305
10.782197049708179
14.79653656319397
11.168087961235592
23.337872593640334
9.946116538925015
14.694937436245429
17.045851558124763
8.572410820920796
6.513646500556306
6.6368702119002085
19.39901838167602
8.845963743626747
26.22569324686453
23.32980819095658
7.852622429741236
6.593354863179949
20.934926589656968
29.56127981892495
7.6744600606234465
15.917974773395015
18.48753762884991
15.052914956190927
9.40203695216964
7.369917111959025
13.717977902966656
11.062648977999082
14.473097381882909
19.87707009435797
14.440616782383792
2.2638953078625472
5.138731337319196
8.91712698557625
10.217214754546713
20.921234689797345
14.728691051570976
10.00776505283761
25.339251882471356
14.822892031760304
8.02005164064
14.480046521794481
5.854273096457698
12.464952949807415
9.62530935141535
1.854896472810381
17.720448811835887
12.316399555422674
6.328709429202283
15.133710021846646
3.6623874425402967
5.020032483772506
17.657678076853376
23.652913253589436
21.417415868289776
12.375570216532655
21.27596079462082
7.70048342402169
15.086408547484542
15.203612230429377
26.23727608703093
20.039419955578076
17.991924682887383
11.833583588978785
10.153369708260023
7.5315229077898795
12.175238336880776
6.312635852730332
21.957050800207053
8.224166670973371
19.87714114545704
14.320597549290431
18.206194909321308
1.1368994918396633
6.993986716275688
2.895595497620239
8.60426149244708
8.506346533708983
10.712435452328911
2.7108750386044975
1.8155490144023092
4.874231992795103
21.988554133112643
19.801230298599595
6.182529900617217
7.668779808287268
9.392291130037144
10.0987309090071
13.499118094566281
16.084737777967355
5.5483848878030075
10.861384990781197
11.362990112399357
27.968849368795738
6.061771679655508
11.304176159173975
10.564261633825641
11.634987273969962
7.732782499718592
22.280359024187867
16.371032229382045
9.982193562602106
4.209088546120057
15.38246454910218
4.766813588588606
23.71673817382113
6.465223285224437
22.75044777848091
7.423174675818467
4.156358646919003
5.967322575270496
6.025837750288681
6.435676215789341
14.606286526025166
12.918677574324077
10.344504154396914
14.799235540333314
8.000459203881713
5.001437162879724
7.714766278196267
14.98756923476802
5.839185689306047
9.555228278630477
15.075425401896585
7.503897681978028
9.25378437515943
4.688409071914581
23.696422202601145
6.571439438734347
10.948992771578492
18.79415931544474
17.06899111633539
14.109112683467577
16.8727932179814
12.00814769269269
9.74247749309501
7.018745888020385
10.829556257650683
7.2380875237488365
1.9428818144273963
12.529198357202809
12.20947829761917
8.910767484148643
11.27540574188181
14.728239190816343
17.896663250898225
25.118592756924347
12.803310649150179
8.835381719850968
9.403220776904163
9.672634335886459
11.714589870859763
14.823963508278268
14.34400025834557
10.005109353235639
19.372365693916432
16.50122214931179
4.739087111340239
10.700723796684137
5.932511281909806
14.746237056593639
15.825894824190124
6.105922012501394
13.87830120198744
11.960629298997487
15.477938035467162
9.94277410731284
12.919229755306192
2.931747946387485
9.582634473564333
3.8187600961607844
11.710862808486967
12.084463976442757
3.4071632975361825
15.40119522514743
7.624806315139675
8.088114038418672
6.886593288823858
12.80512308720318
9.515371402065533
14.884924044116634
14.81252668405406
13.324649475376216
8.487454341811816
15.837276103382838
18.648686216207892
7.7642993460411835
10.0090847314959
10.845776838856025
7.251345613362213
2.6320523447036326
8.076262282047171
5.350066243203193
12.58553899505883
5.791492043235434
11.001633543631893
16.63505818567702
6.352706159615638
6.676655355796012
11.650429634093184
4.070015986322843
2.0205740062866804
12.609877952517621
9.851415108185204
21.48305675978499
6.992739066600773
15.79483970125131
9.642550242292623
6.834054911750819
6.252091712305559
13.940734329001836
17.313162270332608
12.183433762658685
8.272336734742163
10.317902531003226
16.555377236022068
9.327872591389296
14.283391150326246
15.415894263568983
16.683521001777287
17.280662705363866
18.082856991012743
8.829622188203611
2.0857872069239423
2.101501336269779
7.5303063765067115
8.692945904002588
13.905100819205312
5.993625231460539
10.746031570195802
21.022459665469988
9.983438777826269
5.5141885484941735
17.207758599266246
19.75884163975431
12.822062400461087
15.403223761105675
9.818238874032321
8.633898604301454
10.625245725436818
7.046273433788737
8.6732830119888
15.847020453271591
11.356495476839882
26.26387916428312
18.818063037430612
22.050906573337507
11.014512787782442
3.050395511929167
6.39802564025369
8.191579459854479
13.231497030712902
6.343794480929902
3.9121774496945902
14.521878004959822
13.315814557371876
2.1871294091761215
13.714672385069822
16.852366951585417
13.63016702678336
12.219601596997865
10.208784594110641
10.214395512990562
16.972183686383236
11.158504348890206
7.767189035633748
6.671930258966401
20.57554773672981
2.1381702203183095
12.520981696963311
12.211711317005962
9.263167757621131
7.285920236606298
16.723431369927606
5.503511507294871
4.97338876967113
9.721801335809676
7.367259317111992
5.07785740099149
4.612682599534626
3.169856365737815
8.209684965521676
10.289284189164244
13.303503861947021
7.1122055434876525
2.2243629137921763
10.889347526539428
4.961430733359978
12.319023844103027
12.157209466568087
14.172115829496631
13.88618692214126
3.075443179983855
7.006034217236053
17.079256702228584
10.03461115410967
6.867138157953841
6.8431295451278595
10.02216281633237
8.120163138993107
7.897717083444067
3.5057756761564502
4.260852136065729
10.770984259214147
6.096299394319042
8.210281125831893
19.627984537904464
8.178616008084223
16.90057237726562
3.586656640160655
15.572475597407957
9.70431080523393
3.821855558032891
5.320433538853799
10.603215899697672
6.846890002111878
9.45360779511179
14.568029733495102
12.505381134041428
11.889002544958487
12.827437417967362
4.958535647268488
8.972088035936935
1.9780662220062637
10.109142954232247
14.940580182049738
8.794104589726908
5.694599961561572
13.597267204086073
11.439003979152256
1.416940688482356
7.777954141998181
7.459313003009969
2.9193723403013276
7.831559155247012
3.794031259271086
4.45645969422167
4.747398044837914
8.382449725839379
4.466315768489172
9.617334135231873
3.0411664939040897
5.142230865071332
4.049252436652965
2.2871952992092095
5.766620108606245
5.045846082670447
2.9746004006001923
10.84287541298912
11.004577500127512
7.813890127413391
4.307862631482167
2.0225522581051583
5.555316028745987
2.3080366237500525
10.687010957159044
6.786254190866089
4.831227173235338
13.265922260065915
9.426830836333044
7.301751007976522
11.702133332935844
10.555933034290327
9.3096774503794
3.6706146979738725
9.233444473528172
10.06347319023018
6.079771623789418
12.989265678514426
6.515039435454413
13.379675312266096
11.619778662720144
12.177356894145483
7.1506932469986335
3.5246131461113723
3.8348073144090544
7.481279914810782
4.580909458841792
3.3718482320361667
5.336917026549663
0.5539535219548942
4.350686369786936
2.581331482779677
5.168625216817215
4.164192444851221
7.141830340222706
3.8978116831464544
0.6335527531884085
5.0031092702907465
7.128012373381694
5.545658455968106
9.570235452176268
13.173502576987646
4.547298956534822
9.70191154648634
4.261670106794661
1.8520864846139167
6.4242234647722904
4.713922082040762
7.952458287600626
0.9123388481384895
10.649813287198283
7.084051989369898
7.5242564323355765
3.4130840626594536
5.675176911750883
9.923989500039418
4.812693442777714
11.878432273297223
6.351541902891221
7.0952022444199745
3.199501670664256
3.943196150775635
6.862210525472068
6.29252890761812
11.238098528742178
12.826125824464997
8.992864702174392
7.930646330482908
11.020444225944894
6.393649450578747
7.295845309133249
7.7543574530769845
7.115107894152464
8.659533137595227
4.347958046560234
3.1876863142077814
10.784918129156273
3.3911880912523933
2.2080936614419016
8.627107482590251
10.35032810538584
5.175454542974141
12.00747360653067
7.307860191339462
1.8071298605184318
4.875778424632474
4.425285446412119
1.7610845456998667
7.244248172276403
3.352298395209509
5.56957791288257
2.4953600183213505
3.103355979838958
7.809232271684279
2.1049630581606658
14.086267893023814
3.9641229973503482
9.063231821321093
5.820455139620531
7.320480510090896
4.23055882046802
4.078129455955846
5.487981876092959
9.477388335341836
10.621349237289696
1.502793869510502
7.385257456249576
11.26994159599604
4.941005437857992
8.731090159230435
9.750793165925538
4.651890220672553
4.464459530355791
3.636882526911459
3.3397195521620966
8.801664297499995
8.500541364527448
12.8374340213352
9.69442253263354
7.669741342467622
1.7000400527117985
12.073387817864862
5.118022015174137
10.781751611642274
3.3388912619298177
1.861017867820281
13.427343311741666
8.045943194262827
1.3554816409663542
2.2598352123571437
5.087773618632955
8.119575379446138
7.571382609441847
7.891402477941794
2.3911892190894477
4.552418040079227
3.8020596906115918
13.12890962977908
7.05060404539532
5.498554985377959
5.402887403844662
6.745177613915705
2.480500850334371
0.6200537056128324
8.834747657844988
10.981005009195984
0.8727315891097419
7.095431309049325
5.789683946092327
7.201592192443523
4.908075885965531
4.568617577518714
7.765543705791765
5.6073883403106475
5.987734714470709
9.77090536233017
3.991023178277187
6.934882416560576
12.639924749382493
6.796573724541854
3.0199958444989083
2.111214357063451
5.22212792845757
1.3164470693056143
3.0038350486939254
6.9433122171322195
4.8959021391945265
3.075883674810205
6.314616372973414
4.784426730448583
2.9142796347128135
1.4614334417853736
7.9832896064455205
1.6465379831035378
10.632202773813859
5.915952735574773
2.9663379952280517
1.5607846459247783
4.9548669772311555
6.844661776674229
2.6613235027192226
2.818797659649419
8.286157426271277
0.9264869869435446
7.375693122679245
6.669547100431865
4.389494201615686
5.643798516456311
2.9057953220230237
4.325288658668576
5.971469355160539
6.064768066982909
10.034905629531215
11.265143412242614
2.2399877294935826
7.05567068697482
4.464069740605924
7.809472729713123
3.6866060585716447
10.838003197862283
8.5529339305745
0.814634002043451
3.9730523742064925
1.7831221224620466
9.188551276157515
10.8729326201042
5.299330202330961
5.68228875829753
3.5932754799557967
9.400095354116578
2.16057644936868
4.698329083280707
7.108161023068118
2.212873414779297
8.858755204420218
1.556484841702047
7.418719159557197
0.9206130629968238
3.437974243033347
1.7697631515572902
1.7375693516681159
4.266296587050799
5.671953367915195
10.601288319541549
2.8065475350461386
2.339607705697431
5.537428533904385
5.478479458813903
4.820116641676373
1.1555177595007635
6.421828688723398
3.8322170313387383
4.664250125824379
3.82847208969227
4.641506806764228
9.947162594032383
3.9559425936144414
10.78784349673442
2.4394757703896333
6.1392179351652585
3.284799312699421
5.751131725056864
2.630416699820208
7.799860544564605
4.057589816691003
6.497615971152054
2.1025691464718013
1.4807231741008005
2.9749694254673673
7.910758679241583
4.568257973268928
3.0573188211892166
3.408583902272517
6.442582264522829
9.267639786036954
287.997
24.818030990713265
45.35047911430203
51.303107754569794
101.71176264287797
80.22473251675792
16.121133001815206
62.965511949795655
21.934644583565614
131.6276604343936
154.39466080945587
200.09761982268566
314.8688387921619
220.80599999385478
73.22529059673252
212.93797432496615
39.70760052507474
253.32733811577373
83.01640319642081
115.16050606866052
145.62385253913823
68.04767728925144
300.444792388405
88.78020792076741
63.84575335463578
336.69051432885567
126.1414514425644
59.1263638078962
230.3988745672226
44.818789490176684
193.75484897453092
168.02810717170618
230.3844350645351
217.25954237629867
73.97791580420643
343.97635515190035
145.16502198706178
313.3463339406377
115.80554586926256
53.14272678400293
182.88868359140315
154.33649809352642
355.1516752594704
616.1139579755296
74.91675299092394
124.88263270402757
132.5438266864629
168.8424801584689
116.42574925576136
168.09808282433028
450.46949625696965
301.7486212390918
184.19193779750913
269.16428206583106
221.99262252882414
127.86449190504563
226.90580553274842
135.79186652626504
105.34497351525941
171.16898493014247
135.15201045353146
216.87825197491526
173.3204492776452
364.98250151929415
132.7271145300394
68.82908960390574
156.29847978060903
257.90262939436144
163.32618412880683
244.139028984025
259.9185914265522
275.413008351895
190.5115363842065
168.57143616072108
112.17377192070073
129.148137977397
165.6974415697024
193.60117872796647
195.9191644192905
119.29433289598865
132.1085829733952
129.2928948078427
230.30055787331207
75.96003128203535
49.91145184918649
155.24252513698147
78.89473946079808
50.936140803941115
121.39024077709449
98.9966226097192
74.68987774828496
162.35733044962936
148.06325877912653
164.72539729102937
160.31650985045445
44.52156061378809
76.00772119845088
41.58353618542032
114.31193441924586
142.40622004105808
116.48800274999562
109.42889381660208
129.51851787048417
206.46164524315216
103.46397178900344
189.3441765468576
29.648102600389258
186.82962987580018
92.93964429760939
142.47621492049473
97.33145135926986
57.13429264865284
110.8536048537306
92.4459824904732
54.62450511362169
22.688124874675353
85.95605789181397
71.14500880964792
72.33709011707109
78.62744508581433
66.02899003512384
21.447785089362643
29.107440809633058
74.33523714921705
79.35704155178118
22.138216619051448
36.24559684243954
78.08575241826455
51.64115385503617
74.12334560536097
88.73337081580577
68.80526800604271
64.96626166845748
77.2878864955172
31.428338758903692
175.92080907768204
32.91781156611201
75.36935523373577
54.18110644576048
58.28906406058375
80.30486490336342
94.39365329741375
32.21028327785833
11.459840142463412
40.541485637784724
65.4654128595419
42.63422952900975
84.62875077256369
50.57423267361075
35.9968459976328
44.13381290067256
22.692484522094315
50.01365690325736
40.18641756367465
64.16643515352102
39.048442609438275
92.13174017844084
16.541235355380014
56.632698328488125
47.352162995607976
52.6068163738564
28.20598979141628
67.24296084434914
29.061669975368297
27.865437495681185
41.58564361041168
71.62578062188561
101.29869159736799
76.04382715093355
56.21374188097517
41.82983027045741
48.41448753814906
15.941877336443456
33.7727822005347
27.433163590236013
29.204437081444645
54.27555765475405
30.04597535717519
59.27280764656525
22.32827399544839
48.225443538158515
39.37490091736806
25.171208123389885
6.5916935148929205
32.104938744859055
59.91735131810988
30.61020711306121
15.884948595593652
19.202240082049624
12.996307230624899
17.193141989574436
49.433804878307264
42.078131999123734
24.654537268900356
53.22644349596145
22.025139027368805
30.75754649162371
10.868209002929321
28.43081781882089
18.703226997946167
86.03567504237239
49.55462035206454
27.03388203007005
18.449978082473685
49.75817771927611
20.161570893671332
23.2327326988549
37.75157295112835
65.29654906936557
26.96940461739424
31.913592659214128
56.61733497390666
17.502171033702254
23.349588921522802
19.596716386105108
50.64727452324772
19.42352299278061
26.242714133651674
21.81652113871955
54.9926164451326
19.736971643617878
8.784353132293749
38.81303962459322
17.499880642817537
33.662317574122774
15.19933817497118
6.252679391709032
50.956109446861454
13.783753882803111
24.08216361370611
10.246204655558016
16.687744001585806
34.471872843651596
7.864556696135342
22.45391792625788
16.836862804649837
58.505287165832705
8.138223950472154
7.422659749020407
18.177204090861878
24.060287621104102
31.667902730474783
22.416390378375993
19.420623952061305
18.43305722609057
18.560628256205362
45.261232961455136
23.675105170033667
25.525761788112565
16.762341872854435
29.369161262630538
4.2406136792702
31.57232508890151
23.16388194805567
9.611164656223174
6.363273285907414
18.181056005790715
42.13953468900834
16.722763051616408
10.115589727595028
37.71125325860977
42.975372010588174
11.332776961900827
37.307493855371305
25.83703660703266
21.308119374167948
35.62834483778044
26.88291769378037
12.701183545978056
48.69100807773513
14.002637857693172
27.623066591888357
31.005882720401253
47.346775554385616
38.84818967088108
27.77056988696188
23.213514864488776
15.915351416535144
20.053968125010805
32.34013419514429
42.02396309110644
17.67701573651083
18.963400107365004
36.29750538746891
23.87759967262805
21.87293781632608
13.250319361206648
42.88467337592308
15.51101774049302
14.843796480050225
18.278035997591672
21.133403279213965
12.063971340614293
8.636874132643296
22.25846205436841
31.74171240246677
17.910546715700264
29.297493331025724
17.89760154669233
2.23338306287366
21.959342912507644
16.045131695239963
7.309098858414924
29.747663584246958
20.837805542638836
7.042595241155488
36.86924651703013
32.169798725479744
27.835262219939956
50.03540872426546
13.579153849462195
19.43441779124893
38.49056254824584
35.29299421330374
22.382683473720757
11.07107935914936
32.3523144343944
7.453275983915005
5.314449654219784
30.469733210099598
24.384744549626706
41.47337379492686
21.48647442569415
21.60666610024319
19.90475519530379
12.542056306798486
30.502126669123776
60.193862876676675
36.33010018094955
24.998884916419954
8.514545310225294
15.819615363125482
20.734545195627373
14.3045321078898
17.184963315964335
5.827500751430698
35.3725671377418
24.029239759280788
39.31913730565473
21.651471437864803
7.611890899098525
15.720092814573615
11.021307952929762
16.019383299501182
16.521104918647115
15.338581332728857
21.441992521661394
17.061874668678342
36.176251919462075
1.797459581679124
36.80330528295259
4.487235669660201
27.81291715350245
23.979598193059473
35.725774695561064
18.074308085660086
6.637265719895596
4.679653944079733
8.264784938161196
34.67743117278598
4.120303149846456
3.4330090097915953
17.93931825848225
13.5728648478265
9.339570016161789
10.169405591513257
11.096318362146341
8.91814593293237
21.713453889732804
17.859400769536553
14.410020439700027
31.206988564762277
13.712930610033169
6.088251007319149
27.076290762005424
14.69185186810824
20.766741047712355
18.140003549849112
29.50622711179499
9.844254856231991
16.188025957237702
24.563297118113464
6.2329902640733055
21.18061849096165
27.12467481794336
18.37146493861069
11.36655426989576
16.503461680698166
6.679851340562323
28.776037550611655
19.56532905653818
15.728758622974155
19.00002716566947
27.17053578623095
18.221696825988808
24.224950376231604
6.920732398236554
3.877823591118451
6.501932307279256
9.606122537055795
10.319751585418638
18.47915142095702
18.305450804076205
5.981588644376413
11.047188172530447
18.369168111033588
45.14443753643552
15.599219711104809
24.28944528980644
22.306113328125782
9.296172018948786
21.15250996085833
9.787885722325514
17.853897153393177
24.30022675910547
11.421758498475945
6.399558090515148
10.539026779523084
21.939410694176846
11.5152048268273
16.385166220574725
7.879857807202611
17.810368678962696
6.10618231294131
12.146185339776599
6.752118961739503
25.887281598129626
24.388727201152594
17.0810717724121
16.767972356706117
16.205690344617643
14.897953314803026
7.601314513378531
12.954129844611185
11.561224644187009
13.049990091269313
20.799550985998497
24.739380408944296
23.9415723325418
21.13452711407339
4.1697268951492354
1.8166390215771862
12.138307038865175
21.730963272131376
12.589657228514165
32.450110327248915
21.202818329247556
11.888912425097281
21.754444070767946
25.43561708218055
16.103830044864782
20.142714272937255
22.043618832893543
19.69109393344737
18.115404803978358
16.543650171533155
23.20324086651835
17.229085656007285
16.083938308151666
18.175966623541584
6.963158880281939
11.047537375067932
29.34931333023018
1.630813102354678
9.606341593120447
18.15647896030714
4.080156423072074
14.566545141784404
7.424597311596094
11.21322463693976
17.029183257167972
14.376867957498762
24.51398820759771
36.809435124715755
28.029473338963264
15.497236513696633
17.27361300347038
7.869572063286345
1.5839961814353598
11.741500165104368
9.080744235405822
16.416241052012744
19.989386382969386
10.175140210581196
5.632833628783293
5.602668320788224
12.816633102375398
8.817159370048126
9.575675547244538
9.155605415672037
5.935947500127733
17.156060729513268
12.793130870914762
14.453654208427292
9.543452022302102
16.659527560290595
16.474380790051182
18.094558191541317
18.046892301003545
16.023728408566647
24.03494823966444
14.137044380042319
31.480341131414324
8.63954657412318
14.325416883884555
12.338861285009989
26.240183351551902
7.322596836251079
4.61680894531225
19.18593901497796
14.142749593722666
18.183144736851528
8.627980703052724
11.140445894707833
7.8829529609628075
14.608020296394654
7.552178374332901
24.374113525755906
4.11693453442309
8.000283855708547
15.150785870226594
5.883090757115225
11.204978631424968
6.364275005795692
14.779521680139734
11.721956878048662
10.572001809867942
3.5044993759365934
7.73115858819721
17.141866727897018
2.2318258031506715
21.308809830952725
13.03035573012979
7.419514912086047
10.74721751386396
22.432610870450798
14.81406053030281
16.091319195851945
11.261526497841981
16.692091608209523
10.684206850596768
6.38820844309649
16.97370178757349
18.599586567316443
1.8623809431699747
7.16985258465505
7.839817178243482
13.807677778694146
15.18111454263078
7.379236128293611
9.588862857490033
19.14976799714736
7.518417012136824
15.771270871546756
11.554610540033233
9.282076018143492
14.793341923250376
15.985147373986722
17.878266207622552
26.736581990050194
8.48489981501759
12.09269781025724
9.500427610388792
4.6760832155696175
23.370189595182154
26.876255731358242
17.711543817348904
7.591006036501614
15.144965104656414
15.02215528745037
9.912307945235787
8.658526927034293
4.651983956655714
9.28696620770924
15.484324692208757
6.557987674427694
15.422485697753206
18.096031704642165
10.089995076528568
15.852938551161287
18.38879009852279
1.6602781493907626
16.941798240994864
9.442210802074728
16.877091577310903
5.660162411939146
11.713736075123764
7.097252331651318
8.852891911617553
6.872541014181649
12.713939882572426
7.5339954421386945
1.8073575916390086
3.0554049628946736
8.246300748014628
9.66869010911574
25.829378859121512
1.2461074287919727
6.5072897091880675
9.66841902860518
23.518539074271132
18.98964720035365
13.737322701767297
18.03335510459537
12.086481784744143
12.459158715646748
15.309989218273532
9.379072591470443
15.254602373253121
3.133323853338301
2.7115228366700364
13.124920245125848
10.731699602946124
2.5887729034097395
6.128045157108529
8.690817907839886
2.7233772844699913
11.236459030090115
6.7768456025251345
10.500458215328965
6.777757980489109
3.818382090798721
11.683459791044685
8.128234431120251
9.605919420922413
10.085962301967053
2.2904593256875097
15.083449717812513
12.015321640058254
16.045198264334097
4.530185001141789
10.914946355808068
12.443668610517074
21.52261543360833
13.38460361865995
11.33526835563252
11.930756465710264
9.899678214525041
5.609284463368049
8.363579959447867
3.1852351413014066
3.2214212803204525
4.272334298639726
16.117121396037692
5.89895213520097
9.368838423927066
17.72048652988505
10.778040893679215
6.6977051518410695
24.566679563368748
13.298745276082705
13.827793345157374
2.858442334804376
9.65970189806917
13.402589052889953
5.978875284947185
6.564532997468958
6.503752047882326
20.13714297295438
10.944928887908283
5.994308416613398
10.942939841227211
1.6364632126249603
11.937468325998823
10.779144430316585
4.996432998189058
10.433668721219005
11.069388733774378
5.045030405720738
8.860286253534037
14.906788347829066
3.3405744620959847
8.894086883960753
4.358522160433296
13.6126363952147
8.748704740626563
8.941557694102674
4.6637059852842215
5.867211527266339
6.330245654053231
11.264595397729954
5.912349206555421
4.690585742536613
4.954639742467045
5.567421125459925
8.433586735522539
6.216239205100081
3.987943533954889
3.390821541713711
3.694650236951709
11.006427363656334
0.7358286264728264
1.1014976287170117
2.430296659518368
6.0684829480151485
10.807900624866411
12.62077758763019
7.134301927367454
8.933030163771836
12.104285914908314
21.398127665387754
23.689114027694064
17.734187500894503
2.5293918649916525
6.995662467186001
5.8429186931714865
10.494605837729491
16.481182384738876
7.084840997172152
6.7763569167714985
5.359988376827272
12.493818156973804
8.59348179446946
6.523302891059511
13.462500700720204
5.035637263041865
6.141413231233628
5.579123106158332
5.335614779643408
1.9441928411475529
19.632680352626107
11.547890544762804
14.052654468720107
11.755286518196414
7.095209988671204
10.014155180134335
5.216361047039562
7.476069688626348
9.804509817617095
4.234318157237938
4.293189698270176
7.698424031931254
4.383223447757123
6.811730796958049
22.455732837590727
3.5343967230965903
8.018926318401054
17.760253585542937
7.371865551392374
9.993336150270776
8.73944171493866
10.302182385661483
4.342710332988946
18.68157402312314
3.529199560409688
4.174197326673455
2.073734258064533
6.854685309426989
16.286612425387364
7.9864974135748055
10.198514577526332
4.688674978010996
2.272920040127717
17.601495653131213
4.682478856363868
14.527536396146896
7.171005739584996
1.4362788094591061
5.868956501313506
7.506740222516594
2.3853551296077318
8.243951978432063
3.1053810545680385
10.85979898316456
4.816432839490721
13.499512033370626
5.690161081067648
4.332455584583638
10.615490673683144
19.286625723656634
11.192329986994912
7.7662171794767785
2.5231903429794893
3.585429073880513
9.129059604977018
11.816405504821214
5.352194225603259
8.341033635364713
6.072686243131895
13.707903648986337
3.4535405746687906
8.484325724836161
6.841826963877377
6.359558157483648
3.3492421199880495
7.729121372106208
6.948461857834906
3.5046027205109302
1.1199628070596828
13.392100878872348
6.392118344059929
3.941438834714866
12.286623100570763
7.802045363785006
8.422810783588837
1.1678759094999502
5.521028948425014
7.715748443152853
16.034129078487844
2.6828503154088397
11.807934682598525
14.800510583102223
4.8009065272850435
5.9502140469843505
4.963964268679339
4.361950259604892
9.050014285030606
7.695163541713395
5.267356601836393
9.82292115987792
7.213272307858868
3.161431900418239
5.420196696970496
2.3545700482958334
13.940538068672792
2.1293836943932214
8.957409413869481
8.727074311574274
11.576020139088888
7.394731174652429
14.068876417200743
3.0950621974485175
5.395587785442124
5.012347627634934
1.913854050884002
4.663599357628762
11.619596686710013
7.71840963385645
6.766175713047163
2.890145861274661
6.162670795233191
4.495624389867534
6.332626545371254
1.6378321590662022
4.288134729065842
7.522436784555617
11.931575307803001
10.140282368535948
5.583694904360273
12.056967156785115
4.192267486784894
4.930397892867955
12.789039791989348
2.6138662398264256
5.4425670005409605
5.110843724028298
11.637755692688176
7.796750151039353
4.07259448660748
13.472480708838287
9.14659422644807
4.051797967848948
6.764159830024718
6.845932793356141
3.338189040014019
9.501579995410916
3.890165565746358
3.6365148161685847
0.3261569251937081
1.858336019297357
11.140900727403173
9.48636644750025
2.1794307114957356
3.4795023981077176
3.2332900128573847
4.641705952156478
5.664300324761459
0.7842949550603402
2.5013111019680863
2.0577764944909327
2.6556166462072572
7.47738990481106
18.573117756875416
14.099624000804955
2.6711384144513857
10.901906811050502
8.744909734825038
3.3587717259224497
6.70568894799067
2.219604280617567
6.342161838501156
6.398639486709509
7.890542023364006
11.944433994552556
6.599993157007355
4.5230654483343855
5.87021395820155
1.7625874173514515
11.212300833277425
5.586738134400909
6.704357749075941
15.281480534558417
6.081284922323398
1.0585539458883266
5.203520175463776
3.3130750866958434
5.422242185402645
6.313924177591181
3.124908998444505
6.172262557377324
4.935191112956594
4.8758831759644625
2.2705123665686386
7.492138562358648
6.307221996200397
9.84334037832834
2.6274322456434067
6.312285008653899
6.095622719040398
0.3250702905470558
7.311450994379812
10.233626606136209
8.213440946001029
2.3439079055860272
5.002880690934992
6.872740471259297
9.718752458646174
10.277425791323855
9.87549701005601
10.267187305492651
5.418659158520469
7.7995874172736555
10.811645827329308
2.406440906432669
15.98998569739254
10.93552647583969
3.003696449856301
11.992536664295882
4.98802444396586
8.736076370845558
5.648412846583987
8.620919374002964
4.060210299825632
4.868703798280636
5.202021701202443
1.130649680483781
4.267794909053921
13.848868700901173
19.350238505154
5.876403206025171
7.657177515985021
7.358535464252728
9.730440703794228
13.064499437748147
7.51959725656747
11.826300658450805
7.598174567273483
11.091081050498822
1.1403275551413314
12.146769049548675
12.603194026512655
5.49365764246017
4.410817526802135
6.577345270825958
10.780380790779548
1.280805532672902
6.890668678399303
9.141179196081046
3.705671552468229
2.7793031251470284
2.105527316961988
3.310008327468907
4.150737645453384
7.94123353542705
5.102227438618596
4.236259014157992
1.4369011856602714
0.7317876259853191
4.318335405789438
8.397300979892696
8.194956192892146
6.050591395835888
4.642601614299834
3.583379372666374
1.6232242435929038
5.938995257637902
3.7898285083193866
9.028361336060296
11.894135556167967
6.54437951715638
6.144992896307398
6.354370451593444
8.541536728213877
6.615754568649167
6.698711514922449
10.042773705918568
10.190480559371032
22.54430416548046
16.655575797111656
11.829369360893704
8.367248162227828
6.692923498249287
1.974815297049085
2.8201364521491907
3.140821423952058
9.752791968516298
3.5283068707450806
8.900739469708482
6.674070699502086
7.869267085964456
