266.14
19.716638077413837
38.0946656364811
20.597417581048532
69.8576110163243
45.1062355189649
81.27932362499483
18.459664890553704
79.94765780447767
81.99943618536958
86.55934567914254
129.24699225879746
239.77764775881988
68.96500396238177
43.99480224889711
146.14979111635475
127.57463019443861
188.7701338420693
194.22463922862295
120.98685695879679
72.96524548861768
23.74601600183082
57.910442820269765
416.7133984940501
183.28255230236852
179.75574586381146
311.7840941130277
434.44816921266164
213.81782385163265
252.51101504135642
57.016873632826155
123.23597695631207
159.999496209527
194.74072491521892
208.4399013864055
145.97346169654668
68.55127176400963
225.73889488272286
19.777951822486994
163.2596962948806
96.41876696958829
328.12760242685647
90.32202912868715
161.84832448847
168.93724197002157
91.15434098246043
192.85394547791333
469.4816589588861
453.77437671952043
226.07147122175144
135.09246034457163
393.1937377434243
250.22150532354715
106.22392292855423
65.45735077218674
314.4914810536118
151.63650079470995
389.86698417503607
186.27901150085273
251.5188566242512
132.32226337007108
180.2051963944729
101.93409631701273
369.4502163970883
199.68161365231708
170.47991277717472
514.5717287855625
225.60061311098195
143.00937982906865
146.24893144651895
112.72001371911878
79.39752815023267
108.92027859699303
187.37350812205668
75.00536492725273
202.50040580626765
323.1451617340127
216.60905600723905
116.03030162659124
241.90896470397175
236.66241584203155
119.0470905287675
77.95173852335628
243.03515389319114
46.79410326663314
82.53123327662956
232.090567379864
81.09737448346239
78.51952940843788
87.2032365101561
160.22111734736185
90.42881591313106
82.86990335807023
73.76931952130523
106.94993691057674
141.40624958598073
86.97932976718734
136.57826697118233
83.82848218556155
124.08441492095085
199.40826202908264
123.0079056118747
192.91029372266266
117.6156009168065
113.81831934029117
39.28689112099936
111.62196623771557
170.60274819911302
57.131440508808865
38.989622189331
170.25865105649441
58.19778151347752
28.110063063004887
70.17710269961974
65.58849322435758
50.577190627272785
74.6018049822402
48.12006164920072
22.652385295609673
19.49866025032074
48.907196991049815
36.12972342731889
80.53328893697794
9.235191632376814
78.67890309615376
84.74727846517487
127.94354058369092
101.31395639001204
30.739447831188116
68.80111049011155
85.8989686048376
163.9965676018891
51.3463241457103
24.743896050754607
66.59529349342309
119.23872433770138
60.35278102256496
29.299809459128706
23.67713481719371
54.1287400390946
3.9702546982619302
70.76616450381047
127.14358372138463
74.59453513276706
11.601227697656709
30.609129571739967
28.49718571398982
49.006822433695596
26.588759349084416
83.54321320062684
63.49366593293721
79.82202216860856
98.98999599216273
27.538228687779178
70.96538718037213
59.22589605801349
95.90490177438038
31.298690538831956
62.61630372491001
51.35820909085933
65.01192084725801
32.54351218119698
39.45350436652232
25.050907168357917
101.17092785270177
40.4690693236225
60.03324162580777
64.55763556921313
70.81780488120941
29.47548098519825
42.637707160789894
62.32878900087028
40.57291995247082
39.739148237999316
43.061015366944446
83.09604765806594
53.24521708427874
62.2029383246269
45.95990790545616
19.697223132849892
64.94970335052251
32.73200184215025
32.90828128922173
36.55810601769686
39.06983247441865
65.39921626374127
14.844593486568131
14.449449997944564
27.659119113732096
41.07146977183888
34.83341180722534
53.5240071611375
23.568057248106214
45.81315800592139
24.152793763577503
19.191359178872432
51.66416872165732
22.96368113726631
48.88622579833067
13.396544530943459
45.82934449644752
29.83729667219221
60.17357838931405
25.391713095856407
35.157420438184836
49.11340760904555
34.66707157630709
40.87947103215016
23.01507043833857
31.778942590778502
9.438273405456808
23.40505002510506
31.050642525145992
7.593583116314921
9.809789815747784
37.1758806783968
10.947540052034165
30.353982387624114
28.994227662010633
16.635801246610367
34.95575480757282
18.835407219975657
51.269988743130405
4.896974667012538
8.915101854600616
13.382409294006672
37.90819340664021
26.521142193495425
21.118645415808597
37.57435218282719
14.187912130266367
37.13872266839734
29.871388451380337
20.45009929378671
48.97019744388359
4.53507870235718
27.2120455217219
42.992942083002795
36.6384526126927
18.47172615378874
17.30547166016536
28.815299042649904
34.87105701331772
17.443786991170843
57.45414716509128
30.949092280177272
33.36095514125303
31.624647134277666
17.98769270019141
12.870211912359839
39.07010377658911
30.220414372120885
5.534498505900154
39.23975404164761
59.222169650991525
18.31069924055113
31.373007703063283
19.930111390819974
26.86467002928215
52.73347302648435
28.199038117969916
16.83809242374962
22.7375324713027
19.6007214491551
13.741953356644736
17.58569548088361
50.08163111570789
25.16065638788093
13.646540535934975
13.167389957550661
20.634622382504865
38.74476346977852
23.383045869253976
19.39983034280642
34.74430452699095
23.77195858985475
25.22804708078508
13.590303036145
16.488721137755903
1.4652405070796117
12.115631947404307
45.84649547427582
5.542945485263413
12.858837485136686
7.6460881816620985
31.588157297557892
25.474805820623775
27.964573607788882
49.22267043676042
22.729328707893362
14.282893425991604
22.047437926720704
16.443878952810937
43.43959078927225
21.563017281004768
14.46558582171033
24.036321391997028
41.31215804996741
13.497176668615333
45.34003672888096
13.478785746982243
27.097695528685534
8.40791966178295
19.471028591430816
10.29840961623834
28.889673886782482
20.647428691567292
13.847616180290087
43.287551203055315
25.158263757399286
8.59887268291521
21.25655107360079
45.919657998330194
6.346974198647556
13.730492311024488
19.159361425538577
8.600434322228125
36.799238789233485
25.918710856775604
14.078728205061177
17.234730705281645
46.31977177103959
14.409893873374722
38.93765802644367
9.917453646664953
9.73110938413617
50.52382180716816
31.427380627592733
19.519075935043368
9.64861612960219
5.238193842702513
16.578503563832083
17.44405004751827
8.58260285136967
31.248153004294494
43.88737972485016
16.45906900782055
44.24652600910023
32.01310752986206
33.66369269438007
18.598913453672413
5.532586728069328
21.800991435309818
35.38797469558427
13.088591049476474
17.933754415997857
17.938611044612344
27.64104358053457
10.707885064044671
21.73085005622925
44.85914858476183
15.885783286001377
10.069400852029107
8.589340769274926
41.54480765534375
4.870304866859579
27.347187095325754
29.431103938860595
10.80707214762039
4.50737687224958
25.29851320982009
23.116099066923717
38.93374567104408
27.318146290187872
10.546269845662332
14.916555370868
23.631124742837628
2.167861412127373
42.73484727855707
23.99177663981714
9.927463261597394
15.354165641267038
44.91316013895337
31.16070400378306
27.45873255310939
17.56647373432786
32.28277068327162
23.63950052189611
18.452600946136975
19.145363110867024
16.243644251787423
13.22359913036345
17.104566080911066
7.493328153401767
42.39324112571649
16.76327822231532
15.014938076861144
6.715900481507898
8.027799684464222
17.77020494497397
37.26602050699058
19.27440056472051
8.330683118005588
17.97155945628461
12.43064942814475
16.744186828416336
7.2733191248170455
19.336089850616442
11.416781907072268
28.073534824195907
35.486010140641426
12.883250156343133
27.974022169988213
11.636754930783479
11.964838887062275
6.7380309626301385
4.551724670959224
14.177483182630768
6.787419560283259
2.1825638345115372
19.138426847640613
8.001151898749335
6.680211460030149
7.788574039473321
8.131353524083208
24.966368139593595
9.425611657426456
3.064388105303512
17.14943798089697
17.654295269796872
7.248021634837738
32.931473201442365
12.736697688163247
4.33483250440253
20.507746617839132
16.146071891905137
5.745364188759263
5.5460056263663216
15.424598414823055
19.38928162588816
17.46988864148812
24.229655861673166
28.83341484577758
21.90611748077268
11.36348796348258
16.345533459309973
24.446691801341988
25.863341187728388
15.658438741740223
24.933240567641523
7.63328797048877
12.394203272388545
26.406322819909818
21.64320128808031
22.20477226777903
26.22101457004315
13.401223020418678
15.056389152541934
24.704568842407937
20.295993462820206
21.582639294081943
12.556295350889068
23.02235453286676
38.19682597431961
27.03398852923125
8.850005042515976
21.258892442744365
25.752098577691406
14.176927255640518
16.570981836610173
10.149522594035977
4.711687226085544
10.676555418100715
19.654077195891148
12.601447129439727
18.014102436233163
9.192900346214959
12.572024421920174
9.869782555491692
2.3653429457287487
19.667962457011658
21.29319423448772
6.227547437762445
20.236659449545453
25.192723394740344
4.14680067553641
11.083948014615766
12.561360259806625
27.284056672181325
14.092637282446328
12.138646684326423
16.24044694870645
26.59933505204837
6.633374177328062
18.6407074966245
14.311300342371215
24.08968541980208
11.799465367246171
13.6577955443675
9.617825238977879
17.204294557059605
10.741791200207318
18.615155944805228
19.546366008670365
11.405881826076923
4.937950484897371
15.47711206541477
15.800015646708339
4.259597678227008
8.744080278337393
34.696623725592836
24.88006580963945
11.601819797106485
21.774401566019314
22.87099611146703
8.065635015120822
24.636863694156713
26.009078312714035
21.96182738620299
11.417555892118253
2.674875426045684
7.060332019909157
2.5523250600350966
23.032915040099784
15.937579257822316
15.9519645942633
11.108288925715025
14.116993685954226
2.102294183944805
16.965781983511025
2.748511332658508
16.88246403041277
16.436755394998137
25.11370585447713
6.453575925693437
3.1733932390216406
16.425621762453044
29.724713022173542
25.60902263879876
17.11578016102646
2.6458201882581713
14.208463634216132
6.7617846173375
8.01731941663968
2.6383925229303036
15.092127011918844
9.001826699069106
15.624957667391085
14.953867029089825
20.189565358067817
11.524387963267747
15.886855142499686
8.537833871163453
10.564279398750871
10.393043961938584
14.717330508893637
19.37198656967033
6.511053206315906
21.40746755459957
17.25720752500182
16.861911099411376
5.949918208934287
12.004806671146177
6.8730147534436865
27.0547641573602
14.51153390046194
21.478844893996683
3.1569645205002046
15.330145215575824
30.84376757484613
9.13524721394776
16.46943938918083
14.948504728709397
32.40871094019395
21.40449656241633
16.91316922281007
12.858091407357646
26.573162415049943
7.517867581161556
3.8201910793891716
5.28050194378557
10.664081658423134
9.442510648387614
3.8863610917734177
6.884149163923553
11.571820530698131
12.861789748028906
12.862061554701382
15.416249808909733
26.074972261379685
15.013964786633167
36.825705626726425
10.891412610926798
12.4825743867137
7.300311475003451
17.13490099592733
16.62260208610722
6.828678469183709
9.862895667842212
2.517916269611353
18.02292479539412
10.531386519228235
8.111734121816394
16.254410082390557
19.41765967615226
22.66521508902532
13.44590108851185
6.725546649501189
4.7007841683396
4.303049470906193
9.897241563273292
36.118307778805914
18.599465096824186
14.194117591321978
7.173360541902918
11.585967866161242
15.230074261821358
9.787187842927485
14.62222831920011
11.926533409859752
6.952224434362472
5.532508955710074
14.24080993144155
13.469688020338124
13.22249322650009
9.508444993410372
16.158281478609425
6.113111420689198
12.505753605497116
6.64711120429209
2.1273215766322946
21.411337104919628
7.206986830439921
21.81644065983109
20.734106243053176
19.065900628755703
3.311692533798253
14.971137728353366
18.04114468633964
3.478392724758764
15.042032421633275
7.735406566549333
16.0253778635301
21.271206999948905
11.22310372757838
5.0478159123041415
13.638196627338754
23.12985407019502
17.582398742518954
13.587553391690482
10.717215180709736
16.90220840939126
12.504079097139137
8.776255964926749
13.116138160020288
16.147491943662303
10.9382641833352
9.66967505793983
3.700334583382079
7.441684229664675
20.947876978597666
24.82449111690882
18.685843364730598
0.6297111156586238
8.467187997626372
18.82183688231312
13.587024592489675
10.106897712789754
13.805572436084107
15.086091075760661
8.815243289973742
1.7641897493643472
11.541090767546773
21.44636808226519
10.829180877477114
7.894181305630814
5.011761751301847
6.016709043608148
8.469668154087378
7.666318142959256
1.7619726287514863
1.0785394212728856
16.413763986929904
1.5960199851330379
2.364571137963009
12.945218925521226
4.0372253452817075
10.1502230189439
10.893415179087087
17.410965175918847
7.116212569181929
10.389609139177685
10.812173137154302
21.368055998876823
21.543315293760603
3.182088132027127
3.4480728582953835
2.4131205313242146
12.649166106497415
9.872179861681937
6.151394294153171
11.368135717256711
6.587163326576947
17.739270286100254
13.66913471695574
14.403239929886002
15.824793284396133
15.033385626504677
9.691898245290929
7.958970019901912
11.866814937314594
9.317991387124136
16.973523227947695
9.502072896274518
17.649510078461045
28.290688583514694
17.4887255962735
8.759521691221643
5.352275101465802
13.929985567751473
8.998527299002035
14.851820066775518
9.09198960193225
9.38300215857669
8.07124259562283
8.322618356973372
5.691987831007539
17.051986255910972
9.20867257439555
4.2137957583297885
5.147920310686795
8.145922010106082
8.172059518950894
8.817540079761292
2.9340438299283016
7.838349296171203
9.89729232229684
12.81453524919743
6.228568152462122
12.96267397897343
16.945588720171518
13.364204911513838
4.186665777290461
3.202005872099962
10.841921340593684
7.154885095926623
10.033090036090133
4.438679401130498
10.122706823444988
6.696777915909911
13.86021975035138
1.161687944441405
5.478153426262941
12.326633616343102
7.5568171272083156
2.585645205914684
16.228977392328183
18.157492130605377
7.624952930069255
13.332296439485482
6.794031270886464
18.215029901913955
11.339760633592846
4.917923302242509
10.587104031550828
21.428494395629507
6.8277074504626745
14.07509741042393
1.976421714151279
11.297471273744193
5.774306287454193
9.403285911601486
13.289119623677001
7.8209617561790115
2.872879908918528
6.761050220815845
7.164306161751559
6.726348124234165
3.3304329089453057
3.342065691018681
6.6054300881275205
5.25851648834709
5.0875995762054
12.347782745134635
2.0412660319876577
14.469448806956402
9.516924772087698
12.262872652763452
9.821400877514254
7.8684490965801945
6.861871225296046
14.04907424419865
7.468724509091928
10.061137177673277
1.6465822226489046
3.124460722416581
10.09487681644601
10.470491220798158
10.975888896744687
13.91733772169376
3.3237115470457623
7.753776920958171
9.16734892720172
2.7029527369819073
8.402514030186033
15.545904384818993
4.316398909203447
7.172437742672562
9.382332667440435
2.990284946750418
13.206012550704134
17.430003953411987
21.196826173465908
13.009855057860298
0.5964193092296473
1.019016579937168
3.594524527532686
8.54419836552253
5.259572152055084
9.345355753576028
12.036965950199884
8.584854408748496
6.9127373956379685
6.7964132321287325
7.877631196862524
3.7071443645390505
14.27694223740365
6.749515205473174
12.167688014255958
1.5009067426466391
6.614756967291293
7.070295352539484
7.593768084166016
14.575467022465709
12.162228563131578
4.884184644806975
14.54074089716211
4.287935050723718
4.540203532618127
7.604516638584623
2.9677083964211155
5.182942285847273
11.504050082000212
7.619104730677896
5.125288030866604
9.263162953918046
9.120445762218527
8.988578358655158
1.667790492947596
7.247921217132357
15.801368603807486
14.423359912365262
2.025686737701775
9.049828188849492
9.006091179667076
9.086804771744452
5.143858055043027
13.653055325837743
9.21270608310407
7.7887272168994865
7.920532086275992
12.097963025402915
7.6436127408135555
9.702066835481686
6.510198343609559
5.242573525024542
3.7261669324859934
9.06535336872036
6.050166171987642
8.973671241970653
14.928070850132354
12.991666572377522
9.996433127779795
6.724165158618896
4.6190015520149235
3.548741551326058
6.1103351715500445
7.161840762725503
0.8717214021869886
9.578945283918408
2.3210079212421233
5.122965153283826
5.117357021154054
8.965887922264306
4.609277217070733
9.858555653034482
3.0834563400303168
5.047069401819989
9.67610280558181
6.811918944319995
3.784088189831241
13.4202802281605
6.059716910453114
17.3047233658386
7.072008350954797
9.942726014617197
4.413819638556787
7.935263559206697
2.476251904167733
13.453788486442471
4.580697822881933
13.458401968972126
2.025697994002105
5.670526422498053
4.2648217372397434
10.967276071043209
2.961846843792647
7.611201159497631
7.170741954210368
5.018124206271472
9.473367279840671
11.800305830050574
3.1437413598220916
9.42390004870483
9.527314421866665
6.924405800379831
15.27819520233669
3.808384660086713
6.295650640982622
2.795445417102672
3.346007570614667
9.219821169806167
1.417489672527402
3.1792455467634984
2.350437817598938
4.500974139017932
4.896353882803479
4.444956632560201
3.9279449595292184
3.3215268498222144
4.2889604976487545
10.857866127791635
6.1247893875541095
9.734200287485907
5.119469521968577
4.742811736470971
4.529172357162997
11.368506289654043
4.824199126399476
7.382414201769901
7.646239656282941
7.770073572416128
3.999476826623418
9.774551028569569
5.051655982299529
5.223447758395882
6.848533594857615
3.2117720024342535
3.0490821937158827
3.6931012345766696
3.9895311071201838
8.714497834880394
3.3751496823501865
3.470629359950145
3.9156135858498136
4.305969911933124
7.1901045709157225
1.9642752048721304
4.038805673552244
10.227689555429063
13.590590016520911
7.308516962061443
6.821326866282879
10.298075811677723
5.12059172232652
3.422144312738355
3.589626990077826
9.114106412327777
1.029734132616392
6.626557652675099
4.163097970312371
7.772302422501827
6.4221075497001845
8.149633320829798
8.713498122436794
2.8063458033988202
11.497772769720163
4.3593543501041125
4.033304399378339
12.446193899150606
6.138169744395437
16.942302818106487
5.644235039716828
14.151333093660703
7.274763828765878
8.736050902801123
2.5871826946620957
4.981916098685012
7.054494451994328
3.5133521203891327
2.758879491136206
7.022175507029103
1.4714863003952305
3.330740727167412
11.624613141562667
5.535957446031506
5.719291542191008
11.997834773887826
11.280136073242472
5.735135435293764
2.8691578225955854
1.8452725835870911
5.607792787353544
9.691686334536001
4.973218174132237
12.726019852634881
7.462568370219986
5.955501979153185
3.978119950200018
4.171806482631399
234.17200000000003
76.26986153049525
61.91279268431432
83.88205519130008
122.66936590099445
78.21550788927776
2.625899242182044
36.09695384669842
63.99239088892522
75.77270796227566
221.76958967963495
192.72982840511668
230.10202509909774
203.98129572726694
140.52154124411277
121.2387601088738
71.51957523079376
168.9608051743839
46.62332569121051
189.58882908011026
64.11973070970649
89.47608984597667
199.68448076744758
88.47080825611458
133.8092411322514
282.126603121565
153.79002738136768
114.90140785922775
199.69980302911833
18.353228039947798
202.80653226225687
214.8141904043017
222.57425717590334
226.87384070032795
16.62497479844318
257.0448033170058
165.24742753154274
373.8426001729982
67.475230096368
95.51826869952683
172.9772731248294
154.82888345766958
357.2918253235935
630.0864480862405
101.89177435337858
165.44585264448367
73.63071444685126
140.58490348060624
100.21427105358957
247.3478448856891
361.7232265301727
282.5118912546449
87.99926515334455
179.9250161355652
293.7308190875086
145.92882984144967
218.28125403584662
72.7653535008101
117.55455779725543
127.4811893407237
173.19192767914615
224.37576216570324
137.67881315778882
326.87652274489017
165.09974458356325
43.53109001843442
125.37755906420327
260.6782913268403
170.14117548621655
257.3600592933324
275.1860224014304
277.0921147556953
177.91152153687952
191.2666883369349
137.62776310571675
99.7486110224123
127.92451319658392
193.24297692480746
154.3746551403455
76.70520975119274
172.09701309255664
168.6852416000226
219.92001837543162
44.753656711387336
73.81937728227236
138.04331112602807
66.15470710518225
59.80405266229084
124.3162246701673
101.30724278561809
72.30151884006199
139.7533452678032
166.90423934521692
171.1783710031011
123.7425521139629
64.23719893738256
52.518279210680184
13.673518263233447
88.66228163768976
166.7193286365285
141.20497301280255
131.23552869755437
117.91600372116291
165.18290697428674
149.07098725823923
233.50805748344033
39.62665144356466
143.1799299938018
54.62263269850659
108.75382290494197
114.9896368916807
53.36560258335283
100.23815345627732
92.89874715673017
65.778129175742
41.417915763661725
104.83277535431374
64.30989292342129
74.17871563279228
79.22733445066247
39.89825949958507
35.62435064980693
13.176869862869186
93.63932610330527
50.85076623495465
55.28942653568354
30.196601423220677
52.469982854243646
16.10438250780887
44.47592737442082
58.926298467146545
47.06714154233278
91.56548452724198
99.17853405776047
8.842980287143417
150.30223295080978
48.37122834991257
48.24647767536262
77.70209915099326
46.483184165570236
50.742536587290864
67.44416311663817
44.315983844785585
14.590415146988228
28.528696967194076
56.22080994839518
48.14155318833709
87.71788979639601
62.438037200548095
37.25622691327777
34.91850220470487
18.90399563038229
39.07832847893789
46.882162810550476
54.38953592024748
48.840431305973645
89.34805263255785
9.226853111307776
42.09889415280188
39.846133689997146
76.99151891257091
9.87888910382552
58.333119836240684
10.788735319705607
30.388183498311992
13.488270402491569
72.27739500631743
82.89223719426758
88.30572007255925
47.248535619649665
40.32408514773256
47.329859399905175
21.397512369316253
26.739799365019714
14.429151520418996
20.270057906947393
39.497410712939555
15.41675733512234
47.16030315296567
17.079916337167468
51.05474603426866
37.00084715454337
29.089339373108725
3.826446519068922
34.20724440320144
57.55053284063879
31.845008741352938
19.005074919035234
18.050547746807595
12.114507196950118
13.833607965792744
41.845702582821865
48.9894870740862
14.841328801355756
47.45515239725357
13.035006332320417
39.29992476788695
11.873235330000995
30.12077032114713
22.036780892382133
84.85598411381136
37.15493668650169
13.363351807002147
6.768554064219037
30.655925021563327
15.31787533449253
33.875960616236085
15.224978060800062
37.01630889258943
5.9665214137679445
14.300331716382328
46.16718600295447
37.64988929629744
9.929841465475533
12.764769800609223
43.020469059894836
25.451931243077315
23.479506948701676
25.93459592558499
61.41067057961222
11.410173074162095
16.023731438127
34.433564573100185
19.146899150341497
33.61727671631377
14.392504112546618
7.941245020179128
50.433615771041474
14.74009924874221
20.3289135731698
12.645402181736694
14.510640282594387
30.032788005654318
8.25492257184214
25.079482157197745
26.678300304597162
45.63537661784318
21.349254414610403
14.569829237415664
28.26137990990642
15.826223551555218
15.885462249808077
9.046174265364938
4.875715319300659
23.733411449455936
17.01270865272409
29.077360046862523
12.989027787689023
18.421860817367033
29.506347829009155
36.26078803787998
13.460735041766087
25.32340663051384
30.276477619249746
6.267161163124995
14.16053692361142
17.524806674823363
25.858692171111112
6.17019291648779
9.137283457780262
21.827674315884234
26.293233973726316
13.222224220319514
49.70404426531788
28.204881237559768
16.816796788297363
32.71636120126141
27.98488900825306
18.62493555336418
40.040239587450145
4.441884206295251
24.13977860091084
40.87969065998563
36.493974995480585
36.17294900410294
28.588040144716473
28.13020020540532
5.73794451836136
12.110662366751669
40.83493477654208
38.47146135341308
22.43063717953383
6.965703469554393
27.031735620844103
13.302381888032686
8.807736556143391
3.8295338474272453
34.221054894987645
21.33870301252018
10.559089834406928
17.99309484860931
15.219465341737385
6.408817224946198
2.4638255315922866
10.520717848423088
27.621081102355994
7.14386426719937
22.364487833827194
6.180564528949969
10.758782594678221
14.433556444093886
14.669736214545637
8.103916909111007
19.4914098429402
32.78433234511475
8.537759196051084
29.553979371472664
33.49877092032941
23.007090918436322
44.25736255387595
23.888242154815217
23.38932772601765
28.927669512759632
31.494354450551995
27.843856900222164
2.2876245771201935
26.942487227543616
17.12947068750483
4.232040308610075
27.964281617528467
19.209098795009766
36.60343982156969
22.27759685735416
22.70995624526218
23.654893520149596
9.315451455578613
34.114951526686156
61.751830385177314
32.29438713225487
19.865790768017266
7.906616622758877
17.318619244125053
11.97743608607013
6.863466877208603
4.528416954688086
16.82012827286718
19.74832214896919
8.49437256862965
22.86408682499292
20.111723153891184
13.066518491341657
17.319194662482303
4.629672070396646
5.166966224733286
20.87153930012914
19.084510033214897
28.385005718061485
21.009951474804925
30.126364086574387
8.146835065620607
34.05544357855141
9.225913705713397
33.75146368338312
30.491344578914156
32.999854163030896
12.278747218196157
6.493845452227079
8.524830098104978
12.416181418946943
25.981151404011698
12.298470417091522
7.390530492162362
13.124794789830304
12.348194266778435
10.507791262109352
9.920275464354042
9.787309484365958
12.469889327745436
25.21709894924792
13.423740828538959
18.789456265472655
25.79200696089274
18.39046865965773
13.551427884575451
22.55930693978934
15.130415996184235
18.815960947052375
20.24335117361224
25.5483843346744
13.12312942029534
19.930831466311872
21.277024493572377
9.108453280232167
20.716345164880533
25.06304792360227
21.343812399413313
8.887745463870697
21.275433788861235
2.2224972827283485
21.379575409448865
13.663597862284586
8.87224177241133
20.659688570860588
24.80100508088664
21.188608130787312
13.384668533191562
9.444470792023683
8.955679363662137
12.2803120017295
3.2504059652082504
9.769312483358814
16.665818133257577
19.18453845293717
7.503743905826621
11.517739591320353
18.5350389512948
39.310245716793595
18.632838448121674
23.907083743757767
16.836291723989042
11.152744713423953
18.362903165066736
10.190987061069352
15.887789324059217
23.96597720607911
6.798667332928087
3.9269799620391326
3.7330203898883387
18.948846596784794
18.51144660948355
9.682466517531727
9.690766955193634
14.973321734644014
5.710629811700989
13.746447006865141
9.033921954076899
31.531186830505753
25.005373286846545
9.400940820900432
9.105189273733055
7.806494213039291
6.356858913954346
9.722511936894644
5.958009525676285
15.139189160801566
21.214428908473614
13.116290757421082
18.95146314972908
21.489112070692208
16.575245867240618
9.412878310170296
3.386040030165981
11.874926826600468
19.65025126261976
14.37000373926017
27.943340010469722
23.98323763643286
16.965097899782748
15.95148729496531
15.275628029322917
7.677811558334839
10.313115246011519
25.280368528461754
15.756205409436593
13.203737345788499
12.43605783705825
28.420140642721957
18.889087052416436
12.204717435592155
14.70195791856872
3.893120740586893
7.805927170941147
29.05106520778132
4.818488630985346
4.947694356314459
18.676257045168537
7.254853292085033
8.280759554386007
13.538748794755797
16.226832877946595
16.122310111997216
11.272509533566776
17.803935282170382
32.21993888788699
24.494731837922473
12.974695776895384
20.36706691907852
11.694808770087844
3.55183724116014
10.181901668057858
5.505778722754955
15.625539632490007
23.141631460891613
10.21087112821891
3.337266848103247
3.290883765530713
9.824885951536258
5.565192769924
7.452194728076226
12.336777396886918
2.421291851232419
16.74941965872276
10.359189062350941
15.40699149371388
6.923890103356858
13.446993208871985
11.57334016203422
24.66694437934759
12.024147711354706
7.549220429578503
15.25332944601891
5.710157924886199
22.293892928483977
16.63145465476974
12.280172307998575
19.878750814588575
19.562289409070285
6.353003709481203
9.359871844414547
16.948734116575498
17.68968338770896
15.258327639243392
5.707454862596571
6.802431084826009
3.2442888121766047
17.302510835791153
2.1678524351158064
21.83803563412328
2.649152182681288
10.516330856473045
12.915769471080672
3.250622779490516
13.149084226845943
7.813729938758162
13.778757032410239
10.624763570989854
9.256152602749587
5.410460639754288
9.75046153367899
15.283343131779306
2.803436140312812
22.330796569643258
12.126320898055233
6.728245400268294
10.158845590582697
21.975712436022445
14.77667983880452
16.45566105025397
11.247826627618803
16.511144847645067
10.499145841960999
7.56055506221896
17.305863792890108
19.2907061494463
4.944062171322038
9.520878578198118
8.05813628758624
11.623441422922115
12.666505219540674
9.290348430497025
8.941605127114945
19.508886064650927
7.973625220838224
14.535097924250264
9.748890620365689
12.98613114078186
9.623197254935588
18.419056472527267
12.873075345878767
18.958466151550333
13.08540221488606
3.154136417411384
8.147593544262309
5.6225044957994985
21.530257709361358
16.014601729539955
9.808187971957109
3.4414751667725056
6.397712830628397
12.250537528363935
10.961965203929111
14.334033571549675
6.12032713863549
6.964624535211189
14.403116733882662
6.381545628125946
8.470347918459028
11.495763482935562
2.0577988721541796
19.416706742460853
13.37041517330448
4.738745134924288
12.590850142511707
11.252506979130581
15.927137876004092
3.6202086608717
13.687509130510222
5.4333890649544685
8.69363267378519
3.671379835717376
10.4218649689759
4.131183860780358
1.9985757596325686
1.3992671680331632
3.186255679848242
11.9334342614253
18.53559557167488
9.763610668398043
11.025660778439796
16.03964226701716
15.493084145263499
15.386982608021384
10.425094342336273
8.00173921983587
8.864357936838267
7.150210369026968
6.84621286970882
12.74697732986397
7.539058570149721
6.481830264398989
6.580770095963119
5.901875145923684
15.085009260257706
5.137260876465948
11.54343333183126
5.067566536450911
5.32751197593327
6.7544833015853465
3.8214694924288417
8.639317575277838
4.168215920809553
0.550146883082526
11.304200373034377
5.991966127846646
14.768631907852287
3.2875594498905274
7.032495432810899
13.638375343232404
12.680710986423284
10.447163466716187
7.7314172936423
8.788474996673049
12.29105318051665
17.96742481933777
15.649547107949294
8.71939479013612
11.442979099026596
5.391183627600118
6.528322708372791
7.5091548696040755
0.5169039855292821
3.250576223435416
7.537419319210095
11.483453654882995
7.132941320135099
9.766588632731352
11.429395760753719
6.974557103828992
9.142773171365956
17.618896786260752
14.40757991678013
9.950637991903411
8.106577534849091
16.107231428776398
7.918457816255368
2.4779866565091657
9.082906739107413
11.320460001964916
14.187182363312692
9.632759998654176
3.8967579111893236
6.872611167480924
3.9066636388835576
7.387486747494731
6.57552649484719
4.7185240462033144
4.638131772533935
5.982140683883775
10.955545206282416
10.02007496153064
8.24224069326649
7.1259956296125155
11.945354596596053
8.02147991032206
10.507861383691145
10.257251050940866
9.077798881908167
5.676268476530743
3.2282956126194637
2.509102427798735
7.984895332559006
8.194432133460245
0.536055696535573
4.784353170694443
2.273679787436211
8.683222401151648
4.935891268115116
4.895093367755065
4.536220244408391
2.059945400964892
8.493336097012028
2.92228518012584
3.078376807609351
0.9579828774178285
3.63161605631331
10.25147695305915
13.215962223702059
7.019888894196496
9.206262775223978
14.798420563157727
17.801893395146077
20.727319614836315
13.375101819975589
7.5291389787617
9.720137776152985
3.758950886098498
7.04655437266169
11.915214484500792
7.8342051996450275
7.677442773211274
8.494007809999605
10.51107605097396
8.402161506018082
6.332260510526896
11.854789361317007
8.470655073927269
7.696644706188822
3.921055050591236
10.211464892673325
6.683030443874277
14.053757117643698
5.986774623801857
11.25392400599826
6.7472869287439625
2.3095633408770886
7.293450243658164
9.042806599570287
10.65138923890264
7.180756550394249
5.928963573475204
2.271832416176312
9.536196183364037
4.8952405162432715
7.300428090778914
20.51089920952228
2.814982418753718
4.482269080147653
13.159489511507832
1.332516239700434
7.551565343773604
5.385225074389096
9.480959551984443
7.502512441039325
11.232789973097947
4.895144286160059
3.0443738842088934
4.965584331222591
1.6108914454793222
13.439736499585214
8.08130521475627
13.83881215862858
6.256941488651126
5.498098418087271
15.43801853922355
4.6226874305700205
13.466985321138754
6.7604000476518555
1.0457639794874607
5.8298931332986985
6.7801233031551025
3.7114016030323835
9.905590859480917
3.069032314963661
10.214063032727402
4.249878139776693
8.16923187594207
5.167720046826896
2.742233969412777
6.775098407794045
12.498523398228379
4.369352674642802
11.040678268375629
6.418377225208843
4.808832388224702
5.96124174996497
8.19155086537764
8.070753844864678
10.749338194607935
7.139704165573723
12.019099734054851
3.5664457021402614
7.33136137680604
8.293261199958769
5.645101826684156
3.730149468756912
5.879457718609044
8.03248983662246
5.7286581485783685
4.844954574149264
9.074264327516083
5.178116713813188
3.823072003150947
6.308477522591546
12.135682425793814
4.907878822487089
5.514938889705043
4.828166872392954
4.05285703451315
12.55741860788131
4.563767637538828
12.351878545936838
14.67916399015872
4.652681685050658
4.932372931367646
4.173751149671962
4.576776341525821
4.534544661659126
8.750576387636398
10.055805881445886
5.094833997361695
2.548951038121755
4.232125120121966
7.761628999334015
4.460366525794724
8.061662614504687
5.933718006556434
8.472424180207975
8.381744022737184
4.7607661216975705
2.5411762768073727
8.36665329571524
7.09895070332973
6.769122744456079
2.4899724765091684
1.8866781934127737
4.32522822736387
10.21646627479063
9.48690741514814
7.178734281152242
0.9137512576462636
4.730448645994787
4.3489508267553685
6.249617940793534
1.1847497440408872
3.075323985861435
5.571563240460184
12.493011839909544
7.1600314533059795
2.827354664720358
14.35954395730541
4.832281919695828
1.9446487784895274
10.860745712250734
4.343184570996227
7.262933750178512
3.595278412525545
14.337153140744382
4.44818146554963
1.8743692875317297
9.408477770421667
7.1463181747076305
7.508178522360748
6.458592683653721
5.508839863949634
4.790345771116856
8.253746832864323
3.0881011403450214
4.341071925539662
1.4135993344038176
3.582630382985875
9.219888187355913
7.390875468590636
3.6764506922722435
5.022449726707701
3.5961827451713524
4.709902169253388
5.606139744249089
0.6030015299907364
2.743675262825216
0.6619444377799458
3.796042137970313
10.018360090184926
15.492055499708501
10.350368540748105
4.818690346873666
8.524117176824918
6.935667138043752
1.548776477135551
5.314608827003468
5.402823058299347
3.3436449377084285
8.995911346024455
6.229933900375914
11.738076912373339
6.231065007157978
5.21516005934287
4.476833540828568
0.6786338038629888
9.265456342175106
4.338684896839258
5.083462163084377
12.487994878673122
7.2656831989283654
3.586078634996727
4.770769028024032
2.1169496681645015
6.717555449060974
6.712370349239314
1.7912247421405945
7.7878525724646
5.7610531971402965
3.396850296708754
4.584547915015305
5.293687251355994
4.958458759921284
7.374028810018253
3.229589227921093
3.8061272414622644
8.707788777682497
2.558857921991235
6.635153622200037
8.658499293789122
6.397399674359295
3.9610888143633045
6.183473900519969
8.17220821300982
8.457845788140993
8.844774957773438
9.742024172488902
11.331124708269753
3.3266436958467893
7.070066726266434
12.886414317206508
4.6197827860188765
12.919827825206081
7.697258645778721
6.321518629583733
12.749434126741788
2.367881175131717
9.46100053181432
2.5608425634045373
5.5770297917677585
2.964789771546765
4.966666260748196
1.9366478870479606
4.6818943236584705
0.47666118750009945
11.893128422071303
18.507202065548626
5.046139986157251
10.60856493977319
7.03912679688314
13.38179170750826
9.283544945234507
6.424335454559552
8.362128710559023
3.8884629994405677
12.309296095047966
5.037362585627446
10.112526289182474
14.15272191917978
2.0027579688483965
7.704942279571461
7.6939897399148025
7.72693980502757
2.0270135515351555
4.149534190292537
11.897626097307036
1.564321342551968
0.7535978133146892
1.3170968915254275
1.3133820342474427
2.4145911227436696
6.384195094139667
7.246461059834829
5.57843059375365
2.758313558084599
2.9561024432920973
4.605945047576555
9.240362249084344
8.07741200044241
5.702247699733467
3.5680358796261014
5.873644840087135
3.1388437399778626
3.876524667510143
6.305947523487869
7.863606284889558
8.259846641677173
3.8196893777201475
4.1515171427032325
6.9301130671351245
7.350383301398207
8.016481297027545
4.425112345762151
9.465000225790588
8.976032505402076
18.850316628919146
15.36483322350714
11.634698245256482
7.685313507537512
10.413289468132437
1.8925650638349947
5.473167691083956
3.7067049199005337
11.082177376068442
3.399122793648231
6.178384201869968
0.41894248012262875
5.649612717727432
