207.409
18.53714030491656
47.3834085434272
30.918467673728678
80.4559258968041
30.08030045905946
21.441521226964742
89.19850838613517
16.09061707758086
87.37686045430026
2.6222986483001463
225.7990644997936
519.4454672796552
136.44314451466764
45.38042063056793
95.5109326115814
128.64295458577774
147.28492452882782
87.7495500401071
49.41888546569131
280.2975488474852
62.67223908398043
183.57751804092655
247.57182256531755
257.789829035062
90.52048173055137
136.20411927963906
279.0185926486509
183.28437974095385
391.05172642232117
60.01915473102097
310.90422712067044
387.90847001704617
20.702859091294673
132.59376557044465
282.34021258655497
459.3539129730891
227.69157142713414
296.46475198214864
236.07829056614176
133.92978484105538
44.82357017019386
179.37092966456012
146.19716834184464
214.62266880625657
159.37253897361546
75.16578907145595
405.7953557643562
53.81847250135498
94.98809823865102
467.11058416920906
430.4479048439663
148.01832943500207
334.85024545552795
242.9230610648103
270.65045267847484
50.34292617569647
135.74877222952352
140.21577973317238
239.68445922276783
145.542957604498
79.14146648684434
89.60184578080599
138.67735208661992
60.74247709657517
484.9680146096664
111.65761030771732
112.92552744454137
161.02398730152953
115.0765998309158
67.13310347915481
160.71696613921173
209.74905935001297
73.77571883260602
29.414696211394755
233.24529932755073
86.93563413553825
28.40860075024603
134.21515562513224
253.07226233273008
139.86691493770172
58.46645587258067
221.25105899840696
52.760117117418474
209.37639310089264
197.27250492082788
88.78609828632582
125.28823654570662
99.9369184059561
152.17767243329453
271.3706883554916
57.50774930590709
129.70461533141346
82.14766901795298
148.21898182501607
152.32137062656724
118.56333614459808
36.06728290646809
11.530039002361233
104.53837416008908
223.29791610684066
19.731842762895518
52.85311120557475
61.00436918099448
115.9361657301188
95.6000231523477
51.015947361143006
67.60491976456126
153.26366597931266
123.64269472428303
42.12044169068138
95.925948466893
147.71833461971
49.31540385472203
74.05398804964707
58.17781129777244
66.59051162480412
97.57616104030915
49.34003505469973
156.5847390180578
84.2396187016973
24.195792737488006
99.09594088041257
84.12389904485238
60.02499427710175
65.29414207705834
102.56583544865043
134.65872047776895
10.140206910695776
134.2813336752153
74.42627547269628
63.46367652977486
50.78040225799277
138.91324391544356
42.38814433727993
37.77302263965272
23.911519596923238
20.5534280966293
19.330805453642743
17.991634142903315
101.78683433987958
36.05200487237846
39.057291888994335
1.51095916586645
62.323158639975006
16.890986339663584
44.344689807615424
34.326973829132584
93.82137157454171
52.108661079518825
69.79219992354955
40.04332681492112
53.68690678998589
74.74541169244398
46.11736263692764
47.31778557309747
50.51052673896432
38.20662320872625
50.45605790980921
46.33005987713252
84.78769134295334
30.70729891834161
64.79856887469491
23.930737694156754
32.78289420008218
69.09113694157477
16.71476825173298
44.63867059148589
12.23396322702035
48.0377878844238
31.23536307304028
46.57346716080819
35.802424183110375
11.549314580538294
29.136446190830576
56.42968722233091
22.529323464956818
111.60099499750446
3.557512318990604
8.125820061154334
11.458643200934814
42.39183415575264
55.212010805208074
63.688098696866504
49.47114980458345
59.1106465955111
42.39838804622016
25.302359058048488
42.15680586882639
20.97876931091979
71.11322925866031
42.67329367598487
49.199078991999265
14.333172360078478
63.43659937634192
20.188507534872528
54.12480583216656
28.944149285173086
27.841715032106052
14.621729376157885
93.46759646993189
30.560027971602246
8.4731858635193
25.71709231266586
37.761817695743176
7.481393045896137
5.219134349829397
26.094102013038896
41.240743813557195
7.081733805242201
39.36363059861084
33.617449217625406
35.026260723311076
35.60272891106592
48.52961831214309
24.323536217561834
53.847898714615255
32.21671931343608
42.17016713418476
41.52544797443068
27.139703553476416
25.1359006169677
31.526976100427373
21.560547045609297
12.10358664610537
55.377379133809754
38.457103123753924
7.876300669638612
20.829822691690733
55.04518719566275
43.036902821624864
42.99924751581497
24.225444031476876
18.940333490080384
24.505237050539083
15.719042978842165
25.63868547352115
66.88452905504774
28.684284304574216
9.069184216307015
17.669606232963716
28.617200821292666
52.278931479750256
30.4682193905341
31.51005938005831
28.238288413379323
17.44553579667794
26.250354443779585
20.156135960923567
22.929800397481745
64.98553212272239
21.45463701002227
70.13454174015929
12.503141124352107
51.671217693166646
27.950855421940023
24.900354515339036
14.315253375449949
12.274248708083242
22.44023665697662
19.06008435718771
28.307553396137177
17.600111139441214
21.001905348145108
37.01831187866445
33.35706971277335
30.22273320594366
26.20484485594334
35.24681410562057
36.1553176523407
41.10745681360988
2.1062076923849813
21.728395977244677
60.42064121446764
36.09562298184057
27.92822254901955
14.609251632993109
14.776478531659613
35.76936364872007
24.865212689456012
19.51635522456121
13.071050006376373
47.672781068619166
36.0077299171307
18.37015316772952
9.424009532761275
14.708955818619108
27.141751109116854
15.339412100094561
15.715506223445669
35.581955657577666
20.793435439533365
15.44480366950864
30.95372312697797
22.037821727694876
10.921003642104058
61.335604835164546
17.712183577937175
27.72728495720776
26.683547408592773
48.61665677335679
10.422751934886671
21.011913164869128
12.424743623600923
21.45805923635376
35.1937222914271
23.152463877930042
24.38871834005219
52.24713400104887
19.493376575104406
27.937188551008354
21.713699342576
34.29603636293909
39.34835845637371
24.724255926122314
20.791751207268916
60.375798500061876
22.438650378813005
38.171704514379876
10.555068999589682
12.858418166615985
23.724067023237062
24.548566802270702
42.571861124500515
23.35373374510609
23.26848971990831
33.88646253803982
21.46480017461913
21.08266755784345
13.500193137481624
57.18881518845011
14.527350307986376
26.604265448731315
16.523666534509456
17.506134976395717
23.098230028939316
4.411490792938708
51.484800432966495
42.70083253216947
17.602221684428137
9.314121646347418
11.404501056882106
39.21161601193755
5.468420811268683
37.1282454543317
18.87838334743645
11.053518908191743
10.883789629472249
6.460058785482666
18.05196357850694
15.856003708728252
11.660522511109205
11.319767544386302
11.127237220842227
9.312784579099125
33.58365989730793
1.9975843860132751
14.32561170444276
38.57129046169186
30.053443127525085
24.854375039006058
16.74468240344479
41.25364096130053
26.30385533073383
25.18627402801009
14.996260127302756
23.428319254097385
22.778010760378933
10.00819028538655
5.32963501910862
22.892826808602997
25.872317582809714
23.57118343299481
16.750618772532267
28.98521724211137
4.30393822845161
44.07780792528283
17.354976306255875
38.12367117054214
35.73930902627555
15.829669210853456
18.99138291617261
4.761483247321458
38.09047978346586
12.433949453895936
43.058256237933264
10.377048246768458
10.364984203890183
37.1876436143854
2.1004267275793005
28.569696715002927
21.793756947075945
11.014566057623044
2.3754462391532614
36.01763224144099
24.53231006628579
9.975307907800213
45.049344257433454
9.661438412730012
13.042889014141736
10.800247046229874
16.350007460409252
29.913611559796333
21.524080308335808
28.369742694270393
9.283700564928349
3.7915257560507514
4.268698719402583
31.738453821598114
25.85281461589063
35.56038705099088
24.06489905747835
16.86509905472058
28.83150427509167
31.462619455791835
7.5722663569965
16.846946670989105
16.325702193710313
10.442990832910226
34.27197282084814
10.077705458548087
12.496872692719132
4.060059297988687
11.540164393067762
10.519895044567447
15.288984477945482
15.78574377008113
9.790227425965135
25.578059574128496
13.731143912843704
18.539988454736946
21.51622781281175
0.6891814840785572
14.94413528274718
0.7675117665175687
25.85244074672475
14.878523920309265
9.519213633159916
9.26031622066047
30.85571949708637
7.404424545982582
5.693442564654956
40.46701022382278
9.292488715435672
28.0598550071515
35.04221745694828
8.908622378223807
27.112228245928343
27.513275106796463
25.92446699306864
12.788724995555816
15.991379147017428
25.63199968208319
20.081789253280558
14.875162051402054
7.607962933066839
18.94532408399438
18.356882130860498
27.319200739301134
29.49236423253715
26.580753454754205
32.441639184746606
10.722180920300744
23.57374872074748
11.713133882052238
9.193845861611264
15.334175837190475
19.33217767454908
12.746567300054407
8.534238763338186
10.409188358598064
11.320815072188136
15.741789645795603
19.868854406389925
5.553467640652304
17.739765428768877
25.31888861120446
9.34667367881826
11.452957413986304
9.883593423608174
7.186928433768826
15.369257662718129
17.230152979065483
32.77694588535032
4.495265199783544
15.478331960881395
8.9622820190451
14.989311901097604
20.46036031176588
15.013855125711594
9.040255297703762
10.818323502145482
5.005302962988274
19.976151376655775
17.624061002885743
8.812614999665152
15.321135514288862
15.919096219702443
7.788138664097575
7.702580679580573
7.715404400436635
26.62776721166739
9.745876680457874
23.01245227707705
19.460260316732917
20.163951867209516
21.247143042120637
8.242039258456046
19.3709374728965
2.910147237931055
6.826923054245348
7.105145134383125
17.35608563860081
4.393136810701962
16.750223762762737
11.385872223494603
16.58334087765178
6.085877481184321
17.533405210597824
25.803865060275275
30.344463689042833
13.396487466055333
31.765611659874484
9.553858369188148
12.755406977220852
15.786292104042248
15.393490957915764
14.131708646417534
8.81862879128601
7.181737806484196
30.320952981734568
27.56461682385833
15.755698000865095
16.484647325017825
9.669549017371011
16.975718645940557
10.47253560156176
19.391932807902617
7.60156935626356
13.32989158353524
19.23027676043659
30.88847087533109
13.051142239593597
4.262293889978527
18.29511641969119
6.939911638088855
16.543346583881487
1.9549637586351232
14.4459683592971
10.899986944205553
21.593633093725376
20.449804785461907
19.007697371693993
12.585648376097875
9.637350639064065
3.6804163880742573
7.842034219214894
6.520356237917797
2.2123679405342815
5.7321462328739665
13.673664163009539
17.02536394207952
5.410496754427019
10.44159141228374
18.076064289459627
6.000733213267561
21.668305491290873
13.446257716819648
12.627796176408797
27.83681119644919
25.02796385484923
21.37133151183911
27.289596411575502
28.18566041601805
14.925400402503206
8.67623324463714
27.59929654792403
16.72101666768543
7.502457541034905
17.026641943567988
11.277137002369882
12.130865797027617
10.834251129653481
16.809267282939313
8.778313194983754
6.883870154799698
41.87649665913877
18.19763929098343
19.85753492832286
20.09091249061992
8.367338710501032
14.404196155209792
17.940775714280434
12.710157126298833
7.602534196651342
27.40220006081632
10.511138193612073
21.34316939108654
11.420734461923002
12.285377545852693
16.303156798104787
12.354471104376515
16.384910711548294
11.755545523499267
24.239760128654673
12.77014668924972
23.54684312844785
11.660507608119946
21.1084344322282
14.352448064697365
26.227857738728357
19.524073941422284
26.91466191447312
7.268104184738413
11.340304693719169
23.602609389944814
8.768278854558767
22.955135105944937
5.977500069244105
27.82872108525727
13.267574333610025
9.075499635575738
8.70809002222107
14.036018978721634
6.392557539973505
10.570995944431765
14.48258472104085
9.640318109633098
16.997081764504543
14.066692858700744
12.338315706349322
5.8981089773163164
15.763612199710444
16.053483909545477
8.32111148784056
9.63322740843234
5.43720565101995
5.666959506440232
8.540995285202053
9.92949246457309
11.376471642134934
12.996555684120247
14.540754155640586
13.046372865720999
10.070395506539361
2.7421804463326027
8.042667193531809
17.343046224124727
11.069089440345701
19.483495383705943
4.133405775439078
11.249558813713513
17.980648928383225
7.5978129629343965
16.885951681338394
4.916194784528635
7.277255241086666
3.7452745768753055
9.44303542321923
6.105638776563983
7.6750000190408585
12.30818443669943
14.625472801926195
7.93807066667364
14.07462736247308
6.767194504153063
11.490929416640158
13.583136855373198
6.83832108644999
6.778734768254785
9.341201551618246
13.139799885214156
11.67161534798434
16.96890021307584
2.558923823478974
4.678235076772833
11.079525748074708
8.641255221963064
10.735876679328861
12.991581523876784
16.77165375159511
8.112533959893723
16.940443881227072
6.406609848352673
23.351919060923308
5.127068516805013
12.722978248140839
9.569816058668478
12.313655002215079
3.8683037519530985
14.563988120176377
5.951206463521077
8.473603605358463
15.890372004791047
1.803476655868458
14.047319064513882
3.3002655048833995
14.51284324840155
6.462213078292536
19.84610561421698
29.854987534096654
19.593749484013905
11.632041325443579
7.517726792154477
14.830659078153616
4.751904273631794
7.543825120259189
4.791799194990293
6.250307122470262
7.827480305891012
6.581389314514337
8.194407784500871
17.70610687503667
4.1924114552158915
3.926783325466884
28.875651936549794
7.41514864161702
7.7805898196776075
10.951867738425303
6.506342813704475
4.223654292085435
12.037527566119849
8.895034657223828
6.64643097822924
6.072919840146566
8.650582606492682
16.799583995772487
5.967991061787438
12.231633035403942
9.797765781155755
3.026286825508351
6.0471061358680664
6.924664591437556
9.583093793714708
6.060746085808133
9.209196956487776
10.178984594681811
6.685414995922073
13.688927297935491
14.558358200347458
9.437321936354426
18.208764384155174
6.252181301361
6.739450350167258
13.788602801932413
18.09440968527973
9.429635717503903
7.546574662203049
7.078137245827451
4.467509765470361
19.931400570034985
4.958534068415626
7.465118368337472
7.829233824870743
1.1667178102296132
15.91241136183687
20.835354613549967
6.692628962536603
15.699428314581708
8.383905997453002
19.00757405309128
10.250027985609384
5.292429632626504
6.9846693357547185
16.434904687111263
3.193136902672225
15.156487647929792
11.193032817360011
11.940941296465803
7.69328557100235
8.600421617104018
13.890830519096129
3.009023118459983
6.6124760166995635
8.043922446331338
16.022796367890912
10.916235649661344
7.53289966458072
7.370103364957123
4.406351658576585
15.176487508508524
16.361058172195996
5.521068642638187
16.692367521998133
1.754766196982626
13.74759065749242
16.509912942811226
4.282061555182959
14.553255841558563
7.752590264033402
6.767093133635531
9.998089109834977
6.824578379820484
4.488447138217382
3.7684297048654707
4.605118939902184
11.567465376223973
12.101913836334376
9.905151492898359
14.333636550645522
9.91842484662573
2.593909852657217
8.891065736437685
13.362952934176132
2.7850071451677847
10.468087969548863
4.697876259501759
2.4173020035620305
8.396440769496158
7.534132987831347
10.366721519773018
11.25723738243556
1.0473633966732256
8.937431880442992
5.17502292664783
2.219052864397711
4.670425086663452
7.822603270291959
10.96483460497312
3.6375183753335585
8.54250296820299
6.3341678128632015
5.094728649680261
6.019796842479739
15.62722520564494
8.427022137226329
9.539920993382223
11.802524434931922
1.2928197144511997
10.391787576929127
4.887013036756291
7.291326551128843
14.406996919792617
7.036109370121013
5.96568591401602
4.883552266842823
3.076374404920058
5.291374641676675
6.920579389910607
6.03011415580945
11.08960359687423
12.531171865916958
11.32378732691291
12.038461126670594
4.065500666436947
6.730432819742858
14.0950613790936
5.16165999822741
6.027020241763733
8.52524704781517
2.016141831351097
9.058626657287254
5.4651988959108255
14.024720519146737
10.174941958886688
3.1260750015684304
7.658494030427576
5.703916424112955
10.513726380748578
10.232716389007111
9.637987854773394
8.207508124882944
16.153444051306234
8.252156898944694
7.125317645908875
12.017136479695324
8.025388142785554
8.221127566028393
10.921086737885577
1.8616072643162127
2.517076224091724
8.290463662312185
7.573778335027512
7.969634958751248
1.5325048964330688
7.332876211394102
6.143663886493645
5.998338923242962
13.720667765677504
6.563277351957288
4.28273092893634
1.2286707625968334
5.353551786593636
4.088782026161929
4.315221789337076
4.174068830734499
7.189997507062881
9.015320596985115
5.299281824784284
7.543549123806539
7.001732710356037
6.35875530103771
5.642808859964104
5.447738176048824
2.5151828218154906
10.800969571017609
6.443493667904037
1.1627087233149196
6.676886305966095
8.0699084169396
7.377012196356016
10.684192012841857
5.204932028901068
9.798512983871532
8.95935336534732
8.375121460096569
3.2584540015575634
8.863225406640812
7.505068345851826
2.3111087894846607
7.928658847343647
9.374930209006907
6.285189641585661
12.519984669806185
7.622348297148456
14.668918697044676
7.594670992122351
9.840879272651915
9.200494426793298
8.942443821846346
7.901195536552289
8.405253208884053
7.272072646029972
15.056957191920072
3.1880761060858123
9.011314824061555
7.255933688144124
4.5106555949036915
17.272732500050473
1.9468413192389344
2.513592814661363
6.88055786638291
9.896271392827837
2.196503980385577
3.365804013206228
9.94974764947275
1.9220365302708557
6.7444527190961665
7.298996822121873
11.74279375879724
3.570446938071911
9.408358385174484
2.2431648910775404
7.1596606306581165
10.711244395580549
1.4435298818694593
4.447103653515627
7.5228152054249735
6.007565064761757
6.7690951791838225
16.232668510242593
11.093140576673507
5.367838940000425
2.935692181446302
5.750209001145091
9.46203740962029
3.0208600557133267
7.803342676417887
1.1060901420919174
16.18297018953141
5.128195576570062
2.772384791052035
5.395245508906366
5.8962096940440345
1.2467755327736936
3.7012908621949707
6.025508274356389
0.9531898085630189
5.476606299844807
5.484662922337612
16.077504793038944
7.170618257919065
2.2436931272029383
6.863256261025041
3.3652959329179875
7.1886955621806665
5.661169321686207
5.589522463519226
6.593414963444567
6.063627407962154
5.630515264521039
1.8950669603089247
4.9054813071437176
4.519376693066315
6.268234358352323
3.5055461365513216
1.503278799823783
13.058923919828656
3.9918046256788244
11.924656210970076
7.902762696959515
7.732531454371034
9.001072711827623
5.286583013705668
5.417311234564359
6.376759550230743
6.353623158597686
5.631025716899846
5.355239679061056
17.175830551195222
221.717
65.00969620804777
55.55454262143523
35.425747419843994
54.211798389597526
70.97119032946433
55.93009010372484
96.21458000767782
85.77658338875779
172.59317384341097
73.77553682476814
194.44108237706584
512.6774821485956
246.06877402440404
76.83409948054945
116.1699529822715
143.3360857321165
57.012843748587215
299.38315235108394
120.75703228516491
98.41941227813153
202.00542663022506
186.53910497220616
255.0107864340015
169.37473790815747
257.12609736426367
47.316895737247776
85.28229179657055
274.14436901893305
155.77324394148806
79.24230606930577
179.37472757143618
147.71477493825034
184.41732412394703
230.77495540943744
201.97159264853397
504.67699516533037
241.96720642125752
141.518787185271
120.6255711969348
171.47104457352683
25.994807729128038
242.88837576577959
211.16855469536753
291.61114358917104
262.24388266668853
295.15010395108396
166.38334520408077
142.13264407342652
286.53986249174096
198.81009979960896
370.4351657213458
400.24338618756326
218.99537419141652
186.29929040313118
375.56588418604554
250.46632953085958
170.34856044992063
176.85822310177508
111.02137577270403
300.5908096868732
401.79725297689424
210.8888136025959
275.80360581455176
251.25132495460042
196.87978816226638
65.56965006935962
281.533135482008
310.27906586556816
183.20586862091562
55.14274166358541
156.83172138076242
149.4953603937657
98.2505949389512
129.793788463818
120.78953007085008
87.74781884134403
259.68337262340134
239.1096797883521
259.14391880534134
249.1862378782365
114.32242530249091
62.430054740225245
80.51274327755884
22.627386400405474
61.46503831818074
205.44232982984192
127.89392055169972
140.99517680574368
66.50068856452458
124.4211555455047
125.2697563428117
53.55199112821363
88.60761283087545
98.10729714755172
116.8923385361178
77.35730064318487
135.97136601675106
194.30331250977068
80.43210636195884
221.0972931951001
54.50951071933664
148.0781765582597
105.96464604670795
169.49659012987476
90.03796793459988
202.95192269615066
136.55854027299983
69.58377217355624
84.56156343925473
78.90363950646008
65.10911248620378
51.899295921119254
100.52059130782285
111.16140955642726
20.77135977597694
33.771355774026595
82.1588467533848
23.794272799186608
70.23211241311405
8.250902196981665
27.930281284645762
75.23691938613031
7.027575346128768
105.20111915100281
64.0507311009008
114.88840007095524
38.162458831691005
49.22378665170256
79.44203916918003
98.64823952118856
57.36898830318823
63.97657777215499
108.81207620074889
90.18268857342545
92.60105942387271
67.87149668646539
26.00381186464836
5.060117652212205
62.394893287534615
72.9163657718119
115.93554748437145
56.96799844900706
64.61919106368201
30.853417877752904
53.855192934557756
135.28229906110488
63.13819226662833
59.48121634478817
57.570623086563955
80.1386966460391
14.632969543677932
22.504565849804457
27.035337983360968
52.05286056006707
39.83189449884739
60.1595363357932
73.60142829955983
69.43466564850307
11.938331578895074
66.44707690039421
39.87759583322095
29.153791218272097
44.51609133270417
73.52758099724055
24.763966273342092
69.72399445634052
41.4077550158869
8.402167209825935
33.5992628521399
64.26373837493455
50.42697620856135
51.19146571448335
19.784238411511165
66.65723273283548
18.78091623598213
49.96542451036399
59.660993581915264
30.25807405783196
30.58684150520256
73.09068254170414
51.3232919242311
12.38123849004727
13.102546815872836
17.39104789172728
53.76216624574625
36.4540873370099
53.245889368973444
5.615556606882863
13.555428582739273
11.651152341981474
49.51559298800628
49.356736127027816
38.529885498119064
63.64303830339768
16.26100724358477
39.795229104601674
23.02832989360073
40.88896847691451
23.744804024657306
84.18926581351892
65.83628350238628
22.016173076681827
52.764759780870286
36.18240966613844
7.1804743296186935
17.942573194885647
33.810941566536016
31.704589967848637
16.905601595117783
40.79618270879719
23.09015380489508
10.460523383098552
20.237786490268036
14.16266375519891
60.41132058683159
22.065901847692423
31.017154920182616
14.499160963479166
67.31195774033836
24.264803369269433
18.938144334303868
19.750060255036264
29.901588989873517
13.58746277992392
17.249998650137552
32.92494205914254
53.016858353032895
5.167804768249368
19.761609228788707
14.4804443659173
27.279141637389962
47.46224044041872
17.073330600295073
23.293066255428815
15.132855097659146
47.96658656993675
25.265170846432
19.39458141964557
13.838940125971332
27.268415252046047
38.88668792828294
38.637764161948404
17.1269934529913
10.74948007540713
13.6365588600335
48.36170320948647
46.74181901092908
28.693136281946735
11.84888934277706
29.429412870682132
33.07848330812217
46.79124012353809
37.086112908539995
20.777380069613073
13.808245329750422
21.896201771937076
16.282734760797876
13.175092346622336
25.456569132879086
33.72807306537018
25.081762718974904
45.68154523065215
22.530701241726057
33.26054089814439
22.18853451335473
23.38543423111535
10.770704909625518
33.906601650714705
31.48642141837399
32.84132815906481
51.98873341075453
21.664715710630958
65.60550516997685
19.372540487131513
44.95714446553999
23.03824478227104
39.705982329489835
6.647845595069304
17.202088900013827
16.428781988016826
28.70365897256391
19.930905334657194
41.49347611796708
14.544318385169984
19.685427574514883
30.334902122423415
26.451632640098143
6.106591363160731
32.05266241860857
21.196467081608102
24.835453718951843
19.406399967077547
33.596170026996774
26.452423605134488
37.4830958442187
19.122591541808386
23.639845980810733
17.175419923604437
15.795725736208096
25.223679776877567
31.2169251422003
2.561928442229721
29.995826215690947
20.890581885975514
14.398762963193505
39.90393742294686
13.61084726382987
1.2868650696812025
41.21948791475474
23.887826608096955
30.072271559258223
40.76470129950896
71.43892387488745
10.454655209823681
5.502188992522133
20.54178324234843
13.253675857993926
13.26724187570722
29.644176033543992
22.96885833954994
36.05168964235597
29.174896791842308
30.11166096376942
41.28233115403576
10.931146712310353
40.25873621000784
36.81380040920096
43.84211516302787
82.44505530126662
39.63940209972393
30.540543642392855
14.42910208895144
14.529324362081603
11.829716357377057
37.01235765279577
55.13310268401826
13.130649692494298
15.834996660615626
41.13733769163433
15.73195399177477
34.20233661569402
5.308869633469677
19.3713024123084
10.92044489436638
23.673375066065557
19.5451853854604
38.75335048033931
7.109015550965845
12.60870636922733
33.965726570989865
19.005702863716053
22.756682463446587
19.671664686742854
33.00303962226229
8.362089268659437
33.92172486946332
13.282960296044
40.72056159983912
27.370042338062937
17.59322046201744
12.792020342357157
1.8097111015255225
25.555370780279723
21.664887704500877
5.374398168307451
10.64244544208168
28.058058830922107
3.35970037022368
10.987553535340759
4.1278638637752625
15.309537756251789
13.06588091639753
4.294254842795643
17.268782522604564
9.292894515278007
21.358414306818812
7.030644644149787
29.959499891252328
13.578038139589436
12.381351691079669
30.520276022701914
4.262917020071856
28.499990944005074
37.66997152548376
6.628855275600829
15.22094034344849
25.008472832048398
32.359363077501165
47.356934760875944
7.713622583384126
12.79380416594709
13.330214907500931
12.753404513183257
8.057003177043782
6.315168710394569
6.259176486544509
36.9961629713851
22.64741458117264
11.74050997855595
8.887762943498602
27.00661724837801
13.953263453906526
33.39526757716889
37.38387685997373
24.94361644654667
30.22004772682566
7.609782821796973
9.23628981403456
14.8994395570759
41.217648903538844
3.5891386372894454
9.569153123074166
9.200656967096958
12.571837625366433
16.53829990366642
4.554741025462551
12.713919567281776
35.27216586054453
8.577944724956842
14.191581429399935
22.274199682436024
15.838416732266822
21.249333725193942
7.009709894878358
29.556915234329576
28.326874209246427
10.7635533845432
9.642508005517966
53.559284765017765
28.540390336584363
6.53807717474242
9.20336781761182
4.746367099162073
17.36499950522808
9.216096652031677
16.490273258995956
32.92817799272715
22.17866583231731
20.090796913790225
10.790533087161453
4.007793884052365
9.467471840985127
8.72853760003059
26.057133743801653
30.434792009357718
19.5865036194183
14.469066762437079
41.155717005492
11.094902677903635
13.198552589641595
10.409548785577199
29.570406479892377
17.617034770420446
42.74504030764736
25.9499229526995
8.522559461416327
34.098452573075136
36.52375438556149
11.288274097937144
17.38265674600664
8.727883579417064
21.95401371223067
6.038046660988026
6.000752007272103
13.930560980112322
16.424837992705605
31.371009091993088
6.836727575116774
11.90535251804846
24.34790130618104
3.6885140216662746
25.947738170170897
35.242758578008605
37.23109707840673
12.19843485206106
10.150207319982506
20.087698633031977
12.559130316055342
7.8945881825358315
25.073885643642612
4.481170192224224
17.981691788689535
13.265649757337355
23.0840985580819
11.877669432149839
14.80544101610996
13.114396950970383
16.263813053878433
11.442502861252848
11.351567317090783
3.7607635882431603
11.664484293514935
23.486983374657793
23.173470881539476
39.12502453251927
16.12641153642268
16.866128802313796
18.345802920560274
13.206360539717304
29.808784215138097
6.728215395566231
21.3545711291975
11.125054517208753
14.159900273306553
10.808132730627747
30.889947195588395
15.145222441267405
26.460422267000716
7.893662939193747
4.135478737273028
21.546844164287887
9.117744371468026
21.61849686181637
5.7056373207478694
15.85855197280988
12.308393190604052
8.138166729994484
11.32208161092749
5.665827702433601
10.087664301539377
14.473624743068926
18.8966240181166
9.865642790552483
2.668861898347403
26.590349056719667
5.5020555942011065
25.542420843194716
14.933060565342236
1.5696017563208906
15.649384267851474
12.270408237758831
28.281244420592344
19.69317811446708
14.93748449665541
25.0005415704124
18.42089259971259
20.997362852341546
20.03274166365756
28.220729152062038
5.855455250583419
6.847888072392615
10.68387118451634
6.391628073842848
3.4082586857217314
7.88709298934515
8.339906907904995
20.423585139486118
14.404615667745688
13.679643821865826
16.731014656780197
20.021963944316248
5.610469085282976
12.966948690638274
5.416743650557635
4.187083727539565
9.757732815075395
14.546140989160124
25.174926392098914
20.40333876407866
14.858851591246719
18.22362121135404
9.145929134795237
7.144478814070704
20.03167436193329
42.35050732099887
12.125839134077962
1.9702199112654324
8.247192889147842
20.733065212116795
6.799761814048058
10.688599472841169
23.244745457120302
27.320167725009345
17.67708937549075
8.710806524254872
17.242882227804376
15.74373611807976
2.237080638187283
23.71435637878938
15.425319283189742
16.305079399914305
0.36552069462332804
2.174978682386084
22.800676593554044
13.499977533788478
9.022287455769046
4.108601212218048
12.260321622315606
8.087415001292488
8.16982911248904
11.90766543836695
25.013173760219566
17.506515501992244
8.684618608665382
5.620101815212252
10.974036824406435
19.519885552138117
11.660747259641472
11.866186908552832
29.20872198802202
19.44090219940675
4.869730277593179
24.342626969703794
22.3734420138403
5.500166423288784
7.340307275151189
17.27663860973895
4.291707687409602
3.984028225831232
15.46361608239747
7.71518702938294
11.448112273855248
29.285025095814326
18.118697913873138
7.14382584257826
11.6965097041517
4.317797243542232
12.622368553326321
18.84217796776533
14.850868148628262
14.598433189206453
19.308599982327735
12.847683656848787
16.802801807300405
12.59806522555688
13.873620909764371
6.495437750595717
1.3152714485497252
7.739784117719396
7.740507212530942
11.486519960711
14.370133470206978
18.595232079921356
9.52736181955044
8.197638089914134
5.159389807889189
20.819013936437113
4.680866333118683
13.71240887935627
10.174778110780117
8.155493421173087
7.891922410268133
11.423865184652762
8.067078504530231
10.23040789941129
19.3551551344646
15.131055309235348
18.87352953653312
9.55717439139853
22.277766138974897
15.225554625013247
13.499926714147497
6.41123825613676
8.943487816966869
8.436356349612039
9.472871597240905
15.342170997938013
22.632648601921908
7.5505224305299565
6.864384347097581
13.95369752455189
4.971424665082718
2.081403769437456
12.725534769718177
4.232337862682883
21.49715680441185
7.9605893678406225
12.30970142709944
4.068862400711947
4.942620030920829
11.683639157429432
13.761319322543887
13.287122914828695
19.30887920447175
9.381625195594554
2.4388141438048634
3.596074360100711
15.688754863287427
7.852693034489828
4.243101589747931
2.8261653835936853
4.729184001213933
4.270241398863814
5.720962168771533
8.863334573744803
10.873472495413138
7.023296827383858
11.181102294647827
2.708713870306796
11.214396121539014
12.449657076636816
8.786675620173627
9.980556469688045
11.932674493540281
6.881313899875645
17.011716700926343
7.782626775608091
13.496558872513708
3.0967632151204265
24.276091007720012
0.7668770334439308
15.868711257124469
8.161308335148698
10.111459586118427
16.184459110049268
8.870715248816747
15.167371485559404
9.814006408398235
4.728237352681906
6.379818667644511
3.7620672139949134
9.741874936524813
10.22049539496608
9.59147271232855
10.799268427273615
5.808450156844306
2.0555628035182703
6.332373402940741
16.220985760396857
18.396007878534128
8.950124787486285
15.339871884423292
15.615828837917537
9.292386597687958
4.6789737772211435
11.707962230321412
8.913112245465173
2.5750168602362753
11.85156404227246
8.789832783603838
9.227003874596615
7.881271174065434
24.661738458584093
17.519037893263327
11.017674820329445
9.752243657282087
12.087628835867388
8.999027812052654
4.925553003574925
20.728772629493445
8.625576423313147
12.748285351862478
7.214636753832018
6.169067883724052
7.952751008278761
4.040210273637849
10.727950609186378
18.396632238181017
6.462764986726405
18.8462914074278
4.077380632877653
15.854280080634133
6.484181294393783
20.750618703046083
3.9220266655431417
11.755934359303177
10.248225784965374
5.0622546860461854
12.08161326024821
5.781650989378733
11.775671344504339
3.16741562265426
12.215568087087986
6.0955429225458175
4.0193125278561626
11.773450263043424
4.3091875141884195
14.205538429735542
11.50187063930472
7.758860440169939
9.614533330292248
7.3431826822220465
5.757468423197633
20.617544836481795
3.7248956182595014
0.3154986967909133
5.489895808774599
3.9229716961497583
15.75420271496508
4.475840488617036
12.317468097854656
12.772067667508539
12.544427843458136
5.3907043352069595
2.910348064667768
10.04217747981858
4.438770472954966
3.4633479988402156
7.194783359497827
7.144561144187842
8.004087040994191
15.568249750524398
10.016079578489014
9.295666229450996
0.5967542257244209
10.666941557675864
13.461614709203255
7.251469451057076
13.49008184826535
11.138192902074117
5.776310896853942
6.553601813496565
10.386332040830634
3.924360862275373
10.863250085072789
12.986727716139855
2.2401536214155824
10.560429238939378
11.485260239850241
6.947592882043084
8.059651423257364
5.57608125174755
0.8567819255976855
11.751734750555022
6.918778626073525
6.416138874678768
11.763238520575028
10.712541916833162
10.234983544395613
4.1772906735954125
17.198709058128696
10.735710423057432
2.9594282080104066
19.01882535081678
15.992070273387856
5.419606846860117
6.216778490771944
2.49879852333296
14.06720589094141
9.38679164217642
4.504029036384783
3.3772641792630558
7.858073229729931
11.252509658943172
2.731174451764842
4.401110558611147
3.001987517585332
4.794219719799378
9.994068985407376
5.16541386631249
12.222973923010642
9.840136179939467
3.2471058329344924
10.266577742608979
5.880943853356029
10.854026906793893
1.9954863276555652
13.94305477424018
10.12868595631861
9.413936921409938
0.33504661941899533
3.320205039991055
8.349244613274173
0.2198178983463133
9.107072348302518
3.4152745497799093
1.7298021200584663
6.9893772921029855
8.10136917965245
9.190726894871734
6.429089073799178
5.378543751607485
8.733552492750427
10.019586927542242
3.9167207389370184
3.471413247249839
7.213036259862634
11.169835626583835
5.88413876487599
5.288248707638576
12.842490888998295
9.070536122661997
5.187148754292979
2.622338902847382
6.911204005409736
12.00632428988803
4.735165158754653
3.9815866429588604
5.970062884930551
7.02641681866911
0.6943204691666063
3.6827888900768424
10.714813891306239
2.6258697134369315
10.418987572622381
6.834454272962712
3.119915103012597
4.877240961891074
3.8144170428668343
8.106257608878105
11.313139810452281
2.113303863692356
6.828303498982502
5.858342233492263
5.473130629788792
6.111615867127303
4.389408719527216
6.344052387425859
3.757707106521496
11.18186803236517
6.906117705959911
9.071423495935866
3.1494659696169656
12.912181222242735
11.348347154819713
9.342035607624172
3.306019029354846
4.438194515884214
7.495390905421193
6.7292922607424055
8.253622432098942
4.5867449271983
13.475129576127866
8.178973518891366
8.754492919702175
14.559044130458672
9.98444883905029
13.748595962471807
9.992394673973877
21.09611517139504
11.833075034134676
8.652676680889748
13.273747035665945
2.6229615820664614
8.11026617137875
11.889347963699713
4.693282436935038
10.237328597475454
1.9794369253500865
7.9537958846572785
11.44099295777642
9.98392330240907
4.540432015987309
4.457091955061853
5.670606348544488
4.824345604831485
19.799691659596967
7.058504165270122
9.32898550588288
8.486746691960132
7.143549407476239
11.999706601804094
9.1601093394002
2.0197174815230077
5.069442913897861
13.550533301682972
6.894485375315593
12.034253846643178
5.630042318714346
9.790394192280376
12.786103149818624
4.749400501818505
9.122208630836687
17.19300271691466
4.526562214726691
4.236600118147657
2.1536439552582207
3.6050602428379173
0.9918200954668762
7.374000004042789
4.271229519787368
6.428111919404941
9.19954585743314
4.089823867473045
1.3796661875992833
3.5184298247469368
3.078218159769216
5.182912422847751
4.100854458984521
9.636743816659585
2.9489095307618713
5.890427021250352
4.908834145876668
3.671351092894605
3.080276472690785
7.107770883068109
4.109955951848216
10.722571966680025
5.526192839367697
10.094444899857441
2.3213866630344695
9.207049831869455
6.146003427423399
2.5326872748481475
3.566607064803999
3.5490054981241363
13.752352391402955
19.749656821390868
11.251397180450663
8.980882663832173
5.729410563773553
3.649392892753498
3.0988468168307834
6.7409283710552135
8.445808619707114
2.6486579727206196
2.103259092687788
6.6404871065275906
10.392905598880757
