154.497
12.62494412100242
62.19163877623913
33.632948230519894
81.61201505648111
90.27392449131077
92.82516863883488
61.38394106792847
90.09512047638958
134.8147394253223
209.76404547452606
295.01467158951033
183.0342643191324
41.38204994985909
28.481360401033694
165.84321144779204
160.5526739108461
121.98886307989825
174.84214218174185
233.66403172600894
32.13817762441885
16.994969778175207
222.73730797230692
178.9445331952321
201.85469911728342
103.9811641435781
111.80898803159481
132.9576112195976
63.18128785761615
127.76808982159561
134.2555441037624
64.86178849858786
92.94988640646828
238.54010565261433
268.409029503033
152.93316721041913
301.1044132463977
62.59808615259707
421.8823060122496
312.85546734226415
368.1020830297456
473.79379067757196
231.26922449944615
270.2675516403004
56.352575227406504
189.39348984504656
356.8083591361236
169.09540625821288
212.0957296543968
206.27560482192976
525.8259852228113
192.41054125940468
151.7401100453196
242.5399738561951
12.403718091620064
99.99312315611813
85.11276663580068
160.10012983612765
152.08665258382655
136.1954743359248
320.46338848169677
155.45169104892872
197.71693883011508
128.8798031587845
105.35878158517411
119.74799713095496
297.68762802208516
136.3379712902251
111.62207097113146
148.5287452132008
219.06070575569214
88.87915536709609
501.54490758825995
42.74011136651598
115.23214245417917
233.09160623389855
225.1151071091962
66.17098361195148
79.23458002392785
89.63701624688046
186.68951683713968
184.61722418082002
171.1598957927277
178.14859264020254
33.02891322374795
119.17369963583464
321.0221357481098
115.66365979291169
241.4738766878778
47.11692515372057
124.31661568741694
188.44821549960315
94.86410987475567
49.75303644785055
51.165037536484995
277.03366562735704
110.0358976342863
171.98827214028353
80.92143477351658
111.02318607718514
206.9113336364127
86.61191177142527
160.11985148206975
152.23530277469928
172.35137688627594
182.1939102880182
43.82188632242049
124.54281208751702
127.68131993965903
78.97683262113452
18.97319453047691
70.71219929106404
10.7393922469251
59.04743394161564
12.90099470140602
30.376578824440582
78.71102291008836
99.85306941390877
87.16275302090227
55.4985532943124
84.33003487294614
77.02798203791825
39.29287104422356
113.01637218074643
32.80996708269247
78.66265999182826
108.92672752348044
34.48231284365016
65.6892054473154
127.5076168333064
67.28376023273815
37.693827483167766
23.67113453335604
108.24561447590223
70.17505032101998
56.98133968344895
53.538757369303944
66.0971761798727
2.9817297852798053
58.67566202635126
37.09505881277446
49.96304022039704
20.02731671251217
36.54925555240825
67.61733913684948
43.46297905835001
6.442159054365042
12.150755870768368
14.489672440396758
78.68219164902423
39.11827190051561
60.17692978826486
65.71393871753095
69.45110636177064
48.2418778569177
80.10990087512184
7.099505675010365
29.517896999695427
64.03746345440719
23.552970523527872
41.43858231877674
22.200520035062926
16.704208773804204
2.8153674457800086
32.56159678829704
20.802025863793812
22.46577269524051
43.75721610182949
29.45028206799233
44.09897501977915
49.843340958809634
23.19925522312574
53.917773021947255
41.20225048422777
24.076439818684086
63.473526999193126
5.4578269988624735
18.00693001050015
21.854288155504012
51.02910893717063
26.954595552853295
31.439867616138834
22.55501842545344
37.991551839965936
56.8258374012625
25.998648740332992
34.58381654966684
41.89420588413436
51.580315655555545
17.394997989679304
31.78063113490042
24.44658125552268
9.902745329619183
26.020364489423077
16.383563635690013
38.17879609719702
20.75718778177239
24.63205618592039
28.787362973135487
10.002814196948934
69.39125329512675
24.74244294020067
16.700005681383217
32.04271800375526
35.245477518577324
19.044333235657625
36.27764645863635
14.138267273194481
21.857193457018166
26.601258464630945
24.3217048153198
54.18482079745164
43.12356807709302
23.317448705379547
22.828438262968476
27.985360651251998
28.273690753424255
24.777632614570773
20.384115360446238
8.659690751954228
31.585848703908887
14.336725265003214
13.655458357225392
19.8078318002161
41.55006049883098
33.90050106097645
30.681731185134097
10.6463983656575
11.18299724067617
13.069834267491268
25.632880592298203
21.698047333545404
19.887132538786748
37.86019747970678
17.349314717530277
19.733620211779574
17.045798292597777
9.57418697995496
5.6130842620080665
31.65245034841574
6.919712106210467
41.86640186766437
16.214294462864757
15.537728678997468
18.81826002705575
39.25353743440715
18.27251168547051
28.15229194361077
7.010892784717468
20.820907013404877
49.939832065375604
32.43741070208082
19.685080887404183
16.930912130284515
16.294715573834498
12.145720922713409
22.79984393796287
61.06741334885856
45.722120489676236
19.6628499683562
29.460724360889138
30.731213451523963
15.068641012905797
13.321561039736306
38.797942113115184
11.038915830901832
32.11701962188021
27.093940678403722
24.700989175212104
14.743088540629742
35.3695546963804
49.82665161604589
1.7852896451394145
8.447299831976474
18.149765003819496
12.743171681541659
18.223373123105684
19.263054672733777
12.952805406328523
15.781036855647026
5.00063407599212
14.288474075729221
18.363100946362735
18.259184372660886
27.2927295725975
6.925697436622517
10.080189114112224
19.440610339798756
24.24170860644442
16.782293779954056
25.834826854072176
4.189454967265688
35.23744754830037
13.163897134647994
21.429464144965042
23.48755520876787
17.169781856557965
20.00891255652648
12.579083115005488
40.773804276784745
43.72607216661251
4.300749795874909
6.2808310951848725
4.739847832667433
24.356326152206485
59.61240606445736
13.125233850936368
13.270731694455906
24.41583778528909
14.849408400913992
37.091908177808484
21.82437053277463
35.2349294162252
15.454656659869217
13.30177182301265
37.81093034693234
18.508998264587255
8.9904889255284
20.86988734848943
16.135980998113656
7.581223839017094
41.824950081488296
19.21985206685295
46.41601691278053
55.22839803244172
26.246022782873567
41.44891180026848
47.35968788895272
18.61548849587267
47.08546088648908
4.480034657022749
50.70793169527189
7.393560108402305
54.957379938083385
10.600005354565338
23.515829001638753
18.0211926213902
28.4289939659104
39.714925465932446
15.04324024688971
9.542484691735925
24.315885808240225
16.783618019312183
13.63650757310802
11.216851993015437
14.951939231023811
10.16832514900856
20.04508645961972
21.243069075891437
17.392259913348106
49.68993855469314
21.700384438856393
7.45937128765058
21.65037419347788
24.09660120898342
14.505967284646813
34.8695419503631
17.02489471788758
27.965019489696008
34.34575368219961
22.219306151033596
22.311405722802238
34.18726460079107
28.30453138713991
16.518449832061506
14.907183306069873
28.74829260534951
20.908020869802478
30.655787847325133
18.0266997264164
21.414302025746704
9.201811126263422
10.999867536324297
17.9690683067843
6.406956558601251
1.9318520466945355
27.255776186974064
7.832418265606066
5.573396691829892
4.234425320887435
6.370799337059411
31.02018680331932
22.30891616198134
29.70449352925476
13.791115395161103
22.140014238545053
12.051719831151987
9.341179340581096
11.182912299681567
25.138899856150232
11.490101833067007
23.34634122077399
13.548380707484887
19.156314679231876
15.399689603457718
19.75379962906786
8.820899826927791
32.58283793721772
12.716678047532133
11.738408879585583
40.99133721098056
13.982941904591874
14.170890066391221
14.81881991626568
10.77044584747962
25.430801005678006
11.108789440167406
33.45658810330312
13.880921720043176
19.252862364499332
16.672209792741
6.599982555642067
32.71228657866454
19.222980027822263
13.778941943731468
24.466078206910012
10.386819898589891
4.313998140893659
14.67003818994246
16.310319038153573
14.84529394584895
23.41720819507491
9.953839003990513
10.96290021308965
2.691323955053723
9.98683734002284
6.3779286391065755
4.786621403174907
13.386073438124328
27.43131515844271
23.810240720175155
22.787683336622194
6.720461210711368
6.741267906674441
21.804701109916017
7.733116562610259
14.527719353865029
16.574417303014304
33.288589634967316
20.527880479853373
3.6852523801814674
29.36968667461184
17.132396624098494
34.858530017271946
15.087603766269297
22.368009510883965
15.625982113759312
1.5015934278638132
4.308290496678358
17.253187916318726
6.515212723589615
25.12628342973333
5.955471019969567
8.192836929910445
6.813089980932867
20.645754678450402
19.787173221441304
15.201852713367938
22.221765523798336
9.1471540910393
15.02838933701743
15.292176758565036
18.384533489304516
24.9767646317327
23.234411087658707
13.50791469341767
11.002545335970618
19.51599257657616
23.247730296693156
14.77937249083424
8.559187390268976
14.034280199296647
17.259170448349654
14.256023669654532
22.21044583416405
32.68248102438969
2.5592105249188535
12.217242094053313
24.77891644763216
4.630724398465229
18.227217048276767
6.467137218762897
7.254246966271215
1.087679489086705
3.861609518204821
19.927307529228855
6.957400937366636
7.063224081456407
11.57641383192674
4.638899079525662
24.22838290506596
17.5741393684387
16.642635592205547
20.53016978975248
13.258586711032626
24.006110918815367
16.397172823050653
7.408085913444245
9.804098104641486
16.412975151358157
26.394767853434377
20.080484168190683
20.987942289368686
20.16958783269365
24.834286755037763
5.849272483550008
11.118200489706943
1.8516113876223423
14.284867986977794
15.689687516845161
15.835810135303962
10.3553309841046
9.883548958626847
14.965546239051472
14.794183337341465
25.94798980221666
7.48552301249556
14.451253087067121
11.960212565589352
22.61862137926657
15.624016871770058
6.336028818459145
7.990687449982533
11.398879400031735
21.908372846648852
9.66938693457266
15.537296275214338
4.61059177114229
9.23383762103767
22.750434626911755
35.63878310730021
15.751104597943318
18.360985027550228
25.389975067439508
11.3552459659664
34.90007756005689
3.692276814031367
11.525569270127319
8.314101902425284
12.25940681907711
6.523059095926478
21.04066270098816
14.336092216385257
10.145850073809168
16.026172448489305
21.450865196370287
8.666887664699384
10.188117203861571
8.690181448661964
4.568061639294059
5.140519707717274
11.8453757779058
16.78686419248925
17.863084910651448
10.955660910690305
4.162257700547122
12.774659970868578
4.635440774512239
16.254939385248058
22.53854337138918
18.027243360156525
14.569688842438254
10.221836226616782
14.246252897218874
22.20338609285132
12.323488229969639
22.911896825881083
18.62011547390354
9.779001355821126
12.182777388459282
4.334775550801805
22.857298885516894
12.187899009783154
8.968498776398626
14.969808770766091
10.982237016799745
6.186834212376701
23.147381931741712
15.136531418391622
14.385076653115442
7.0395792703350555
14.746350665804785
17.30004191400367
28.9721966723372
9.486126368822095
10.049196075131746
9.102939400306344
14.301791031134755
15.754987501118446
18.460435166831346
4.503390257138575
20.262819375360028
18.02228106877638
8.468903728973377
16.654078524820378
18.22372820847116
28.37503427309644
13.436200623970116
17.202251017373342
23.70916413284266
13.888213779331842
10.66021951562476
7.946290250158507
24.884481371395974
18.26354995198895
7.206358375982708
4.146338132155363
19.23231978608187
8.347135281214062
5.731925247514767
9.254717856270547
28.120269435950892
11.925594143171963
13.864306946086211
14.007297668904
9.83209704893865
7.9693530512829325
27.79384167291661
10.773765231625633
12.822723274944908
9.964333146678063
7.069792165195319
3.8455209741884673
24.3399193455599
15.76237616457755
5.344213193570459
11.678342432725787
12.495296965249146
13.398401703912253
13.793888180341439
18.242492555187223
6.7743770500624105
15.023895241419545
26.345397465312253
4.549163101373614
13.525665345547392
6.116365608355958
26.73708414695261
25.855626701738743
22.49526591307387
10.566291821962006
21.39093947887699
18.75764084896394
1.5047685887144453
2.6603515645544853
2.20116252701886
25.075467004626383
24.035014138557898
8.15690314144613
18.33523854646511
15.93686322146421
11.96544209627751
8.154825768191348
21.489184544883717
4.428041864777832
7.65526435237872
30.151773306217358
13.509521531503706
13.015031069812501
6.5136726688662785
12.58953579068831
10.954995993046932
9.135519867599099
8.81691153595405
6.883845652903196
10.471964627635653
9.84331370004352
10.818165182780481
9.713172124313248
7.5296450019023675
7.077870643886153
4.88713679530069
5.466526701468222
8.066022585083786
8.98131752058435
10.293740789104385
3.032899703348617
10.3703824238631
20.792683044508983
8.440953357492164
23.089896226686673
13.785715596666105
2.226131566604809
12.048448406794536
12.44193902577107
9.761872656702623
7.972165635511352
7.112159640572916
13.315542030486158
13.297538638030636
9.323825928739303
12.106616987689769
2.1417131945061065
9.216612891943916
4.2851654621066375
5.90239053366254
12.199187472032266
11.591492113276363
4.826316670356047
8.732412921435136
26.09198536710059
5.381190943362637
4.444499498106702
7.8839150244385845
10.619828640700291
9.520639428185264
10.910237170160908
16.897226789060767
8.436427113623315
0.33625410772626146
12.618976961101806
5.229828010698702
6.16069137335818
15.346545398269843
7.1824238709630475
3.9441691003360133
13.913015505701452
8.610719113504054
9.829763087810667
5.207563755178232
10.094126538805595
10.565601364284932
2.824709927572627
10.603564163926686
11.303267991862892
16.14700948564162
10.648934395907453
7.6308546022701975
4.778849457508958
5.691239821909669
5.015119125880579
14.345362033962461
4.117816554587973
3.6214179113468887
4.163334932688389
8.95924469603112
12.808473234026025
12.784758732399474
5.460788631899028
9.793694992041747
5.725561650742724
7.83953180318187
6.054751349946357
6.68438734752549
0.7953810030160384
7.961799303910256
6.9059583806353615
7.030446635732341
7.095779425157408
6.506808755491186
15.390803372837972
13.420275246969748
10.793545938615134
4.826813761388572
4.094732422589884
2.702241749024157
10.1360591113528
1.549116125440299
4.4904252120986285
2.290325989013831
11.087137333188306
17.320632926704988
14.837127890218069
8.43385636244019
3.310538597960818
7.808071996496252
2.4407124153057445
11.439769548414743
7.091278224919891
9.939797164055163
9.29219281325656
2.7634299625910637
7.520819796433087
14.931329702076848
9.309946308619146
7.610868850178655
2.7203110590195148
3.7478577945124205
3.3637258062277957
4.661328195717776
5.271908424077441
8.888582169187936
12.274447689646829
7.9548236731640465
2.457211124882183
15.26692497402794
10.36638715853711
20.806369030248863
6.005257430264764
8.989112343958384
10.565319531891998
12.014994499131236
18.778484863693567
3.4366006147978423
6.947837417632802
6.254569865502046
11.201177602014434
2.5051495637929
1.3308667396122957
15.074021915349638
19.105365323297704
11.35364898716041
4.680749051263891
6.550284153516938
8.46239636267282
9.506297239108322
8.322936263940376
9.790701318676504
9.619423357092993
11.025881793950045
6.589274055452713
1.1678636789079684
4.1476810761822485
6.613051546127108
8.824596999727481
8.169911267231484
4.763017331928676
7.217730088462589
10.087122797470936
6.203508780511622
2.2640599190597768
11.825077300592914
20.45309267676831
5.20839850467583
4.527279288480605
4.53931146345109
10.093025904648798
2.5775612994118844
2.1893307166853617
3.9999523271229886
6.172494205623007
9.548105162259185
3.3236994841765193
5.288403243671326
2.2954120953230523
0.7118595130569506
5.4652715507160226
4.901541392126779
2.680765000358344
12.192711090940627
11.563956691817351
6.6847834774912
3.567411604168548
2.8414960555104836
5.267786349251951
6.8100192588320825
1.5407055686452866
7.105329910173381
5.07116464689853
8.427325913667909
4.014391396001553
7.0839693373469945
4.715197131258277
4.639473472247492
4.991704577986987
5.754196633569481
4.158680601987384
5.563128366055623
6.939012064088128
3.8558904084678276
10.514755717700876
4.606919804590408
10.856673633771717
7.264552026688937
6.701075384077558
6.016308855322337
4.568717564081682
5.5544580707134
12.46610265071842
4.990742161914813
3.2417732991694934
6.727488671000874
12.250019004297759
7.936216075078263
7.102075231380385
1.997338316900932
3.6309843272923583
1.7001058347968594
9.425340746506537
7.074828605671204
7.122843195763576
4.908874617272098
2.0774218154841244
6.826942837866746
6.741089008659175
8.257718597544352
6.064172578101414
7.646599914799116
11.022773691229599
9.960443994608644
2.3845940157129144
7.7557256719029875
1.6915454202635922
7.398857574547425
6.476199602674986
6.349507672245644
1.9209614045332313
2.9496076048741795
3.3256330247721784
12.12271140684449
14.367711919463074
8.766457606855067
3.7911269309258198
7.705532507570058
5.003305651111063
9.095546629962277
6.370900230324434
2.0999289032279287
6.374674064378825
2.7865806058212614
3.715168715344879
7.7880845724853565
1.462032360139565
2.5908926429372316
4.624491654118299
13.335614517922988
9.537971921956537
4.576428526551831
1.2952779345196983
14.583753475239785
6.010430363847283
10.682234066425705
5.637218404081946
4.653759024694307
4.791776400496685
3.4196585994682613
4.204325028119343
0.24841489990973212
4.223272673873906
7.048107931610426
3.7456706328298845
4.731587178801681
3.7124445487644526
2.2065525210143173
5.912303134908691
10.300306937064011
2.8653072948844978
1.7815919294786464
3.9235222046314515
7.397762166703743
1.7529951354022213
3.811010186343262
9.74727020651001
9.670394819531433
6.621811319612641
6.662120817339274
2.6111968801510055
10.177819547585921
6.97696596493549
8.847796693957934
15.748393812335681
3.352494939037845
11.152340156085119
3.1614761161341995
2.6411974793359105
13.170176662322861
3.565125635281022
2.244771681097748
7.200689051069297
8.455971399630622
11.937297533215078
4.403515212999311
7.213648833569033
3.1251051564497407
8.360837865372517
7.667848110730901
7.219948593443359
10.129666746373886
13.176630828112549
4.7209049804050345
1.8692762001535792
4.870055514756223
5.013995254808842
11.739904918104834
17.30433574474261
9.128244409387257
7.6710620322743654
1.3613279652081225
9.079154056232351
3.6313387009159688
2.8908796779986345
1.8234542532242108
2.238099171366682
6.155670530702412
7.214769228761301
1.9383739236012167
11.519075948298246
4.3864338476442555
8.1549260647648
12.408554411858864
4.3943397254820695
4.327312754347075
3.679878091588146
4.855836262248519
8.326257248648359
6.127670594749512
5.604636866580845
5.465888510328306
2.324853096067011
4.785289996571217
193.383
50.043763779016935
40.06402585750916
26.37270665574956
50.318733181988534
88.49165340030231
116.44424219421327
41.24665244752535
103.47807738078957
91.75071453580178
138.2823788516019
160.9997148723049
536.4557623594759
252.93037380524586
63.461619009964004
156.45114989753114
157.28350242816649
14.808425073550648
298.0806462775604
123.06976146770066
117.16085860461072
231.76381570417317
150.39751202510294
207.40552643498097
156.8822913620825
219.8951716385221
107.36276268214215
37.00676565016366
217.4612594863384
103.76522703517071
121.73488331908212
232.56237919789572
122.80221598895189
163.8504086556173
193.01407906103077
157.39959066001526
546.4498164425943
307.0719961297551
78.63500369528403
227.45534040805308
238.4698444820505
138.16763745982533
356.6297819839828
316.5473397323385
208.73865097966706
202.45486416445144
312.290130812375
153.26935880420316
193.70592644570692
193.92038011272848
292.78387006146164
210.11481582537866
212.56143084728794
222.52350000030341
155.27375396289338
350.30157462665966
97.68472581499219
14.072611053411155
50.38843249508188
126.082824233199
267.2473594896493
373.7010787887994
186.17584328647348
277.93855111585594
235.72284605976347
211.26923243762087
169.3182705417346
351.63295250652584
261.7010683386471
87.05993212882053
117.68676694985166
108.31862812630631
112.08579069894927
69.4459971941934
159.81908302484968
153.00704134084722
114.4722473401946
207.30053714212406
170.52324794020285
218.52572691834507
183.61077153175353
81.69550306730751
15.616103268664043
65.30911464707893
38.65235708891405
73.46873204070003
192.3368814904392
131.319749219609
150.8959964793013
37.4056195591878
155.42808302530852
153.2939074266665
57.958309503512275
115.92442762166016
77.11174277149895
95.95294600259308
46.64623683675778
130.54400665718055
167.76972920273096
99.57345622414282
218.43084713764458
44.3348781907801
168.86312586819403
141.57921353334365
176.3936991637918
126.0801191839657
173.35960537016135
81.5972930921877
84.90913873645302
62.15414359305234
30.70482659482212
113.77964322090205
24.775713569007063
81.56485035390298
81.39514123743696
43.77232884067362
29.441860630778258
101.3383245576361
26.49187659383608
43.84086403152211
38.95854133859951
9.720976182069041
42.129376792645495
22.97380998349627
117.124151073889
53.64716744033262
138.01452198653217
25.830833614415
57.78261553846621
58.989034243804184
83.5283805085286
40.08061551549095
55.896698110637566
89.85414855625453
98.06296885318766
112.77650726244731
47.00838048250111
10.04521002746864
34.72139105630775
85.84368486981784
37.264388575445416
79.46133261745017
99.6158813773281
65.24778664807371
15.393579122320023
90.70400161692658
91.44351290886028
28.953669348456287
58.4425473028732
56.481977284070666
80.91583198296229
35.01500592701136
30.690908738994647
48.850584727233986
72.3813905343967
58.42980037068624
53.02677129113936
58.53138744198249
84.0472930287431
7.370305050938635
63.054235921114675
36.56702660794857
34.75913391841554
52.86513288325475
68.0526027745127
9.672610550899003
71.79872387402105
68.3314104469396
26.364991386509907
69.79967256759389
58.34867621018046
42.68369554638582
36.55727571358966
17.588148389148884
36.358829508255276
10.752447842769673
27.079259845642692
51.21454730583191
26.139905049688114
29.51951899307888
71.61843753455823
40.153833678243856
21.13707749466825
6.273179384356569
19.80834694500657
52.31091496948201
35.661481340003185
55.092647117798926
11.546626119713643
16.60746368654518
22.578333805419827
62.18324290485385
37.10606644816648
42.009268552077685
59.008236610791826
27.15714058664839
23.88751904659662
11.570540488693212
47.86306009618801
15.27395661253129
82.35041916277083
62.813316687971
24.069693181086063
51.60127695008315
38.95116707664258
14.775825809822706
30.704425500117647
17.604074882972046
29.893820189357463
33.89198990298699
24.150615992806372
30.372249623969005
22.04718094848148
14.341577242982291
18.595607439591323
59.88203111887453
24.689049454402323
26.41119136745996
22.410445720479505
55.44042585649259
32.786162245869214
10.992348137667552
31.08068685822079
15.401683692387643
29.202081603823242
16.380536212607332
21.962579162545758
62.88634266015985
9.843539724081063
24.366598099056258
10.953963331034863
22.36558408732525
53.617645839168155
23.943778301941993
21.14854983513091
19.738135472917648
38.53380038277952
13.967684459639406
15.456793991732814
7.217297537319821
19.752336511077583
38.68631207677061
40.10957920982972
13.74499298173101
16.71716058263191
21.961038945985482
60.036357031468285
34.13640529584076
18.45182485528886
25.907948396224693
21.83165388551559
39.0141829711241
41.556112114040154
27.837081268630573
27.42920191440884
16.208838290881815
19.596546358840207
14.009906067708178
9.756680790741823
24.167337830204282
37.93421353335943
33.12051600935725
39.529478800533084
17.703513673588255
40.870096938100204
26.971509185621382
27.603785582675993
9.329026120088653
32.71117511377995
31.732372096865127
32.666426978899615
56.104983724178844
17.79945079949479
71.96385385849943
26.27746906030332
37.90325894803072
16.660099472407136
34.59810648785651
2.2307977463420006
19.892462423897584
16.222675949996727
30.083063344907504
22.55468561536093
37.1520637168877
21.83412434436632
15.565579766995933
22.689612329293976
31.972245858598853
19.488908434200326
20.467310274728078
34.43761977546333
11.385043240927333
28.355573732681208
30.66606917327794
23.46196809236163
34.76703638586883
30.323394785418838
13.918571695889405
9.161668762333374
3.775936422760228
24.744646124963502
21.57213845476799
16.929248843000952
17.716205771761626
34.65853163495675
10.406591230294184
49.25916939518995
12.171362637949883
15.310080497566005
55.0625860786057
10.52267140555639
34.942602246696545
26.31817599725008
57.519558723594656
5.277401695227835
7.574548892568366
31.20730937236172
10.211524193368236
7.703304117712539
22.581758225092784
23.09929369297279
44.28131008348111
31.028994966900743
16.991512296003837
50.05518335000024
11.638363275069239
54.48513068825154
33.43828983164168
40.3176865108167
70.66727422360078
41.03563274060576
28.392790648706477
10.656540257529693
16.02636775199626
12.827803467938784
38.60695227592813
53.97864768181164
15.315729793458098
11.272567932625474
36.58174740379351
20.68191398221071
29.079698594075946
9.587742596234936
21.39937253316414
11.08411178980425
18.408303137717887
14.783069209577315
33.65483741445729
1.1927170278299468
17.838623650584513
32.115297961080216
16.24301421908384
26.005201192180156
22.92210622187627
33.00394539961192
7.09201845798602
33.023671795646216
8.823979354223669
40.232837601924416
25.12208952703599
21.024270682584763
15.562150325149128
5.3072653872830635
26.78427560791829
17.510706666228412
1.2592944537966801
3.883256228470413
30.60516251055574
5.9258559151131855
18.917256907342534
11.637532824101962
16.40985634776248
19.331652143907018
12.886964194581914
24.88611134446034
12.315655186827755
17.11788009361223
3.194550660042566
29.008956571335226
9.190657347598025
9.546989496643988
27.795856918141425
3.4119933025626534
27.812933792052416
35.39064166534231
7.655376466234156
14.547514266834721
17.248009490369196
30.61492223496165
37.45280631867602
10.675940893064649
7.095788983793763
5.140937022929083
18.991754953263047
22.03161813115928
19.46660307430116
11.192118226111942
24.61392874984482
21.014751490274083
16.281442977510512
18.043859537257653
16.241541256038705
7.629930430687397
25.66119180458645
24.44184923916505
39.513856076293074
40.729400168719366
17.860635046989938
23.621412008747253
29.87807408290478
27.006601535052674
13.132725778235846
5.636668842778453
18.161430199745997
9.916341768624285
22.268286021619947
7.366013062065152
14.210787761101502
35.57128270494082
13.646157869071088
8.499616180397304
16.955975787018797
14.918339628042615
30.428786975623915
6.353104761918489
23.457826647389762
25.92166251742356
17.94189435487024
17.511575346335302
46.61515015060875
37.41997226190577
4.575116390872797
9.296795454753687
5.5511522406895
25.16106305174622
5.331037299932728
14.496895656275
25.330520032661664
17.136219696994964
28.17641986864901
1.7087625672322155
11.57794402052749
0.31680536764923645
17.13722209658732
20.650999254477817
35.23580110751267
18.94321295319354
15.645384882190008
46.39109815437511
4.714347110275954
10.431664475600995
11.55240062583559
30.176630581665126
16.26271959567269
43.09196023772826
25.76008079289634
12.856928592204364
29.421197166972995
30.50001814759849
16.26226448925403
11.724128538798654
2.3361224993672205
26.575776420818798
11.321339727931848
4.802365335352668
18.04996798202609
10.919567162688558
32.47335246216918
11.321279385317164
6.895633756687444
25.05655715546177
4.163369658215371
22.151571716736964
38.64876353802084
35.365653643716385
7.718735507138797
9.812927444179412
26.14495004706455
17.0034848256317
2.1993003573485823
20.713619010998205
5.008603662346899
20.504713397185334
11.160523870996224
16.404107650756902
11.865792281715757
14.332577339544859
14.382675024113812
13.664104038791502
13.34041380061531
17.309201945123615
9.727114661674538
2.0782865691359214
17.308198922605015
12.937418708992851
32.68043040259925
5.069500758737796
8.272423518566193
23.82906797358284
22.1860942470198
21.415166022915432
8.350661777583136
23.99321039831826
7.818654256001352
14.859629996702093
15.996643617914529
31.295472007614116
17.526326159621295
26.34199121218248
7.114681866155512
7.2229966213105135
18.58656683073711
2.4502569289880642
14.954531090681968
9.689476250858537
16.53874029138501
1.7838708876017044
18.594874127464003
5.110351327062939
4.3129515225034885
17.771079333618104
8.48025815984069
16.444373442073587
9.610548671311701
3.9099264635322957
23.135573758762895
2.08515905786921
18.98229763861147
22.554097811469408
10.238516780682124
26.47407010476658
2.9114633507314482
38.47181729716969
14.72467466713375
15.367410265400862
25.506618996443084
23.918248241784532
14.929825707005936
16.5920236108085
32.88547261932968
1.6950453952795472
5.855439120246143
14.137347792577685
10.756855961571988
2.7234786056381046
5.633748340170709
12.897438433695829
16.446432997505816
8.380493015088748
7.623885917983767
10.539067777223673
15.519676101519142
8.800780411302258
18.13006969811148
2.894953055741294
8.566945152861996
8.877758114682017
12.556162752414048
22.948219682877518
24.136914628815397
18.459543039385707
14.8871835748415
11.338930296743746
6.1104158791572365
20.779363639795463
44.42093255927171
9.757109187935786
2.179839246217408
12.662890574176132
16.32660836329174
11.100686128665789
13.090752761238319
16.089400694455218
26.43282568154523
24.74615524526616
1.3990287554167522
9.25470499984851
23.533762293807076
6.609498769094829
18.241317996514013
11.258894246154759
14.666931747178419
3.5991095224186305
3.3875529699693874
23.911135034659736
12.781276196877167
13.801983394650058
5.8561462328376495
8.300533981074256
16.83810145673234
3.8535979263566422
7.5981777112280575
15.048055103553247
19.490448354064494
11.917638560567275
8.819093136007725
14.649477807384129
19.54644259878184
12.035997532540552
13.137159132931012
32.14422327332748
15.279921119739623
4.506394299001896
27.262144204026438
15.306137303735415
12.175077749565936
13.712098407650938
10.476425329257875
5.679659202857509
5.432008856952664
11.556001356832454
13.093688907518453
9.129628586656917
27.34388856966187
21.83700392971061
5.845565504165409
12.234503961663886
4.41133124847323
12.064246136152677
18.47132091287176
16.36694278296306
13.145090312852933
21.844935082183408
15.836971325621704
15.749556425694244
12.920517234282087
11.659207938101888
7.069061904703501
2.1108798508434607
7.747756956643727
7.350323887186733
12.30226913899894
14.569931824415507
19.94000252768176
9.486960095760237
6.248809338196563
6.906857944900874
18.690780536009523
5.003827217734692
11.407251559556455
13.136530198332666
7.526080631135601
8.650747113996427
12.262544134659846
7.768999659127999
7.689495078518483
23.389009748983234
15.133099378758951
24.783139958115314
8.044462727324149
15.735839366148374
13.17742377160079
8.613483452992305
11.429154670840854
5.873692747056688
5.505141778553193
9.127732421386366
12.252376668587493
21.836160732709534
7.34522134439867
9.35269615099311
10.382531877859131
6.145460770613114
5.9458174496019085
6.936268528298302
10.227964202816715
15.74395380296089
13.251577378431408
6.6852942897893355
6.023016784500408
3.5775919832819567
5.123235841509931
5.974801165101994
11.657300512204985
15.645732871895499
15.68475962407008
5.037775667735691
5.433296493748727
12.776990915441926
9.25742894994032
6.019230634983612
4.128366953652412
2.32258602915206
4.1117131094789015
1.8253577498818645
3.5966709368357552
13.791082075715023
1.339898156645628
5.755570591049612
7.223625019283503
10.967910156545718
13.688220800582704
12.329544142305416
10.450402611745417
9.615656557961625
10.809892709271542
18.702724398974205
9.939524528239346
9.896177188769764
3.045444201165764
26.78467787739853
2.2018709197188033
13.879679286124844
8.298840437990421
11.686790702347537
13.688822210063574
12.141705330421546
13.300064223177811
11.954320701319766
2.909186607270503
3.1040230588171744
6.134993675235337
7.404792417176137
7.525380115097778
12.302484411159313
13.00213923967708
7.58276761185112
0.3088177567581854
6.494200386182898
17.69235327605261
17.780391325466134
6.9880040051444094
16.00266933022924
13.33635544160182
6.839045224448716
7.33435978583117
11.384120531638455
6.969628254118523
5.436921586568617
9.065916057657386
8.09350676035756
10.904671900680558
9.946017137437885
22.54834736102719
17.617965940207224
11.511417154221633
8.743858794084453
9.07867013500074
5.071962836421475
0.35609212059020284
15.02219112244808
14.511876825404213
6.322627209251325
11.908084122648964
8.518840756900358
0.41334919950481785
11.229999406920191
6.19535647163524
14.497077047318058
10.835594091608337
15.123032860233435
2.2434336469167446
14.597077556114932
8.16573383670024
19.265594290848533
4.3398206674126065
12.537021591053295
9.751973351484352
7.635387265270443
9.211893066116144
9.165697498741906
5.8767352743193095
9.439095245768288
5.753850141507557
4.233912161756419
4.348889257119478
5.140194167010006
10.688982763020384
8.927500136523232
11.149567787700907
10.042583889415761
13.343781323096819
4.0779810965620085
8.148993666520749
19.29741937980569
5.646636324468556
2.5976425917814456
6.036136512342079
5.76633444730071
12.66112069836909
1.7391726515194932
13.735450508837983
15.718992186779452
9.162966472827257
8.138253076761687
6.063878653049657
11.75938776325126
4.87285944736392
2.7091689416275324
9.75241007167367
9.281358976284773
7.82276798349805
16.89175334679586
9.189552765825157
9.53389630074293
0.8035845783527205
9.990742040000733
14.584037637096142
8.694183475793368
12.088650175831656
11.829878220885224
8.171982892392078
7.099622639621731
10.277049424486297
6.387323137315851
10.393869270140383
10.2873886020058
4.600945669326456
8.436494865079801
12.515764360447413
6.080922919250049
5.63097456621015
6.797320205896895
3.9909785157421793
13.11209382204186
6.9450625756240125
3.26539626132558
13.950092330680857
8.574845121376098
11.475027075634715
6.841366778407747
14.322837595972455
8.402095074236042
5.729046228775805
16.95793920458657
14.42010359941371
8.636323417521961
8.947937452221568
1.688880881041032
16.60707135896082
6.872448847748103
1.0066240000588405
8.756861138326355
2.1232066172175443
5.4395223853690755
8.706510327021041
5.8600313215166375
5.747250461162849
9.058184016589154
7.821622582326835
7.584009225599123
9.391529287905154
12.518983445198534
5.277447008045681
12.223852399134921
5.6532238022293075
11.715444404955608
5.918481906822473
10.073654342277198
6.4490901916814645
12.74386793726939
3.0015784453753973
3.2291562800552676
9.242168327977689
0.6060470311475687
8.893128526755575
3.736080013432093
2.5653033950798454
5.74000914950864
8.668436989548182
10.39086849818675
5.16752705280718
6.395937117414857
9.137383251541248
9.511375029662245
3.733537672722844
2.8517258457661967
7.219292487240083
10.427750081144405
6.592504800235485
4.790870064237918
13.076630388252333
9.044866584367066
6.053535840598467
3.5870919114728146
9.129155416662808
9.945199156822294
1.252601166006236
7.33165371087959
1.561329804757227
7.020476448308519
4.904493599730989
7.393800855068779
11.789977613808192
2.285784267791798
10.013306879503814
7.970150016230275
0.47296615732504615
6.949954927392524
4.264950249093409
9.975082316826501
12.606412889688833
4.269758559792796
9.233007032078268
4.333594266039622
7.47131345206748
6.613092087524273
2.4225224642480327
5.1380096722389395
2.525324900138676
11.635812738647832
7.001972271346733
8.305706693270041
4.3538821612177685
15.251252060272362
10.896692106576069
10.441416600065002
2.5246186562863793
6.941390708532529
3.966495028766729
5.970901797052911
11.218431701115792
2.269245093241035
10.284222168157585
12.11136169963058
10.661645039028848
10.33424334128695
10.253714988375311
14.207460660059644
7.431189505151938
15.48870852195805
6.533245515947724
6.024521265193066
14.78865823203493
4.820906764650092
12.823119763354853
6.8862789434959994
8.772804112552096
8.261484998036908
4.268880146665593
4.768503253867319
13.570553106782656
8.0072247437056
6.622817115959834
4.637295783906274
5.6997542448624
3.4186726508250227
18.853921188934454
8.223305623240483
9.482001289705073
8.260151925878354
7.31770780032356
11.259305547068083
7.922239445351069
1.591368767417359
4.114147850770175
14.510670708054503
3.082857215908727
13.810922855646238
10.910792298811469
4.393812461765256
7.388321628663071
4.797525417623908
4.551008615013147
18.00378435911437
4.2138987726117145
6.673427516386123
4.98481416188898
6.565516416792407
3.734329980942398
4.665185699416445
3.9096581131083536
6.929122535800106
7.129873763978999
3.0017985111174452
3.1638781501750444
5.200472014208507
1.8501921951405678
2.937051029578327
6.957930374181113
12.726880823951527
5.997691490147281
9.709153772477704
2.1220943256594977
5.902796913898544
1.1135158472546292
3.8740441635950393
6.209735093082355
9.305511366650041
5.479535459265777
10.776522397147957
3.915917023411888
11.936898780074182
5.809703549294102
7.397571526140769
6.544940079761279
7.66133440026891
19.485842695860303
17.96871336621548
6.769683102545981
4.9153577911779545
5.063779830453729
4.58474368905316
4.048448097747729
5.288819715386076
8.04202081887657
3.9079924500067413
7.0312503139025555
1.1189922046067158
6.692934973696846
