253.9475
27.84086337794858
31.271393582751355
34.1673865117156
30.971197572086137
63.44266348043263
81.40613721325262
215.71365211677877
363.6347635024903
962.9872475149666
300.34191514072995
204.01117229063834
128.06024826542532
68.31175717195173
270.70739678262123
256.85944949166446
350.44696403450473
769.8821687613554
393.1795681314697
300.3087198389439
120.51197668687298
82.72442570642562
272.91270501023035
88.24796701853386
166.97749542508447
154.8245580866225
221.6017657817883
136.50710091329228
47.60119054684148
103.22227486270752
187.62210312672306
229.45284928840553
108.96748028466611
135.18985093982403
149.77218069915855
290.1738434838466
102.28722158014335
240.4102769892506
136.057731797955
44.25625846941022
165.3216371906526
169.50790549564573
91.72819187741014
246.93909814212387
308.76237831038407
269.58094364517143
305.69425440665646
99.28630139226397
273.1898246797748
180.11387635988467
345.609509977778
102.72872901278237
214.02250489493875
202.75003817436584
32.474353344902106
115.63411095078712
170.35976866456556
107.80559004708958
245.01990660093358
203.20848847090983
71.67655743757638
109.53249059644143
42.44835018452192
6.665474350953694
182.3855715317389
44.03547172313964
77.10861373853304
129.6880842985613
283.18027539151177
416.0899639338379
287.8316589445199
40.266448360218774
136.04670443873925
126.35705141879255
271.69161934373244
91.42040550475595
189.57461368150385
68.57187547946036
123.88108501817602
170.06193766421444
58.875468616200465
210.51067081881166
147.1544388857168
35.06437509650672
126.40029779465573
135.1027481966808
209.94278170259307
265.07766152185684
55.42195807548666
379.9531240635804
165.30911081592427
164.6832467470771
163.25638024452252
87.1737751674218
140.96916163377105
100.88310009228042
108.91887560397059
123.57641951931096
153.53188811390623
159.36591419494505
326.66881046534957
15.200592456358772
124.43323301702276
76.81343284628775
54.16324867589025
103.22566646418205
101.21547617567282
140.54429927192322
103.89346573499712
83.46678821350284
18.050452979750357
73.66545407691231
71.44831561593904
39.4869423737633
24.053922838461595
79.81010279025985
88.20857083585894
38.98791842370178
40.75449490149577
94.84783778452382
123.00699854681383
51.2252610044639
50.51576523256801
90.94789466763085
115.13272000262454
138.70752650768677
13.263937443017342
78.17331130832082
133.92806652284295
36.774688660483086
88.21038724676917
48.75997455839113
103.22046655467773
75.86789079422398
23.313923571817547
125.4658286859421
55.194983195448906
55.0999389481084
94.09612281600464
86.0114296947887
48.35775572770266
97.0220079358495
68.55694726636463
30.428957487728876
67.76078163901066
32.25705316540674
77.68599700953689
36.93473627950836
34.38987290385982
18.543154553991165
100.45064865428915
71.12735242104108
59.922371771187805
47.09675560092894
103.03032414962756
36.08546093332894
22.26619187520544
71.86730575977872
18.08893363084674
52.3502128858419
24.12955855296825
33.751978057326355
35.55581245875196
26.31409552179486
52.477491742090905
16.04630902025524
49.335385690704804
97.19682780340251
35.8941667846387
22.14038065959356
3.5957853926212344
19.002411058260602
2.56842310406286
6.846278730430805
48.84125171388865
53.14006481988858
39.75470799889835
17.9220517878255
76.34472886379514
58.56919820615657
49.1732476973833
35.32946193681708
26.602735938854792
45.15845947949629
72.26205225217106
44.50389083931253
38.15650327973536
26.085298569651478
11.33160034152121
14.396534673237612
6.333669328583725
46.433466858764916
46.14829675571304
52.194384664466135
30.5231107777963
21.989786702007727
26.06393272885324
22.5679129623426
49.401487147209245
10.506472752745156
93.6279542496981
52.95476148745348
18.27399244533683
47.38896765621343
26.967404471289786
84.26171545779431
13.616853576137869
64.85513161379818
46.83502373045949
26.835604611478736
41.07101763485755
23.40873492239239
37.21101788786112
51.410179754113344
28.386750336256405
20.934682232847212
52.76601127149898
35.08297424831256
46.32232964213198
25.0441980192502
27.22374795232378
33.16494839837848
12.865959588483243
12.696149804079763
29.21369913159267
29.92284857817277
47.55712306299996
54.87975173378667
6.015401241300438
36.269260856443246
24.42150831791673
36.89333457801989
54.27379274936532
36.54661731743972
57.31805518834991
4.356770008420605
20.740544627957956
19.73180532436002
36.53586317698645
13.965259398424996
20.222574917643648
17.620864231453595
36.16932578221129
33.464895266005634
6.096484943869036
38.67291248116841
13.687061378999903
9.199790001891978
35.888201961422766
53.067884109793496
42.334437837446565
27.540184226862298
23.035099273900837
38.006583618568364
40.51917521213006
36.520059100222085
35.300089645535394
14.679337978774607
11.561124003638056
27.39561068377019
26.632497905375935
13.561902608422965
16.713499246078737
27.323975521871063
32.425982883658165
30.923908638898855
8.201120407500829
19.264568112577617
46.06681763228495
40.93796456969265
13.04797031218263
28.410321204081423
42.906725485715064
19.058341134830762
30.66945309407935
21.014776920021376
45.06105961354929
34.948880593325065
33.8081019377613
14.794868310069512
4.8778908324609
23.555687610642497
4.724049207089039
43.18321927355776
16.507822380762892
23.579417595346147
44.26396467600252
38.206678675785014
30.04060458169626
21.857104820349797
13.873948054114447
29.979035091851337
38.38351959293081
61.23815429219545
25.886944276775147
12.147666828941345
20.973893471712067
5.329900575576216
21.452765228550795
29.236711866071936
40.668557194186356
28.966592591078204
21.686927622446852
24.4792256662888
9.518846414353067
23.67508974221123
39.15511482732106
59.69124381184935
28.225973470048
12.90729223780674
15.599677731629413
13.58803926349556
5.144409828867219
10.729443339206837
9.447726433656813
4.792555734191109
24.722441165742534
25.817785180997756
38.59416118560415
7.551495254866239
16.146771472986703
26.61976276766831
11.296415070739437
40.91515027226094
32.175640464877894
9.777076404546833
24.37090474753318
20.516140977093414
19.153718860935484
13.378278364151212
48.01754687193718
34.59400453703021
12.149066498967056
25.950856410530992
38.48564313672046
26.998599872604125
17.654308100097825
3.6896690455575363
28.67810765117488
32.8324001874096
23.65616793941063
13.313380693460378
8.532078334871558
19.25791417679123
23.219014298179115
17.4206358673898
15.830231413654234
19.198684272860294
41.66006237320828
24.164503019657033
55.13939368973215
2.383681771248934
21.330592105447614
10.703894176865813
10.82985005964676
16.703287784645106
38.76242526790039
5.43650384496999
25.081070688443145
17.184237709512065
25.872071315301927
10.792424657095475
22.54427131767815
13.95166624377746
15.273044630541213
20.611584370507785
24.050113313745502
10.686906569813317
13.065205106548795
22.789930227259322
8.42157543866481
32.43303621844567
25.60860076783771
18.365212741117833
34.28737556486979
29.49380886306522
28.04909907995007
14.440588064076007
52.00623889287857
22.961631848237314
4.949765202712527
24.209923854240326
24.5806404336164
14.752965078851044
16.437512947134174
35.018608227275486
30.467175895259363
4.673654063667218
25.184655245620853
23.474497557515857
36.24596236129757
13.776522209418811
2.428594511423389
5.282365297508331
37.30159259582756
13.99307898944539
28.405093167024923
20.457546818284282
26.44220366155509
14.323671467521182
16.0037588071321
11.599955316452942
9.905161844742084
13.579364844956244
11.300327894341713
11.85186617566259
46.55287922982634
16.148537025115534
8.810217301485634
8.547413900275025
31.395719888698324
24.97974190264149
21.842629484896097
17.383516278957888
18.672250889280225
13.242502368856725
8.060381763487445
8.686601790175079
13.751886673570278
33.76596701947649
36.17298752982231
29.708033930516628
21.303326707345388
22.814092598038613
15.37123535326565
19.127668382234035
13.577277988874776
8.521542715866184
11.52744148690925
6.712188064318905
7.302395273633996
14.618290648513144
24.34256464596275
15.33310297955423
24.73235421732098
19.723722325572474
6.46778763214033
14.11530010038975
42.06147318037533
21.034456536734638
33.5355248177545
6.224132272033661
18.880455833207712
31.769945928485637
24.822304608301714
12.007597137258339
14.461623237851862
14.771946834032036
19.29293947844284
12.088593549799025
28.765893470986175
34.03401066721718
14.109207183783614
21.501332032929856
18.980309796697558
12.213011517807452
18.877946647806105
11.976778535348785
15.96143044470905
32.252587318682984
2.0681036570074744
17.86466828044767
18.414588460659022
6.684020379420782
26.84302196845366
37.18313986277845
21.129469172887113
10.452263002493035
17.609521235431863
8.518880701032362
6.084828421309568
35.029486103365635
14.068428522055864
28.682130858101033
21.900667638461144
0.8114782475515667
10.92121422103801
27.73479705427658
6.699708752446904
25.424231718986576
14.764999799097724
12.326041379952262
30.394006300917837
15.769978303175126
27.561027684417116
13.024145018922793
27.487805177801768
31.330951489375913
2.3633271703614396
2.953252009494569
14.581270331366541
29.00171726684124
19.865414950075767
6.397201742425566
23.027428762977618
27.204582450954415
25.211412861983476
24.022044956460114
10.279295838642973
18.202909455560047
28.474313456509943
8.391603379449004
5.803779640260338
14.420539125650432
20.31298422434943
19.49345678723948
19.484944114924083
8.344482982839214
4.32630085008899
14.511630309022557
11.864187360323053
24.201261898583336
21.98866789534712
28.575670594424952
8.453506947949862
14.924477777365258
14.596631001562171
25.537605419047235
12.296203256516398
12.692964634516992
24.0502778419976
17.56344748303298
4.6851375801189015
13.574016793145226
16.66752358045218
17.535692586559257
14.32960530176963
15.531735970041131
7.18341590318311
13.51220378831552
30.363772532657325
12.881458457155095
26.82185478948346
5.748888388462616
7.475311425273331
22.96720434762255
4.159042247157808
2.4274941830824956
3.9712863667101765
21.430877349164167
16.629070445922714
25.71060387529144
19.789793205794666
16.695248292170003
14.823235250234893
17.997012357791483
8.39018192697511
18.124524774066643
9.297507283041874
37.34902679949935
27.875609729485344
28.91872482011006
28.712062742956842
12.224370255372014
16.907733633716155
17.836410611357035
37.60273454118091
21.09124214138251
24.188870111733173
16.14494455422986
24.957711354311172
37.24047176438168
24.493289219985787
16.71821806972217
24.038844327516117
8.279437435829932
19.860398631812803
20.97182083875752
30.870179452642642
25.248475621652663
17.33771924535818
10.098778355617391
13.77232783386448
7.976322872351666
37.29765764961656
20.898662630893977
38.30453315431754
27.46916647680479
30.879697192447647
4.834746526918268
28.521413630171566
8.28475418677751
26.83188543582614
43.38631202067585
20.174955794140306
23.64978662054066
28.878239479054443
7.098512228124911
7.482473926823595
13.652385988944689
5.531809271029602
13.936332696552459
19.058478527965654
5.2049858398267554
4.510359854690346
21.251584801039048
15.13111451122186
23.278763225395707
40.1819488473555
27.605426318948417
3.1254184518874797
35.112755598268635
18.46317547022547
15.470407268431995
16.21450825100371
17.837782678641698
30.28332799213034
29.234060723051844
36.377115911568154
19.496456997682913
20.204610983195725
16.422730790340268
3.754844238183106
25.01986786157587
4.717415689730135
11.938028503863789
11.155310187222968
33.42156619532475
13.492831573257837
14.21074276217468
26.64709458732577
20.58566017969713
7.619794989901096
11.405765896856105
19.78919018918152
29.39978482522149
27.20016405652716
20.220073306132043
4.168511483228328
16.56614699197627
10.469131620176222
12.496663189985492
33.50030059032406
9.336900689011971
13.841623506974294
16.058550570843064
15.012724853178707
31.829235518498578
26.7951620287453
19.09408146628837
14.693020487596861
17.959718535566516
16.984608526655084
15.454307382044004
9.851151182139914
19.144653515346064
21.28708470479872
12.28421235981515
34.23869242506944
20.823491476066135
22.75549528620335
11.132765381789264
22.311817506325447
26.777240746092694
21.224227295191643
15.562522633712613
21.04108233809268
24.61317457914172
30.89448351993587
3.0470739689877195
37.924612297622936
27.45334523196053
39.6187534010019
25.930502633659465
6.05888903704278
20.93733811727991
27.61164561762848
39.594483791843054
25.669520060773273
3.92157801658081
20.950360816474955
9.372552405342844
4.067421609931179
11.74083133481775
32.57978596011385
31.911762936541113
28.248148431581182
33.010971940634676
8.143094405796367
13.19834007434842
14.981504499405913
25.3922419175298
9.964380594039332
16.138225278382198
27.473611889770588
35.491456695092744
25.88126607339227
7.948843603191604
14.212107905060419
12.034171208781103
30.61467465926993
22.19030282210066
24.282335245109326
24.92597616928816
10.470578106277554
14.226349069487153
17.60354297521883
9.73271847914652
10.681809370942094
20.876532280625938
27.193603208526667
27.929225034177346
2.342917450013251
19.59288261640328
24.16784211752431
9.720793999701842
8.581876255106744
22.770311371856646
6.072150672493723
4.417570520190454
5.998118756246116
20.558830442931182
8.194793976344044
2.208656453542862
11.874554499279581
23.667449948693058
19.85180408287803
3.6541259031956352
24.401529101131104
19.948430198279954
18.186224949580286
7.999925351960641
19.93960772123968
21.74640852044142
12.552616390772794
20.702917845753827
6.039617038434864
2.6164810957922153
9.905794980074857
18.41658250506738
19.660974890730362
26.043498156846884
16.37769551617712
29.868058403891556
25.694098911066526
27.13562803289586
14.0642517287891
21.308031839928603
23.221146836901955
24.663502235475697
26.988127262284657
18.090045858280842
13.215388501869743
20.745059037009415
43.50306452105009
36.312116826650914
28.09305773127467
23.860973209792597
8.444605019536722
23.330581653048153
15.570048581662007
34.00541393450215
15.142653906479119
23.748864557620756
10.46686908565807
19.617980579152913
22.417915122297035
7.697775883403427
19.353041175477305
23.48047897630421
12.868230136740403
11.274255833834628
12.78739900409598
23.015500299709352
24.27926942259855
27.108284288936886
29.346888813364224
21.839503464440227
15.103105688776756
12.942746166376601
21.880872310739708
3.6491177468395537
4.432959078456564
9.375180711662557
19.173727759017506
22.772964522777777
9.42372685046543
9.182962723104376
8.560760004805665
8.25021365826205
11.333730388464872
14.060642180067926
1.9965789049123912
7.564857319962203
1.8225813751293913
10.325388362661963
12.080483321631359
18.13373824042348
16.82839657670908
30.86855792873879
21.170162068289873
15.78673791250897
15.300274017611114
10.562795743630907
12.802898827768038
10.43529140896052
12.785818534111206
9.941311018885811
15.71971187627872
18.848934365202215
30.009734676115333
27.956979496886593
12.09697674234154
15.576019021637597
18.564883034060234
12.337920009379927
13.551277705701239
4.197789881444266
14.149328545772617
14.32382170273801
2.5209609090421488
18.44849425307157
6.34086266299643
11.098755856415456
13.32665616723347
14.765611951837062
19.078709680783962
21.756565542106873
27.161708210609095
24.52333159874514
7.949464006062396
10.678192925434994
24.082480692799614
11.045548231226203
10.085801272627059
9.987259193673587
6.722558677255081
9.872764854632827
15.063436351892172
6.618191926320835
13.814066948689955
4.158294366914972
13.766832159999272
13.306585307057079
10.28271857183499
1.5184496411735158
21.482989770306897
17.07186988183957
20.71003011097254
16.25137861206955
9.354350204146751
7.010287489102192
17.60532667356214
15.924607157255815
6.557988765447785
20.248515078396395
19.500562639880137
11.379996868360493
2.7468283923036325
2.935404452292309
15.019284280408085
26.29654114608312
20.67261998907798
16.547826467573753
4.079496149681746
11.578955790820157
6.6879845019101944
9.912833904877463
13.784565663793531
15.203472765039475
13.93058998587644
4.748470324525888
11.956879394370869
13.823387940077728
14.38226215144957
5.31580391577056
9.615517216570902
15.54405808846977
18.733282154174958
12.080735307416495
4.915624860820181
8.727644633904847
7.886546760806003
9.755897635837059
13.066220996436362
4.236179121876706
12.554991377990373
9.452250814629364
8.281942714148439
11.279886699805282
12.177507601871097
13.231717388245002
4.9188381092154385
11.615906735192542
12.282628409357422
8.45472418924119
15.227176474179394
13.88833967226796
10.17555789017665
6.603511164098822
3.2974206699719604
11.373719009939192
10.674833555344517
7.198998609709824
8.255297134565357
9.908688747897003
13.630275031082546
7.1756266558735655
10.946755737513062
10.597777610925846
14.187422973399771
26.126940727522946
4.887971461504034
6.633872163934852
1.5624682622532362
12.27024878852249
6.93385921315971
6.167482418326304
13.80792336145515
3.7545955851662502
6.397902326640321
12.404350667491256
2.8712928538676006
7.513139694784733
4.470537914087274
8.78116207443928
15.436723746761226
13.841530554230744
15.261343038269894
7.7219963355063985
3.9630120569932727
7.82138589029225
2.9822528159455945
7.445071489975324
13.984195433393543
8.625709216694052
15.581628883746724
7.792097555597584
4.519209197527128
11.957547487389876
6.3789288808247955
5.826883905400156
5.56799958775765
8.288766750409307
8.10918525004752
2.518595845691335
4.293214841653614
2.328441605566811
10.761201855738175
11.147760109476575
6.834795790732134
11.267942387093786
10.321590132551783
8.683297293970352
14.377502624399844
7.262153770762449
12.624117087902547
8.966552678234788
11.66370145330477
10.2307248592837
19.269759238217986
9.361352801425326
13.411924081023207
2.7394519688448806
12.257796141185478
5.136110635588533
12.392679618837668
8.924077768334813
2.490611199421782
12.166170326523583
4.626897706744515
5.670983408516664
4.336536869188783
12.260867759373841
5.994989799816178
15.5905606625392
8.877685659738747
10.14686085899345
13.533290379976423
7.298761779402448
1.9101043919822556
7.022103201192488
6.381880118344053
7.894724380346768
7.350932546993371
5.8328200274014215
7.434325471479369
14.551350811666758
10.13492365328521
3.792000952009621
13.510986980958197
9.948321814655612
7.993109011939832
4.888352827537471
5.835733407106549
6.547936834967418
2.1419356455985263
1.754744395195746
4.331282354504585
4.449743758034175
8.831201681177404
7.445421776534842
8.79499344463686
16.588244873396075
10.412679968910103
5.944156106903963
5.140861060640416
8.145291694798663
5.803337719799096
9.434537700502768
216.1261
15.983465422665622
22.199214409191523
32.03030656658362
22.65115020207303
77.02311564277888
103.79641009102414
51.84808015947055
160.01372988090623
638.3671483449867
199.57408034335333
47.534323188511465
125.75463332353726
142.87248954823787
56.04963389534037
111.1186421348855
113.86486232653269
236.57073380107536
398.36816366335336
267.28388618160886
196.30897185382432
267.4098451434668
121.08362622399171
144.1820929338695
95.06271521530547
169.5636013228051
217.0831759929215
259.541875792207
153.17835771301503
164.8243000772057
163.81406802797068
29.08949774906973
42.98065288652367
147.15328717804144
168.9913679912257
151.27369778275516
349.70050690954884
189.76611896938985
16.388354421829337
239.9164820266098
28.44470932191625
82.86192218860833
227.69302380643245
292.8374936885575
140.2585969518059
68.3919081736806
136.37028380757422
197.2363873907447
142.04073025447383
295.4932486440235
314.59794439620026
161.00107899810467
196.5513776070453
359.40713995994673
157.9348399722986
235.9564644591701
244.12182115773055
133.68965595937442
171.92967968558068
225.52792549076665
52.80379619679878
141.11256476450995
99.05838956252386
327.59352780185384
73.42143724498344
208.61406926375233
115.12867281645838
194.8991524511219
148.5638181196722
183.12791365212354
193.04385846719592
253.38184054218218
48.69785299030355
49.4186620888034
24.64248001362066
219.59400953591097
176.53374094801373
184.50343525030806
60.95878469705056
49.13139722084895
100.75881021350926
27.281773582406974
38.43286951968385
32.52690610967233
67.40964764868487
154.93300992067947
89.70365036060473
322.9685411627281
80.84221800812348
69.4315775543793
45.24447924707081
89.56090969626831
73.06363392695823
90.63724379221009
123.14376781431207
228.31621210797897
144.27758237760474
76.52594419651788
33.17851944810015
49.205092467919144
316.0901048702742
118.51140258662616
94.96767406313613
131.20717716243308
24.94811115919194
187.02504477854288
52.262701509508496
19.968220791594813
69.44633168923302
81.59399124577418
131.24826849715967
98.51507297307784
115.91339561061214
86.93879172769068
82.23475240182376
88.68513770022768
139.53120692962167
68.87426917754325
31.400722819977563
77.61036234960287
47.802890867008884
17.643363679071914
138.96410207215646
49.226608188913175
79.22587967782579
39.62842552430951
34.59177634474053
42.79905994839952
37.85524902368155
67.03591872585721
59.701495754883844
44.15265399592551
54.05614946357529
15.961823536133442
52.48097024274381
63.490320910371906
56.01113832058794
23.566288265943932
62.430580290469514
114.87606359114648
81.65032693613055
79.90224163255175
69.81651168303526
40.94159341037189
44.85858738846755
79.1204154267534
42.51774381601054
62.00243136674913
32.927645387513756
33.19109435306776
23.25416192985968
78.76815571793024
75.50945650466657
37.27579565272322
35.7423759929721
59.09675763047337
20.179633245927484
70.15302001143283
33.15086360889177
19.76605831421703
28.090696275882912
61.75104151651133
22.00853890970305
32.81705336496371
17.97244983460134
40.12568843702298
84.47735821396348
37.80982695511304
42.09184461390792
20.586801434272424
51.58907590851665
64.20237291005235
32.08320546665353
39.1292014413589
52.2180554765642
27.132327703882005
42.55437931114362
19.587952779751692
46.087476350684554
39.587379319398195
49.35369308310524
27.474124498277952
21.43810183025609
39.03649285003907
49.043870556175584
54.18917112537386
33.952054777732684
49.38065172452238
25.76568718582218
25.523422766194916
28.24036424632502
8.41408319499676
58.36001232600419
18.40225700946219
29.566404405381324
46.0736756258351
44.12784267810234
19.489832978336413
25.947980453832162
29.403870387379875
105.67801903991153
29.660316073388103
15.005284798422592
37.23242011044816
9.91368835049819
28.375170947246946
29.628356822718388
26.206506352071724
29.25023954324057
17.33439172547597
41.277595486461145
44.443604190504644
22.551045835276323
31.498585973997614
22.283269242108187
37.36653188520008
31.777613545848943
35.139676839846466
13.2906893711478
27.759889875328152
33.728907493754065
33.2495268927084
14.11702994364007
9.02995058952131
36.44992033437022
9.612895070782287
58.04521937338098
20.787860717579168
42.88962347307865
46.91737029421248
45.99441306897074
15.438333087443251
18.52478607828185
32.465886891293714
23.67589564713954
38.99805455001482
39.97857740004448
50.61936531647664
23.454712243277626
18.618196046092528
6.935507281584862
5.20624985587122
21.33591159201418
49.77537541458587
5.06479980258534
30.08093250709012
43.12900457514056
8.545648691359027
37.90173880327145
26.49739268358856
11.509689946084983
7.5393328736243514
31.313617678931656
12.667582185093439
20.203536694684296
38.71141277775142
17.691128091003108
13.884486390118221
14.189785932536344
15.006465708046733
8.498543171604364
28.176197361170825
19.137575319764895
19.819909581112007
5.804625106667498
35.04164539226197
21.631866756790302
19.27155855469653
16.205567289350086
59.752486051099986
17.215842557906196
31.663487696915062
22.371032192153788
18.04292034634556
21.610628346703276
3.4093427659178936
12.811836934450755
44.454196950512745
12.858714890283201
15.520512917524796
27.128495056031824
37.70437827383849
24.239780968217644
7.731425493605347
8.537923748372103
11.428552054438702
5.154490450630372
21.53535548335858
13.010480867319227
13.377423480579216
2.6607534081272397
33.722149357179255
20.5734448097156
24.896097567124205
14.196563007113234
29.469974640026617
10.715608198406184
26.124315968443675
40.39856957814944
24.275713203377183
27.97986186220252
5.286528393793973
24.87955777417605
13.307271701975163
8.707398590093675
26.65903896928209
16.50561216059024
25.476784015034582
55.91127400607124
26.85019646123961
6.530126864965885
27.244697879536474
11.243813684396441
6.596268511867466
11.873238675558722
7.332515876337905
23.249042392156035
5.0146701279040995
26.170974401897848
24.879579356641244
24.23891828065113
7.738320484988079
6.10057129868711
7.4729022103118234
27.694865823351996
24.938604173560233
10.235502637086682
39.27917285849818
17.625941604987627
37.09569321704073
28.663270717053173
44.31414421827274
11.444601882643443
23.098198515428763
13.294771068947517
4.341597388062576
41.04489629704063
5.201161246544783
27.601255118706973
10.803476571145861
19.305333264382924
29.588244243432165
21.06807744106206
33.34990074643024
12.186823649542253
6.329121131933844
15.402741181344638
25.18353409484288
3.270544567355809
24.499539998862407
30.884347683137747
6.29313811617489
22.397727224153606
16.917125368299374
13.069300353277061
27.640339265309347
13.024865545711798
12.498352766463388
21.275366193604963
16.44754079874559
5.5314675413189525
6.577920823786861
15.830076179752753
15.41059762051549
17.594446394377066
12.559031039907422
3.9818875649055823
14.415245498653322
17.37478679588414
11.726428973748318
16.442590024230103
9.343034267395
11.989268763677948
21.153793653599006
19.612330075399406
21.52223560297125
24.493923546318058
1.9680521163626326
19.684595221322837
32.72674346265658
10.344343898936769
14.532672317661675
9.211102245360738
17.493079667643567
8.425973796823543
35.13180206850231
13.724205229742399
15.549959936916952
6.714733262478777
21.405003503280625
26.533408220905404
12.982415245007255
11.46209066588536
2.7082774580311697
9.470345525732986
7.382598699143862
13.227248198677913
33.31468289978152
11.878060499613701
17.31258296506483
18.451162996125003
6.725757719150737
12.032813929211496
9.29256110971575
17.064463749003323
25.313968055497178
13.664067413304938
24.69795341903032
12.915981982544722
16.05701705646181
20.884940179099583
24.58875705336306
11.209781105154027
9.99540912145974
22.574849432373878
4.289986996617265
10.928891737419908
5.632205628608639
22.860508910634227
12.514868760887154
11.555332891841251
7.044346118004069
25.737295706514615
12.58415219109641
14.424927125396415
14.2880508029375
30.091339293419015
20.52610851364558
22.860841852283215
33.840959563804624
19.173735903256077
24.03532590979989
33.60267084941824
21.023784206456973
26.74281168342143
31.738258827081978
10.3444167483603
35.79041293296005
38.179924969142924
29.338244173573056
12.34829200940412
10.204985058941395
12.590680988799264
19.637750582133336
5.414928159196164
3.272974547236589
13.054113834004356
12.664577551216592
22.730239362389483
11.970647821901743
18.633561762271512
27.503914989142057
20.566284227961482
8.989360783663722
1.9808635960460719
33.58142562795185
15.615238588967374
15.553226967206577
1.8846496021484513
9.320924315747092
20.11122293199385
14.663324839293523
6.092945937352389
15.403870826855144
5.5314237193119915
23.855139487462903
12.877914064657878
38.33253966691575
12.352163656560919
8.986745003972407
8.785960049899419
7.920632298536532
15.066734430409007
15.872089247023393
17.35562218857993
9.57941227327094
8.307952892802225
26.21037118776163
15.062553649696634
21.518071891317646
20.7223851927574
21.446230173433044
11.074267179686686
29.865867593287177
10.243859505442503
17.440897947682643
29.948019680926162
21.7033217594771
6.59326170069114
12.749501349130998
20.86140645352418
13.286054842913154
19.186322584229362
35.49019064533631
11.696896790496503
16.057844230750117
20.327526242586266
19.91743475249964
4.977044683120223
15.364565344689275
31.89337254518793
9.354179860355995
10.532587564048741
16.23418748365406
5.590437714482578
4.184280693020125
13.113939286281802
8.574992244836642
1.8927556375584937
12.371028776954184
3.5175504457928555
14.73431541649243
10.024403445899804
17.33397160217972
2.4389609002626735
19.29809077561776
10.153789936572101
27.59285776643042
11.141634897101277
22.87300759657107
15.733448790747504
8.327055588578563
9.604491256475656
9.787586122433547
24.122733952970272
5.555358488430384
13.195268990648632
15.192470402615143
11.119737355999728
10.751274872751292
6.918392722434509
2.531425764351044
13.764260542597906
16.384444524490384
15.278540119171756
26.530399688253436
5.035528734552855
21.153928173079148
6.49527940127056
18.086888183636013
7.984698946032997
19.860499455803826
16.23831774624157
6.983552196600607
13.541354322851022
12.974067279502844
8.106643240386594
17.776327631350263
6.306827290982475
7.97768971931441
19.314330093622207
10.081963364276922
2.386225115017277
10.357286107201016
9.100751344375661
9.608407174563249
9.39004154425815
4.796211166075823
7.2543315229570435
26.200371250088097
8.919856783029338
24.53116518396278
11.151451727543943
9.660640772602912
30.80326896532277
11.674521448292424
17.778218508637444
3.6287329961166406
8.775367913861828
2.594867405031987
24.006072716396044
8.941817212409637
13.88512718374066
11.556074927360788
31.54143077359722
10.535078282860253
16.234268179200654
19.23456404743394
10.31946328432502
15.684800182823563
29.730552104978994
5.32069189899571
23.899852954809983
11.74199299254405
22.34887364424007
13.450521161949723
15.671041359262645
11.223053199658374
16.181583026235014
13.397207035719065
26.203265437797107
8.090549762553302
10.700003586120244
16.441897104732643
15.506840444627297
24.031208311784066
13.963002130334383
6.250302915509137
7.038896719519591
10.247540529613193
6.011097963703979
7.904755860410145
21.30443226494488
7.958426198591012
9.864065595372704
10.151991195672498
3.933094258966389
23.34882525220591
14.897388898704781
5.878419899253368
17.098620018778455
5.229514036814926
10.863739944868112
30.918746815709955
26.681980826783835
10.949908706248113
9.51103849330989
35.279128900510216
12.375762234381089
12.278856752390745
6.848478705835224
8.307350292629767
25.906438765745502
13.57685514805655
16.131268847605273
1.0863370831895698
7.270185694701119
22.314031607185616
18.21712505467041
20.30247264939798
10.757612968930689
12.135953587385904
9.912155447252665
34.63102058336954
6.3978542546039465
10.581000482048603
7.40908151610418
11.23129031504671
7.342532565460546
19.333488372821396
15.791011721107646
5.784051616380214
2.9357802111669495
4.672565062889644
19.71739070785
7.409570047722923
11.746738596059746
8.466984521369397
8.573370230787207
22.65712828704601
3.9949219340729183
16.236009856987522
7.685276207234172
9.90885821557279
9.773114104598399
6.661266549470278
6.71144923213749
9.968738905961242
6.258591672695824
5.019530572711554
10.902013751705038
7.462770115127778
13.063309803575184
13.917973298522268
4.258915391452485
11.38256848538222
4.101142657127478
12.788402440484726
8.357280787436773
10.210849968813342
16.975269607157934
15.24359590353856
12.269273904119006
2.7402094282558616
7.4847928303746745
5.838995695384519
7.377383367075676
17.787763085633145
9.737438371534855
17.349437815236406
14.538967562410459
10.158444955788347
15.104388847455883
6.830251769105974
15.366985292577134
7.3982089286554205
15.519766131880031
17.411775211159657
10.951016110648023
6.2496818868017
7.13441808371823
25.471228654959667
1.0105553257527369
9.345495002983663
17.5918318111686
21.74068403247234
8.338839574614992
12.226335985943606
8.267035035638367
3.115376421867265
3.373508478675212
12.181268304782282
8.119719693413336
11.907339283933737
18.61363087265371
13.691693089516775
3.1847318953560784
1.9721172361081731
9.741359012618382
11.522700787429423
1.1660611585671201
11.439492730500891
6.304607233723064
9.622053644353683
2.1761934822596984
7.2550959831118265
7.2330639454698336
7.980021698630784
5.822268456339815
13.907171838752971
12.341260241909815
5.66559682491854
7.021526199712039
9.442137410861303
5.914754647863872
6.815332065382482
13.35651383213118
2.791439808702936
8.170256703297019
16.360385327902048
6.123081219129902
7.589766818080724
14.201510659113001
9.322702723222179
8.334211624033017
9.760877981169715
8.89794701581453
7.973598768990918
4.97224440191005
9.030525311000945
2.7062112845344495
8.750706649146755
2.7500582485127008
4.024236191886169
11.19879033863767
10.74075625804823
4.679581747720052
6.872041678058472
7.915797934347787
14.815779975009608
11.326773680351904
5.332329100869301
6.68386859675499
2.2214938903176873
12.764501902441243
19.55463132554471
1.2149347896770195
6.146368026566766
10.884862757362724
6.533839955145207
3.0138198142960286
1.1505017632254577
8.369038103908213
10.461648902709564
14.255926104162853
12.22625846406239
6.626919073894269
4.773430779014018
6.330532019138071
8.975474753931094
4.652386684934468
6.496579905961848
7.893236225142789
10.112518040532084
4.736676063965142
3.3793734870650214
6.277672891917243
16.65236279310747
4.811100693269267
9.145476091026769
9.61341330625374
2.013884347757755
18.755535644884013
14.21766386295963
9.664322637906697
2.861892462851675
6.85846624737583
1.2736251368683884
8.085127477949134
2.9327357992130425
4.695557890040594
8.727297973246781
9.999366175257942
7.410638384820977
1.267593520913568
4.970299657432684
2.017165214101028
3.7458289565983725
5.609276237637389
1.6629147362470011
3.3050946581730263
4.412824567936804
5.2303847655919045
8.932172498466986
4.838353886264938
7.2964959960447
7.134031278644613
3.8809612671415232
8.963390012113576
4.769654732785094
6.7609136404670815
7.362615006844851
1.0186247250449911
1.895621079382868
3.0209871565507096
3.3570204930668694
4.697598381240271
3.6386777741228404
3.5577721328584637
3.7941277923358876
12.792294359917074
7.07794492043755
2.837389542989004
11.641806319486204
9.405195176677408
7.984559225439164
2.70166403971673
4.635804542477629
3.1421894084752733
4.537109712383274
9.545093390878757
5.7379959298845415
2.3971824665667354
11.058477511074837
9.717454867699548
4.5560341632560775
10.500707726529074
6.170599157637342
8.355308160089365
3.157280209397606
6.402280517934186
4.78260322946056
2.818103580895704
2.991965350109829
11.153594938581216
3.2159572770589255
5.096202514968398
6.028889953283241
5.891329797087462
10.865186812277372
7.48039488021008
10.348144015228986
7.261545966797767
8.683346228623817
4.82791210289574
6.825103232907453
12.638820513041802
4.492587101117445
3.1304933344937615
2.4402881456897147
6.496199355884974
12.74585064292063
15.741772772351544
10.225420719699347
1.7773131060600669
12.484804170496066
11.21078212992668
4.624401003798432
4.171809448279195
7.821277911409623
6.625911149106663
6.7735618475387005
3.3778410254434137
8.152536403636342
6.362815803074433
4.358374396420727
9.964824132661231
5.397562410026074
7.204842242713422
6.342262668913292
1.4222301151508654
7.645242162282583
4.617848439077319
4.625868252758723
3.6185524761838668
6.946574070251457
4.663045357608804
3.6735051102021474
1.3987552411972193
4.986099414371135
13.681379556013246
4.761205495112746
6.5192291898530765
2.3493146751329883
1.309786776932294
7.025582788218307
0.842297143345336
11.797216822755702
8.372140193285938
15.410999488226468
9.292105813569187
5.6499102903541685
11.304978067788934
7.579745325576761
7.3273122267299975
7.763748877008892
2.6715602670517833
5.318591162574555
2.32798579131553
14.21089183772381
3.2060876700525722
7.71560092228831
5.788920846325441
9.624819217307918
6.808502003313715
2.4538350762879837
3.2068669061217343
12.046926606048505
3.31119735346068
4.393603384363274
2.2041976738581988
7.10103079822769
13.939938494714518
5.984274986083619
6.032705492491598
0.9166844605760116
6.445901114166169
7.82604233223628
8.472118895978788
8.689542063472135
2.1648406356302625
4.368506485159121
4.56820457416053
7.839088707873564
6.827623028585445
8.201778969192613
5.718037575934202
11.392917418105608
10.627574221499044
3.6586381110522423
10.026956276991314
6.68812999860756
4.782932175071921
7.534481234073091
12.059060623952002
12.678851407876792
6.575486887642447
6.611746223555574
7.27644685158523
3.177558503594648
8.881667517219904
8.322600446430762
7.6672847475236665
5.726272384452407
9.076367139350909
4.424382027361665
2.5583763346911996
1.8821806421951344
3.784427748406399
3.455480186160812
1.523189144723494
10.363550857738135
1.0669048104962495
4.0015620506257505
7.180594699014377
11.108074398580323
5.947906042389112
4.572592549101566
8.070693093621037
4.592337699569974
11.280175878415115
8.273403243028778
4.306087220073307
13.011229230991232
13.524906599999076
2.5404644678167783
10.414662943310065
6.095395481729097
1.4813873402672262
8.859558276241803
3.4319879995037117
1.5122047983417284
9.139166883692658
7.593530867368277
10.316359410783397
11.819770884118808
6.4316529716695685
11.336301426813158
14.108139187076041
6.239932933474326
4.850781799221645
4.673355601778992
4.005953230656354
11.61762198318691
7.0760504263635005
6.07953009387167
5.156018935437594
5.119065957531342
6.969777748658986
19.46895910821232
