14.9142
102.27583081136186
95.95131495795454
71.12690217678406
133.00213709037018
166.79256315647197
319.37862217974964
216.27615012034317
130.5354686939945
231.83179275307086
65.07926744017897
252.98860681190484
376.3530962629184
472.6018607237168
332.13581880693107
191.5231167889578
132.9987527890331
26.59110685570537
153.47358191073113
204.88374353398967
219.4551467079243
278.56359159071627
179.36512694472637
14.15818847355553
280.86153224970593
69.03236127697461
7.2983171896080465
81.64556171150122
74.22557744965619
146.2189912489576
71.71967068374303
112.17685520020235
46.42594008225795
183.06776906518576
199.03690506003525
82.24468824999963
321.48754461480723
94.43023151096997
184.19103330332356
169.35960131783742
67.88678246530567
88.14868603380111
165.2448774955491
154.43997716886864
77.62382233336162
124.30796976665661
167.5473549513585
146.1884188899328
173.31427534808773
135.1980302724714
413.986952938265
58.849408875729374
26.253057617449926
121.12858545946457
203.29721334921192
244.6412769126487
66.85002196977958
288.41239272269934
77.81294188574901
67.1586850237865
191.56472066939523
80.29737913921527
178.00496180350535
171.78958563911348
116.7504062724072
242.48291666363014
160.56541476369705
64.76930963647054
252.19206248214297
37.603716472170454
112.94368152288298
226.60256159276244
81.80536704282872
103.09741326398952
229.24046453947352
17.20191114401909
111.05254522197635
58.400691783480625
91.34190164084804
139.2445559378725
165.79826615255055
32.976639196274455
83.97531817674341
138.0389510659188
200.07134850400874
74.4691595128538
133.26662049037773
63.58978696259402
261.05705448718913
110.67566059509184
83.2425048182681
33.1160771240766
151.60912628124083
115.960643104388
165.53749736336064
159.59070518091443
115.69615846624066
114.1692150007018
213.76680440229305
96.08907160096368
143.92707502651783
170.69071519225932
81.56227491992122
46.95235462824105
21.431715086087756
111.53424263084256
125.19351124792897
99.51314249046412
73.2216023356479
51.24519483239039
64.19697000758487
92.76795392998946
58.68657125874336
29.15613223063414
30.268299857699276
44.77563415000009
29.777006537596666
27.56056974990612
83.82163287287904
36.58682061273999
69.59892078229804
39.57606211548546
75.22029725070989
114.31765172194422
38.759013592020835
11.63111348634036
44.616056502519655
20.83361979939252
77.90743182690063
66.46345262135672
88.6896370844909
43.617664659236944
93.28818598346464
78.71599972361795
34.92208251135055
60.311191904465836
78.0254980102243
53.276233081572286
83.9838547790502
53.10325843593282
6.07915082561446
55.932223856094545
71.16025418368656
32.393874729398775
54.83980016359032
12.953118032586387
42.57892593489439
40.910052769159776
31.85084236762538
80.26842587138383
29.870710188508667
36.230458066158775
32.21371609456061
23.13392601511259
79.88628001555014
49.390392572271885
73.06527162243569
14.248901917754887
68.88699174020088
13.316867454637467
36.091327607905576
30.884355145685948
55.646943512657494
50.14558946850545
54.25176647705017
6.595784931450286
75.12812157400732
8.194831707421036
29.2761128046688
29.174636864487717
60.52224114016185
39.876013132037016
47.85762361551423
41.70101400650224
24.25359403948915
29.110886550474408
63.26105888072513
55.05636740539439
42.69901673535869
32.11580932214311
29.910917590995705
32.69897232777281
27.151372767291846
25.72196394356197
11.797735774174933
30.749905834455568
29.36715611697579
37.79480654086803
66.7941710927318
51.658423211616245
22.244234685566173
21.63039751015589
43.52700051739491
47.94535385204453
4.675465484238485
21.454044229414134
41.392527643956626
37.595708007633085
10.515276029457704
43.84657575417246
117.61245599823762
46.05377455443117
30.66038221530895
39.64292846079794
38.606787979601656
5.420718493409813
20.992873099910398
24.079394780313923
63.89911321903681
14.807796843976382
22.020873155632295
25.587983992077326
9.203643744714336
4.604687219571009
26.84174859910906
9.485296307584097
40.547138316447544
22.67081387482496
8.86187617999093
21.86598337322103
34.49188990376316
15.298658285679242
10.4649911352884
8.039270267891052
10.975117623296125
36.19285911531651
22.522173728154883
25.07183784926724
18.6048463676238
4.39536051910518
54.92706636756509
10.017138302667837
34.01316494055729
24.5098793805146
30.6059144541552
21.20851049513759
33.687119296255105
12.146542370381468
28.835842617571757
21.792823439277623
43.03556073278772
15.065329742757848
59.27635501303069
13.228269794900209
7.942608445851202
25.74093419536792
15.55869451207358
8.405270698508524
33.13062727470348
7.750495662513111
7.5799813477380935
4.488574090160142
21.709890732109653
6.166913151073912
19.314505911641767
35.29432850086443
24.22540868551454
19.03813273526294
28.09992722535278
19.328240720332108
32.91867775534168
4.630544034311032
18.26187524729626
5.99068452232764
44.986702559012734
27.941137261354378
18.031923767950616
19.276755782051538
32.78584605055982
21.524429385335374
15.137431179886708
22.758599226379186
34.32809872613861
26.584368940659783
40.1139694663551
24.324243930425034
13.336355872224507
17.74406086078898
28.918422329587592
6.856111976003036
21.807335676101836
21.498583246276862
16.755053101740007
16.984039545598183
14.189102379136973
38.207136683641686
19.47252469854707
39.857564094687305
13.113004257749452
25.35020766027605
28.029047965762096
27.702815619348645
19.795552112590805
15.480768794261383
49.49676350024658
4.606372175968952
37.51848020432271
13.696204864651072
3.3348959495683155
24.05205404569263
26.23504632397906
14.264338295208299
11.986296242752466
17.87505702326739
39.45512171296212
5.063990865021358
33.41070697706288
23.03121107386307
10.156228833925741
9.484850865880585
20.53818235161526
33.852226331231925
17.607524561186178
15.88678212233296
19.649147708161312
26.268845124394474
8.656960592761198
25.57826661713845
16.454402996702825
16.047455472462246
30.05030872523414
25.22214445663747
32.87098376469174
8.06137855405459
14.224447706608084
12.196896323545834
12.989467559105579
33.418150806034845
16.07918434578937
45.167351651126026
15.19897087570638
36.28285562077871
14.747470061198879
5.11421917865014
10.058933065330109
22.988572570395075
6.002111193997962
6.788293996623032
10.065642816125465
36.56578216882074
13.271358209556533
26.531885878942795
23.42105442173621
6.718777052043712
22.58345528354357
14.250050982890462
22.380936189769717
6.459215276881463
3.1596460059966667
16.496846764102003
19.09613296328436
10.541117351800416
28.508334732287516
1.2066087188712604
17.87526282074787
14.611211991345513
17.712164054181784
17.03052196239804
13.041366463824508
22.889645564637192
21.884012857498934
1.4796154023141417
39.9233491929946
23.607669593678686
5.234871334850563
18.501860166848132
7.741414825639178
14.023264032671024
13.793980592945656
3.000991624888094
5.97148144467897
28.91234269281284
26.31836498542305
19.068629961870638
19.084792532798783
11.445357730959389
16.404174187966895
25.350726266562194
19.164521738338536
13.158232358292965
11.770044641069706
14.267762409891258
17.325918770543016
15.100817063182713
12.792890465423428
15.13995734013826
10.579780996377032
12.448561707245794
25.28124384533042
20.040621681882634
7.406197580247309
9.028985323894064
13.855711324735207
5.74930373868089
6.0218970149265
17.867772676847466
13.562366226792932
22.238408520465885
23.60862798140374
12.569748770537277
33.810445075180205
12.007463435753829
4.578706605317738
10.510593716240995
5.841342376884017
11.785661743461032
15.055000286424994
16.29135797327461
10.053440747129724
13.24431888360231
9.196932448952811
13.321589517480886
14.25547552733519
42.868554814610285
10.962673785518165
20.03366087255553
18.558735586495867
16.11454614408439
18.372845331620802
10.058320938645656
24.347382698694947
3.687835169295917
26.449103401760897
22.306390906854332
15.435819218421393
15.519925449057713
12.516090912007321
22.48152307317699
18.301854524092025
20.22044311206562
12.271766296721646
12.753456662351292
16.068912824111948
17.596797049611272
8.264213635355548
6.874066875081388
8.099591119915306
6.626615886586421
13.0314390915329
9.896396307791525
7.810722692443625
27.027031960082628
7.0724047627061175
30.860717100972238
18.395575132974248
9.191335928534613
8.52766190479398
5.615828453588041
8.365692083849783
6.886078748832539
12.454873659040738
7.810103798611049
23.562604682845425
7.664765010148508
16.70487653348455
14.624733219282563
5.759062972627295
18.54377173196568
6.5231928245078175
21.423941198004375
16.641609053276675
11.11768439312553
3.878173373611353
21.359864002930102
19.39460916086977
10.537624929086606
5.2255920368628335
0.9693892451732617
0.8579220669158489
11.320386191490634
1.5430053794864333
6.207043171488288
13.65109383665341
12.825053264689293
16.78337331662414
4.85662411773566
4.079203400660382
15.147727985401227
9.432450992789478
6.73251434083659
9.346252025758677
21.09521103355665
14.217089451582781
11.546750362681507
5.614619723131739
13.094760965416205
9.35116192349874
17.64211219001981
12.730042731531722
6.425178079003657
5.416770658407783
6.190912279281632
2.5504213906349817
13.538830649381007
11.090561747602779
6.687541769316443
30.252495565026756
21.80121652938371
6.454096541949093
12.530592905061873
13.869451389677707
16.307892859518063
4.5470911221140415
17.911474322190937
4.397035979307951
21.304361319903876
9.085685108638106
12.115871583543784
7.462224549486409
3.8761811423846178
1.8345782320022845
2.7828276774360887
11.798174102289508
16.951815813689542
13.78264499170386
7.658797791650481
4.296087854696275
11.030481322506164
8.017466788859611
6.108717541336645
7.15631581720324
14.146114586277275
16.23747171541586
15.69929464592292
13.80629733519986
11.07019084407211
15.59432046635184
6.048412132927117
5.974081083645752
7.930826669336775
16.07054866083302
4.39977903286033
10.309715591240371
13.74530264120861
8.17010664679216
6.594373787734889
10.769596550081133
8.120965434113831
7.283122218516773
7.143870301464129
9.617104047152639
13.463841999686318
18.903846336260727
15.959508007418354
3.2973650292047196
9.183273831251087
11.286206714902647
17.54211729062615
3.268381636608125
12.765065034154055
13.062985937932721
5.034040231043961
8.777454448279737
5.216276230757112
10.658956403485993
8.054926678730736
3.0534156256512417
3.5687839602163915
0.9836114630738173
16.63747842005492
9.048178515132781
18.24762084365023
12.513524884937274
18.888387125860078
11.049149000065631
11.27523426702556
10.217506950270014
5.050863625343386
1.130828235544313
3.72113088647525
15.013123318922755
11.216287531850096
11.34571410407571
8.129485559814556
9.20264258911264
11.56750310235249
10.420057805173114
12.725320090015762
11.724358763082599
6.701575505599603
5.828899316871423
6.6897976025825745
6.5705512108282615
4.3300834047143715
9.900728608696642
10.328828027424427
12.124175705977091
9.430320552842785
3.8245990430079617
4.119320022840078
4.912840654342051
11.534073345383169
8.80138710653738
17.74178719282056
5.178261989842966
8.277972332524778
7.80062399675385
10.775760000062782
5.085222092356202
8.555203893778728
8.266863888365284
6.586984219566958
7.533444697707532
15.490159059015728
2.014772120695811
13.522626618475968
6.1275984094570735
6.193544997472122
2.8069122594259293
1.2666227797283742
5.268276860793556
12.809564916283144
10.128467965942416
4.00270910779458
6.17429914222834
11.999314008070053
8.17789064862619
10.772693493244887
7.570724004372991
11.189204866290794
8.269167431108606
3.8857689969170357
12.531695135863863
11.464903749945659
5.037534174704538
22.798226706889835
5.044445084012896
6.3689874960546415
12.347144978831556
13.849630247800304
12.816654335338054
6.581889990099794
3.2774236622570565
11.431394279830576
7.340177840416383
6.18665572475245
10.850311721503987
18.170797485187396
9.23742680832996
4.5161146686666545
11.305864785658114
9.418217631762046
10.813573948257982
0.24528263572806316
4.649529502190618
3.5417931909644267
3.026110546560596
11.211290247125689
24.315957852389534
6.483300593349275
14.865496393235585
4.862073610295571
10.489126423437252
4.400108266321241
4.31512897111796
3.966009837306793
3.198008177433334
13.887718249710602
5.7314075732378456
10.00975031503694
5.632172156706275
12.522745289513088
3.503457509122567
15.348249625738738
3.2882516803748145
4.78469840057093
14.92430382871578
6.165962447304338
3.902945828433091
14.94426218390736
9.90311038219518
7.167809448425846
10.620332945876754
1.7181760757448035
5.559364137309395
2.894620310679748
12.722618765994808
11.571462858233126
3.0837334053220826
10.083500639698402
10.77224279858478
10.949043552369021
13.667008037247241
8.774795608163613
7.084324301057683
6.9217428323047026
7.5017458986109276
10.886248241519723
11.4028682052609
3.5744076193781065
3.388607228595839
10.35896922529622
7.051288585718231
3.671537256957494
4.788165710487067
13.64726978313101
4.054695432831674
7.718996216464198
5.198235803574245
5.939475168041613
14.66741841967463
15.76889716407883
8.025670244801919
18.764441045430775
3.2786898037539953
2.7992395476142162
6.035540893525921
9.878499006610808
11.676505092030405
3.1825995742434037
9.027723038100682
9.90744694478705
7.626854478501916
16.80301007102959
3.8148389840821486
1.5729614300318908
8.718283599851498
2.1494542025353742
3.388347035476984
7.1600611116448345
2.8009652303826873
4.84162800237874
6.929962945343505
11.243280423250889
1.9111709706820732
10.998243409403335
5.718631761141247
4.876386777260652
6.178409004029665
4.670484660361257
3.1226779305728507
11.222561428635338
3.408363878449831
10.12080765781333
4.247979047030009
8.162674146776071
4.44559653424597
6.401620858654779
12.525599055303502
2.6373315717254
7.998663600748565
6.55173600883892
7.333310268196369
9.006930908844451
12.696222348291897
7.092500050074763
8.343331340220685
4.494963179509293
8.231396391799446
12.117796309233823
12.821290623183707
13.787298425383494
7.084590667652546
5.797559199511808
18.165940538739786
1.9494909551228399
6.528788268848529
5.8176698878457405
4.875384126676656
19.693181238612688
5.338443853359496
10.477994703502002
11.990428217601247
11.733744662947865
12.408515940430084
7.069972275747856
3.7615051416636023
0.3965745620507403
5.829730197172402
11.812465001113075
2.241423237770261
6.238636738991774
6.128685495764363
10.761834714749032
7.400733030187033
8.6814740592565
12.239457970031971
1.0836879243645892
6.769252902296378
13.374822302251207
7.813884246791494
6.912105336878743
8.803574240524696
2.723080656883977
10.84314540919026
7.411377016282309
8.861075726611217
5.433587845127621
9.906726714852146
11.432310325412482
6.57095409489297
9.03954466504048
4.851544455354734
8.331455478734643
4.15968078392821
12.837756960492003
8.140398283951782
1.776351810443156
8.84554441564748
4.39521312960477
6.126578092022024
5.801681316364939
4.606670777192272
12.736069448605582
7.034412156371239
4.673789892524224
4.868526638616948
6.043695592183659
5.380290349824334
1.7217254756900338
8.202133265336116
7.185167471890867
4.190612126763847
3.959050585923874
2.336607557668393
9.7548099040047
1.3614877484209482
9.556502635533965
6.525253181388878
2.3663113019496875
4.988529801126981
2.3323985120545245
0.9280045258208158
9.63911310317421
5.951354150846443
8.52503074332393
8.760794728895899
3.2277803705343264
3.4359304676469415
10.907862799930593
1.7771207129130429
2.8316342793977403
5.642212127470908
1.4895907741755972
1.3441889798997722
6.1402975413156184
2.0576044342898285
2.0583865803363
3.9347941919119456
8.585001781715492
9.195428713607072
3.0716932027982304
4.425594764777672
9.744171715985326
8.11306318010452
9.655973541416246
4.2109242997820955
5.979207377261709
6.2590446121855265
6.572106265898362
4.1218842157944175
10.720530738181473
8.32558835473916
3.0491061036202205
6.211781436635518
6.990506125975229
9.242151729824757
10.070992781612263
5.715277263728218
5.785420729482774
6.077050833311418
7.932514736718859
11.709173942082694
7.304862077628048
4.109941547610275
6.318474459444627
2.9483387057997024
5.920864920774574
3.9064735767287275
11.953054887750543
9.841828706693132
4.285021078712394
3.2580165929623375
7.6103107532462495
1.7871574511823969
5.876807752055166
7.907657835997939
9.912522968330622
5.144204525838054
3.2639388812730523
12.085474261755968
3.5256019379313304
0.9513784788712716
1.3609085218796415
2.855747076105682
5.186593092436526
10.145229723515678
4.62584459210364
1.2417173642182937
6.7281814506680035
6.418612464383712
6.35107439999317
8.965464959086253
6.877792524517248
3.429565777341602
3.31270164311229
2.7152922836381883
5.46152616569521
3.8468258601152807
11.115298657445837
10.080112300647144
12.379543759799061
9.610551811739569
12.184138794367637
10.50728217780419
7.889876810328231
3.671957475560824
5.635718547871593
11.56126108375376
5.510079595557466
6.508672465864128
8.455053521257499
4.179294231666949
11.217203902314177
6.0908156748794
2.083149902219658
6.522700618443598
1.050310276233078
7.002517581957661
10.444115316659051
8.18421441768716
4.230597548790922
4.628888197588071
4.5077938621648705
4.607300571403729
2.8335845019298844
3.00201750240797
7.7584567715823125
13.26434012597884
2.634264329019012
2.6681977293854904
4.058512578941153
5.268133315668586
4.058724008506676
8.015793032861842
4.879427614797116
3.2024982010360317
3.6238852783097624
4.066702629550077
2.9047264184031567
0.7951237001591289
6.252695461447709
4.50798461050446
3.438326753756374
2.649386185804625
7.756377956878141
7.314361538085215
1.817980462238602
6.172163463257271
4.5674346579548635
6.6041744735385
10.815116230334114
5.011679574474671
3.9043830976169973
2.5800825084622767
4.228658018908859
7.903709570402063
2.6318376782241755
7.242038947633419
4.093277583690473
3.7079998307514352
8.45775461131035
9.16039161573164
8.399516508458412
4.329200953185462
3.289217360662826
1.4071432843511782
3.6502069924935006
3.441871062573541
4.711860208140935
2.5068034820252887
2.6763830338321632
1.2457409594842963
5.888055086562269
1.6671675160882604
3.4199746773765387
2.0590123894365036
8.74131251155104
0.5119639483735722
3.503992906577742
4.472548785378591
5.099950486766638
8.772838327247538
9.02305589963393
9.687613819756091
2.2019561332209774
11.04357353085135
5.075421750860314
5.0688897985581916
8.512816251171355
6.743251259830318
7.4336960594582795
2.4717258229546317
5.675152422281028
5.8546083132582005
1.4037303046233411
8.571249758336139
10.31211553433691
2.595492903450198
8.916801551569815
244.1892
41.74786874118017
51.23391592957373
43.18846996052663
39.45216313300969
91.59062413841471
83.38725011818742
105.8441960468849
128.90178430099002
632.0251569021552
164.22086503445468
56.8616224048807
186.09489108003407
102.39114415960978
88.7815941284134
29.788180324010007
235.23616017077964
285.69452739474616
380.0616999569818
139.39632060589855
248.44685771083016
310.743296340237
95.7273338877826
68.50488379117532
160.34258143027066
201.03393819425403
255.84507854622885
177.50209850264233
77.819004978709
128.19319738094268
180.18891298541766
87.89924462334767
61.729134895875475
174.7636210847459
185.5407004505848
202.29838741485133
291.96914211637056
141.45855629656984
63.889636105504565
214.69957816615076
29.11154833524158
88.11912329432417
215.47617518371422
294.46973812866054
168.21199978419986
135.4384638873559
215.12745001759927
110.54174277624324
67.6159343879106
295.3758047530466
232.98911600078327
176.4225555301893
236.50356700959406
368.6433713462853
179.83210788104478
247.47462459470694
252.74558768527405
151.14185102802736
168.65317942290494
262.2139911546653
123.22156293919717
100.42690757445034
74.34933064473296
237.32002845939576
42.43780519652345
307.8369435494027
204.80033498592994
201.38505573101435
63.34088545335983
227.22708126487055
146.77150888849636
219.0619654705785
76.92511838845648
138.5906770557351
65.61624675641909
182.66715929824065
131.3910238504039
185.41107358795983
84.96004186734754
47.233447061546855
101.48404400066569
8.438910774342611
8.387737946383032
51.8862346060331
22.840971454420465
95.97559967523985
30.230631431314592
297.2308671610948
76.35957039161858
112.60246754243195
71.93023804222692
99.35355595205796
114.3741188655209
41.32519540665067
107.1134134482268
256.17176237230956
215.64233095628586
43.5598789832362
54.813058150043965
58.24662732012719
297.9471095932979
81.66682953098683
157.46256589842636
89.03545024850922
37.22156256680759
190.22501252580514
83.94211441559564
54.39096050096981
90.85965390544823
59.2143874012892
104.40550453622608
122.01205744312541
109.44550348564428
83.23191345554748
99.24514487920831
91.29331854707263
113.26443669713902
60.8779982667417
3.0114181217688336
106.6741185513568
18.572219036399733
50.27908119821245
103.26481867535934
58.04842621925353
102.147018137436
54.28731838284585
40.078390745769376
59.251771863151255
31.20014239437427
32.152185715604176
18.473215497390868
53.19377802785313
71.57388637226943
17.81126145104293
33.1406974487022
59.37056810495827
32.686555040753944
20.75261373699196
67.79011840877327
98.16229525825175
95.58758544902994
97.23238659444529
71.06940275302544
65.01499610187973
39.461870715541366
70.9933384325675
20.141223822008726
79.67658643331437
26.078643247878396
48.38386234049321
26.461073313939135
87.84737537752915
83.22017182708103
31.234132008918476
39.73914508485292
48.50320784220664
8.30299055129889
70.9450101152594
14.906438851020813
43.67796521757319
53.76634906650785
36.54406323557874
37.840767903149725
23.54489511566109
42.53411273989805
61.79270277098157
87.14971162273278
18.227185822891048
62.44138470555039
40.010241235360574
30.89794151730242
42.373659187559866
13.506470422702355
25.04606040369613
43.82187865993672
44.40099764929548
36.50717740847003
44.25528901652451
22.477054954074095
34.72771502632351
30.36216602202247
17.347247863857515
23.161208453448438
40.45164745793952
50.69645449482956
62.53748749003534
28.679757501450897
54.57973844764953
26.165107894583716
25.76464800180752
28.52690679209035
13.493709468118844
67.40890904122507
8.089558918613141
37.286602688411925
58.007591907226875
39.17106971162866
19.209083552040003
41.63086234193366
10.504360126701322
113.07373226325399
21.33495127520919
19.47934999175703
28.751238886548315
4.521086742209855
27.986856980506932
26.70311293341949
19.87586009899303
38.598530630261465
28.71602000319606
39.12178755982007
39.17786109815746
5.250196098431182
25.205342712433517
4.22951410603933
33.989478659608864
15.461502161970989
29.20281663823098
13.386980241604999
30.36046779793213
51.63685110617962
46.84756540342369
4.065413829047715
21.47138167056496
23.409845267212532
12.977897163244656
56.71349559353528
38.88657857665669
26.8302306112794
27.150021018377174
52.167337122365836
27.214884379699402
38.688133497799065
14.014060519873784
28.15024271235323
39.331818835137895
47.9658202079919
52.902763098574525
28.888272015899247
15.488169935116607
19.609896116743705
12.841448636391993
22.12945735291737
42.82031587780284
24.70362905805323
9.639276008709224
48.54332991803644
27.53566302430239
22.333399553756212
25.04080390894016
7.723884879285177
11.369679206070614
34.577245167039536
1.0662752215084512
24.702252151345398
43.22646268313192
27.477449543373655
20.835398812131245
13.391201711529842
22.27214032296592
16.688635521536238
22.297078092516323
14.733973093312198
15.598081170210637
5.6673517771578945
34.38217202809192
15.470663407167047
15.266343944673551
8.813622455102188
61.523904713078515
24.160395960718034
34.2523551936659
20.86028480125682
17.244233553663182
15.013781523553874
8.476187036093275
20.7606927562584
36.23805102540439
12.33322393068684
10.149502377906746
30.90074459514382
41.74069800606936
20.765397767323503
10.415893316040686
4.221284283500407
8.12216001432494
4.794734474729383
19.802499331130893
8.89723097625153
19.274911472134274
9.552255182727567
35.835374671463384
23.39952731020984
14.765175668957676
11.474381755314985
20.17974038866758
15.725744873980604
22.860410162063186
42.54470645289131
28.241749899059123
24.82574504014371
7.611158437292598
24.080866209787054
12.87890441328694
9.777568174995752
24.30355046682163
17.333143275173843
21.595379488981095
57.17452423520496
24.04991423208341
3.53220799839524
36.88404970595415
21.07991521931176
6.341946543361632
21.965377641942098
10.552435418621236
21.678837197880085
1.1874861826062297
27.211485394708856
24.821751077196307
23.009289188029207
11.548029636305053
3.304176663066599
9.653992435217301
25.49298916220329
16.46409599521376
7.209490509287325
26.263479252261334
15.639594810835261
27.85958922738306
29.046261142997896
38.729122345241365
17.166164588082154
17.51209979449619
16.71746292916193
3.3507584503958
42.099092977821016
7.933404809176428
31.501708102323917
15.195128912901941
14.907283483873453
31.62094111121402
13.16854352989825
29.071768431682194
9.911148409470268
12.350418716799584
21.18592335479055
22.789954998987273
5.426575789446698
28.20674403213001
31.965113101625054
8.685802909508569
22.862139731639157
17.293414956146325
12.076996532270075
24.539660350626093
11.852651405796
13.406523301675138
24.035043763710924
18.81412207285087
5.473440455102508
7.256643494107464
15.522825422595124
12.47370372358434
16.47095484011518
6.690499543576548
10.719325960659253
11.290164351448372
26.831793495912674
5.8589391674715925
22.26537130299968
11.250411454857485
4.052942826379028
23.49692198752726
10.932939942503783
22.730342224503904
20.310707283011638
4.611575448447794
15.883055753355125
32.41026227173521
9.556601480988453
13.892328023172572
9.757283932006374
18.896982842517236
10.615199175567327
32.58708496732645
11.82998056362991
16.708440352134744
7.161332216911703
21.428061367021726
23.31839287801084
12.585810723532216
15.764521932894912
8.188375184334127
10.597246319373129
11.896687717348147
16.488646706507357
26.30866196020417
12.33455689946816
7.825209223666709
23.909711302593067
15.644282732017116
21.953896679545554
0.9795388827107768
8.964184669343743
20.02792455989007
18.45212239425877
21.78216879664221
13.67588813916095
12.775678762399124
22.044529256592067
26.233201263817136
9.459089124984242
11.790154765260207
20.778820644592162
4.359061071238158
10.462888350296389
1.959555969004897
18.984849790074684
15.702091934303017
14.00567060746016
5.986165685139839
27.948846178247926
17.11346163278714
19.17842564393301
12.232645118672993
25.109587219953607
21.166410360926005
25.113851169459892
29.512310060129472
14.56912036514429
24.385126830017242
38.93839727024957
19.530702258329285
28.195537752100783
34.71892807615408
12.830828398686082
32.341683299303526
40.465481667537865
33.16270680015335
13.392898123143588
3.977914266587966
19.114166134657385
17.436200868450932
11.22643682550555
8.162331784809725
13.381594514821666
7.831896925158238
16.49332377200602
16.860086686459784
14.836678696473044
28.380184805779784
20.587963164499612
10.972425687844474
5.98274475081826
31.577219274220717
20.225505866861493
16.928834256157877
3.585653856566972
8.136806694041464
24.91978473180831
16.247982926551018
9.684936836725546
15.469095028714348
4.8412911919683275
27.82561511649452
16.189660355319266
35.6190167057377
10.53397535013283
7.724848195583442
8.059925378759274
7.70390866808185
20.57604782841437
21.482048044986925
15.848694055944975
8.574514295775797
5.025198562017206
19.09243024801465
21.55316307262059
16.45503765172104
18.23788350207004
21.51346740778744
11.255670065420095
30.561869507086733
12.526662087755888
14.138848739751023
26.01372367731363
21.868799104673126
4.529393215087386
13.989090383102212
22.120027230701023
15.30925764906003
21.64689360396014
30.69812507387569
15.52573140737067
11.529392178418453
19.903508457262785
31.01310066855555
10.187068931249422
6.528773974346433
27.582987733226854
6.890268076643157
15.033030306894467
15.873256473774633
5.530485744349996
3.007607396722801
15.039213579228523
3.506907048400832
5.6173348153678795
17.730333430744246
4.700263116071313
19.011970820661784
10.215063097548033
17.884996547284324
2.8190961412158067
18.574084837646737
8.417076423324133
32.84227912020763
4.570905472779465
15.738221861700183
12.238293972601051
10.318948444775657
14.657679901594461
10.282426398435666
21.080135074888513
5.7673714399022
14.079090876100572
13.489689225474292
8.122441498567294
8.556772281736597
10.687261058207428
4.444367807242285
14.041157829732382
17.64103648380962
12.796307443699805
32.161608693460764
8.765437236473133
11.006119322196417
18.659176826275
19.790892884071248
11.759250135932875
35.405333840393745
1.1370218045795935
19.992051941999037
1.9090640337934734
3.4379172195783134
7.12124118575715
24.07913216731554
1.83991128196747
5.904466490454252
17.184005491398043
11.201920779872657
3.2060100011649744
5.3598914432852425
3.175931573841831
5.047895899694334
3.0978772301732995
2.609956711510135
11.421721811616328
21.271921855792613
14.217231773332953
18.791205014634873
9.658470353163517
7.447293776013237
32.80591295544016
10.179424560536697
19.3126362329835
4.403281047665881
6.122109741407429
6.365317013595324
28.022466089802695
14.253207158215767
16.250063564436324
13.046079640961066
26.05170902981616
10.248431247847241
12.437689178121094
16.496921380577064
8.401216980945998
16.78626871789604
27.600139071754192
10.337151725222535
17.54763062071802
20.048771374202577
12.447004538431457
23.286779097583214
4.962232603593179
15.37509429042601
17.495158368245512
3.985777279169582
17.50292831451104
12.082125089100023
17.983449495905194
10.921758326465817
20.64217012009736
19.22927543769773
10.622450752971595
8.538724626734673
7.600552676022351
9.961650911279001
5.324359460722244
8.267191815487019
20.672811151538394
7.822935342385621
12.30918664218111
10.53115504785382
6.670120174874304
21.139942987728336
14.119523650746201
7.413927732874384
15.879785564865195
8.668143420871399
7.064644026361336
25.980664625845936
21.700090550604372
16.507156814269415
7.173904381539157
36.7078508387029
11.491703602465343
8.49798981139233
9.832656595519953
10.067458208158513
24.52722030431052
12.123561206312917
12.77567253337539
4.5096880583843735
11.383482459713816
28.89171024776798
16.145288208236206
17.011865273921085
4.56881151659018
15.967461139944035
4.910251936256281
31.89078756786439
8.84621002419349
10.009002462054335
12.139460718394577
6.614505825377908
6.4638081199970765
12.369273001608244
12.563681082272433
14.718090613836813
12.612314276496951
7.14170170516449
21.604242204539858
5.308204602289905
17.502528594786206
9.5518429198633
14.277816353759059
14.451248150506897
14.23518182034172
6.491465710357592
13.736202737185595
6.896447077215342
2.229440874612547
2.912981509378824
6.701057533056979
5.139783562188026
6.18249409238424
2.389929578931071
15.964019643407807
1.4642086289644518
6.275268260479222
8.426306072187526
2.3493002299017274
8.175332360345152
4.881854021383801
8.556245574354184
11.269316534777708
11.865987438352724
17.28358446517187
16.72122447306619
13.962214365203176
3.805181924855465
4.666685606180647
6.344090534662533
4.571822073260945
14.044021267266219
13.396904368759769
18.74480668071495
11.262110019031478
11.435345995675926
13.552984147734444
9.274618694860159
14.954078880150266
11.043321279909184
15.959973821754488
17.867053715007295
6.575107094502499
1.5663868925794886
8.770759932267072
20.703009473964215
3.653920979839458
11.741393119180566
16.34512325761656
18.66888851647328
9.83712559822044
8.988291945961706
8.621407205131087
5.531665620242396
3.9817643563138416
16.550245499299425
7.539766555656563
6.491523156230274
21.12169202273499
14.60247618389945
5.158772536706156
8.527273740279883
4.836644909481817
11.952108883936539
7.804781129545487
14.398486493237849
8.313904200848917
3.2894980073976643
4.202034411375296
12.270503763273325
3.862203936215418
4.683436810825601
9.08680777059155
11.657647127452547
13.803595873077557
5.581340065179681
4.38712064180653
11.697886022453401
1.8072124283933404
11.505991139313808
8.395860227239384
6.116422966590894
7.5379107140839725
9.155099075862427
1.7247795734446065
12.652334188502179
9.019006786968145
12.969893613162569
2.9978755125749914
5.3970262994644544
7.454588472607778
5.458911090294073
4.710746986410246
7.737006036233455
4.628878111698206
5.569418935575569
5.912210289623228
2.138373891428731
7.227132099774208
6.513808425551106
8.995143913577586
8.807467803633802
3.674732035958369
9.824640416752816
7.137906586237564
4.437126668097658
9.833097279565097
2.305966639481369
12.815143211144054
18.393451435534647
4.014943036395024
9.273059361659762
10.69931982654319
7.826613026836017
6.437905497280157
2.61257827718156
7.955481235021419
9.394164112849047
9.786048310775653
13.940324663402233
5.527685212827085
3.8339165114832205
7.704080672122226
4.589487317068522
6.560859669629688
4.191593225595723
10.991190569997972
6.393026328744381
2.080217756196926
7.505551604121085
5.903440806249177
11.586311708783859
4.544681275175943
8.28887779004225
14.185580829864938
4.7559633827387495
13.640178601342875
8.79917761251286
9.535198764292458
5.779514511047754
8.732288872839831
5.430824535860578
7.374993310417579
2.1996761605829285
6.065662286077055
6.465865113532028
8.405734589324377
5.383423603871314
2.768830836625947
6.464867042512756
1.3466954187014408
5.011276390446314
8.722079440088203
5.401899818354001
2.6842801627950292
0.31650507945268125
4.32154832659747
5.118326929012138
8.648125557855492
6.268069410292061
7.273996958081159
0.718283899179076
9.117065653926591
7.410870989735431
9.096865786071023
9.335180893945724
2.167935477787373
2.9959025353125948
2.8338662755317605
4.5141111154553935
5.805287498185307
4.73768112729985
5.076064783534837
5.607291402294093
11.56439374428445
5.832522066072267
5.353796103036973
12.794601949982896
8.523203943498455
5.172622107910699
3.1133398001575197
7.015906261674717
1.4343122543709967
7.384321142805348
6.716152906647611
4.837280689913868
5.012355950802483
11.359883514480558
7.03483159157605
7.183523739096136
8.442413176578807
5.091922550773594
7.128632976555208
2.0966591541483424
4.314877569174692
6.909991280726345
2.2264740901130424
3.2660017581886835
11.711486930360651
1.0210281098528318
5.14285073880393
4.0382521467724
4.305236863111661
9.393421497866331
9.174179787212017
9.659644895385547
5.922655630153125
7.164781774825098
4.126769188389989
4.438417952426301
13.660837248157758
8.547087769751819
2.0182548833593232
3.277344211149319
0.8090944601723086
8.087178741075242
11.461333582604084
10.374274788896926
5.696670736429531
12.38430791229828
15.32726284005868
2.984179421472552
3.441734125125395
4.488517667027727
8.631600546231057
4.315658954156608
3.6500508855002893
3.7329429415306628
1.9428226633524968
9.047063473242739
6.079909999957956
1.2443189848108702
7.650869420330071
8.261571491775483
4.1538054765893415
5.730978849532316
0.6892423380189694
7.4288893493284816
4.897916989661968
2.7461215505470835
1.8386796319806415
5.057672594934178
2.91761908414869
1.5781434127648715
12.055568512609748
2.575271791172063
7.907516532019917
3.1723744781182535
1.4147556522442046
8.56671674888726
1.9562597639173525
13.385129375256383
11.429188021057033
12.125584597481373
9.61226950800081
2.254250917205608
11.102071369568707
8.59923254162077
7.334069063515853
7.128612620999285
1.6682246275083272
5.830481539865988
1.6421000420920508
12.995739306744692
1.9098383392959548
6.665136679529058
7.479738448487719
6.601037393377151
10.246686430858983
4.855343278429891
3.4721978176902746
9.622686735982176
1.8572811537457843
5.575155805152134
3.0554638743387375
8.783261016331027
13.368760883050523
7.994849654424882
4.9434866655281064
3.055060776695914
8.776725151857631
8.79167619676591
5.908360968549337
11.33993617572422
3.6487581432154768
3.1802604942042754
4.117294768813432
7.5616522964817685
8.142850230442836
7.434161644856204
4.241813069426412
12.22262040410046
8.433710140275057
0.9465168681168237
12.424684113752363
6.859484156186914
3.979367779350252
6.718193761228362
11.787088864788418
12.893330857614172
5.566846537491244
5.4157495265689075
5.305536519331072
1.1103515666631982
7.536160113860734
9.803314303104573
5.5655157849645285
7.9979165397934295
7.14251057950041
2.615760697736073
5.135842606559313
3.2399121679306537
6.181026982621234
1.4323253152413076
2.035212401934621
11.84019510134185
2.705294679405317
4.468018435894622
7.4653745538713565
11.907219722202305
5.210473259888889
4.358990884397205
5.284710843756173
5.549600812120915
7.543692168587711
5.542589973441706
8.154135946009742
10.545217065396207
17.824318124770336
4.905263529364297
9.347682832466733
2.4058261487594534
3.5476762212186115
6.140871320666142
5.222403910078388
6.164953358378808
4.76763779856688
3.7748538019838382
9.921029961844713
6.979845273516683
6.060453139469627
9.725795204087659
14.04331049269431
9.95334875682274
9.361201898342806
8.8448543125975
6.821511301724702
7.898720680032738
11.736465562359996
1.1041197116259616
3.463041449531442
6.658639996450731
3.3312093569935888
19.933436467900446
