364.8711
54.80291035461361
78.64154849253916
79.01168268426464
104.40647364599023
297.11576801038854
560.8553543305968
885.3631058254402
584.0223088377433
214.7665356357904
180.56154193039904
334.1712611802957
564.497588661893
773.0357710071173
786.4628995674791
699.216207756607
139.0348832236356
519.3452830108271
622.4000143060092
515.6217223892326
340.45394559606495
403.43692318907307
273.39760546485763
158.76881946607313
220.5405399270656
110.35375268201
111.16500541092586
414.99115055961323
166.15188509277024
152.59706838006903
90.71645941317122
152.52102075559074
132.39184974839785
202.61094130455274
23.72418219227784
131.47690134792646
30.818648265443095
81.25814067708056
197.76663696081275
52.41700067619282
28.613349408249018
152.33612769894404
198.91013193843395
224.44098526709132
270.84276168862345
61.7062827040915
137.9797806266692
132.1932313991263
57.678372123560834
115.08540743136749
225.48906098761026
33.19376058559403
229.11144541818172
277.17181877833906
144.7092574549753
149.7529766229847
286.0582536390334
248.2997568327521
291.77699317545824
180.0827103136943
197.95101979477334
87.21426626230118
296.7767352771888
102.72861740601088
52.72367135821478
192.0006260587899
228.8500731045324
176.33885043106926
172.37501814791625
241.88068039791932
153.9120801710433
147.64421229014002
81.3333839511635
179.6952523876606
91.52011914704875
64.23036195267649
261.0844366761101
249.9667272493252
122.5106542062132
70.00476792816396
65.60160008759058
55.96936756119624
136.6438062105407
133.40508782383128
56.61862761894898
206.426022268497
51.69045396891828
58.24557645850266
121.16504519676089
148.7032665457107
64.76012393427695
163.0963180160353
112.08033766075454
88.97000002937898
149.95996455625956
122.91922424880572
67.63447766386315
75.79239099778111
152.89735650939386
22.559300598050285
166.77356061820893
60.1108136314463
76.06920189928502
43.2075894534547
152.0772356713769
121.06922924966842
107.60588280998279
44.34465167414495
89.97271898465739
34.764640327464996
59.07655185231001
92.6127957822717
103.55849047819844
33.008085228950634
81.68258309027843
125.83534302561127
123.33135553950517
59.80838432191451
75.279124523521
59.97806451792899
78.29256825574079
83.42636813934519
61.9540437329854
106.14608922942922
46.59251191574399
78.39516334481091
44.24388424787929
10.845756693730488
66.83937984427018
77.76855354052627
69.31181749484519
54.547795728523816
17.350398901396453
90.92525472636143
122.00901557916181
81.84612574642084
61.60625960150769
34.170602960642604
45.10733545618733
66.86816654981145
65.75400808427936
93.1040960563241
97.08552454035691
100.27348686771103
71.5011467117055
22.70351556242951
92.22822956344764
35.0454165018089
36.416521273483326
80.0951724738405
39.07212941630667
16.15209973195409
66.6556335791894
50.05453800879168
54.49915050984131
51.90048668421402
62.16502101909271
62.63069645035354
81.4217451442206
82.62317354900765
46.014281278003146
46.538236251167255
36.015501712102406
91.55501244562672
111.0765783081816
32.0147005355595
52.89027685078015
70.9950671612835
88.96017788614314
66.3126942378749
67.6016122048121
14.026171557326759
46.82260439769887
25.35791776187382
23.33995783107277
64.89930482775053
40.132137363904086
62.50131337750123
63.8421065100894
25.796145214093592
63.422095281989094
23.748291517384583
45.1303048321817
35.75353484007304
34.456199308687765
41.169582656991146
47.07388549570804
49.32618946124972
24.068456220799916
15.53765433350671
45.634829418867774
26.188188422388432
36.57388841158379
30.516179165747157
24.70140667283233
39.34686737499731
52.996880767737125
20.80112546755611
37.88598864322868
32.82559333986143
44.728043992719336
20.75133077880984
6.89596025385575
37.3474248403659
32.28539310958656
33.48034233442949
51.115413960140714
27.42236057378422
64.85041013471167
42.594150942056025
43.48516406751115
30.380424204315982
14.24670014087404
43.450836177838475
33.64290036695211
24.99890283975958
2.3555870568546986
13.14339788357508
16.245731355072014
23.596800894453303
27.521688432603757
16.170642403848642
30.99841624024378
26.03727160509919
7.61218172479666
5.720181275727238
8.373231380367088
13.699360579205727
17.449686967426295
27.361733796804078
14.974437899166508
33.385976084141106
13.370539273844106
6.483094264757737
19.52385280427374
20.724771564460934
7.620807042188801
20.579364189571326
46.112792843907144
1.7069697770553907
36.46730127859078
41.77834033826361
16.73712976036173
44.43622394635591
15.490861970429538
16.209573714747282
23.415771248396187
20.038362465782733
41.936300750471766
11.16764535528952
22.628774776166633
29.318932452843743
15.615837645206016
27.338793697311218
41.931177538683656
13.613514143127066
6.639606390270807
53.43200772579658
41.93454146909065
18.193273363045666
29.871921116325254
31.246036483768297
25.174782642384166
8.100607540500127
27.35484389101598
5.1532112500104645
18.94302441147364
28.16257065432769
38.081462824519065
26.658586207031636
48.94714791927453
28.93837210230165
24.745156982482182
16.410127853182367
14.48143558690636
16.859561420019798
53.86520062754395
39.857356683035434
25.381162335493972
10.91316444356825
4.193146496575766
7.5682840714533555
16.195754645519145
26.34660626337487
8.58357437909808
23.1183336729724
29.39103826257047
19.248304075280686
17.19199135397363
22.531177433094705
25.21878731560829
14.462365896131212
35.611974259467445
21.618261151412632
34.90309602332066
11.59950875751968
22.990921193653858
12.419347974357027
27.027056292774034
25.385295433411077
8.491030433493782
35.61874749376473
16.780268360419072
26.98822618903727
2.1470215003714777
8.53245425803924
17.454346621183486
31.981030169586752
6.947891704353057
38.729623994288715
20.73140109894035
20.872183942117097
11.620123465446062
9.906985987532492
16.094475371716463
3.478090919182831
40.303962491106354
23.423927382589724
21.631819774826234
16.35914716295384
10.548579246489039
25.54959902047398
11.784077783171067
23.36727816270002
3.244192508603633
17.75975280795787
23.25936993718938
44.72690546868033
15.760189386902331
5.203167736122619
25.711098494503748
23.440224002039507
6.1779512366421105
8.803658515117073
19.963386897821405
23.000304197950378
33.60398035572657
41.026702750295804
36.50751312667824
23.275172462639045
17.862827129374015
11.599931901653651
21.010296897739174
13.464506622997645
17.235524373311087
12.097867993085064
30.95778317910308
40.82203707396759
21.496448230080208
16.631247889660262
49.299807388464
27.107823510659014
31.70264316045142
30.639384118122944
18.935529913214044
20.615411627609745
9.127262528999202
11.372393105046646
15.798176197008347
35.01953505894656
24.03655755117442
9.53938097823305
18.130484531844445
13.371153820543022
20.504866176138524
40.67575401002268
21.10882287510772
16.698861340974634
16.00512124873373
18.459400493805568
11.555109060346572
18.285362582771185
14.173288937443756
32.894537717690575
4.03379709549966
17.678948159440488
7.701043182778461
6.227238528955262
2.713814655689565
25.281742741537908
10.781751203370602
5.48347564333601
9.20315934688336
6.641114739212422
9.158479638929053
1.661872336351653
27.23807463599926
11.36000547455074
12.054830498214681
14.163679968234636
2.132907772022169
3.5508431830817115
13.920723805971361
18.105519142063077
17.152196600509793
18.58638187181462
33.228243007590365
34.42252763268264
17.24536376894306
11.39609937292487
33.35525687687542
34.813347548101916
28.571393991660905
24.58189044742595
11.304849161094594
14.905891657764407
13.162634774281843
4.590704190649872
10.78586323466925
19.023972963553046
9.7535539003926
49.045511191106506
9.462764781779834
14.149897505144391
26.475199628202397
28.08662324572438
15.463723942587041
8.137147813954567
18.807289697422068
9.622413318753777
20.04064868349454
20.702833609560578
2.729724863032051
4.49031909073793
11.832588764741704
18.514217724090166
19.89661374854924
9.327721439212487
27.471965489881576
5.886664776886216
7.257524786380093
28.31589930575692
22.416241816953136
12.733569661238155
32.00478194338508
16.44740336916994
23.76026751412409
12.593001887839085
14.173905291753524
0.6533712301073606
17.17735639201428
19.722922768394014
6.2067975605584165
26.209353619165366
26.923304476789
6.259095325947276
19.429361077663664
6.346031054204673
5.527964893240687
4.411634851041999
52.62567268567644
20.452705896946476
16.245751138508655
17.302490569554177
14.627698779363051
7.461527460143516
17.878465632729657
16.779432265937004
5.983860447490844
12.42242945172887
12.784239494855019
17.856424707174913
5.833092267926051
12.89315879059956
10.855971798628781
25.56796783349209
11.22164791918668
3.1395947740372896
8.528721697757371
15.988758953103877
18.267909745277894
12.359586543891814
10.225186542719275
11.887081516374575
16.089867413306326
11.683482574131396
5.606089091577868
4.593689444584518
23.68307629432524
10.198351703362038
6.270591731715704
5.0168340061968815
13.199273852522529
19.49216375337622
10.243878974323811
13.496057402330354
5.784648792703314
18.587752441253613
6.202905115871964
14.464550828769895
9.229771611972382
15.77960809635078
15.664087587204918
5.657412516051621
9.84056971751214
11.814717480584406
15.194694309291519
11.651568601699989
6.65251139317337
26.008555911342338
23.102648276845894
17.10426307971795
15.911293446814545
31.234586803711405
21.293573307374242
12.169337525045334
17.65657648456957
25.172414509803936
14.596043918531597
8.296177822255842
11.286193382359796
17.32130028758139
18.729083090790027
2.0525686355547146
10.457939736695035
12.395682369956353
7.9919110578251535
13.411984203463184
21.78934882230931
4.9075243139585805
8.444536477687663
7.449929630210739
11.390688713475136
15.430720085534217
14.561615124069906
7.991907918305601
17.18941651282944
3.4385729460042214
1.570371746126533
4.916549406366776
6.8464982708571425
9.132635740843048
16.5597908186778
3.580917966505511
4.753569329983021
2.660548733651257
18.020745459953737
6.683864060663908
7.141103181241404
7.1994693668799306
12.22169979906777
8.905854596830606
4.587923624341025
5.701592611008423
9.071854337507833
9.42281824609995
8.20245005825414
16.376775854590935
12.525451078476404
25.576092957033406
40.91329748336528
14.039101457701156
2.8797629623221352
4.858172860091904
6.133972358339552
12.648649876853419
20.431495169610365
2.739170593268676
7.44219640063697
2.5525561312307943
15.226525582809382
12.080791717897009
13.112967712299117
10.063461152287585
11.594648592011021
12.618101187333684
6.782416028902465
5.982335619148694
17.278933320957435
9.99924001769575
10.387474176166124
9.99842670174136
6.558135276288745
8.515971647447492
5.365821121339541
6.212019062106684
14.81031656492144
6.1531492564394
4.6493532736260175
10.97268592091147
17.904795343647894
8.759229290358839
9.668046147766411
6.938205874588343
7.66256469489195
10.413470594620605
5.152350837572001
4.301120196137577
4.879412838023955
10.156729884136428
8.413645391472445
14.033239543148117
2.315306489160433
10.619416477518488
13.453618104052998
3.285269641508138
6.352128218607904
13.677432422513032
6.335294970043722
8.058315051299026
13.349973940714314
4.175868693472776
4.683393157750136
4.450528611594188
19.08949070651683
15.786692050007538
5.948859798821456
15.922473810126716
16.29475725220086
17.90854392008109
27.881771740694948
19.121789640498204
3.8331493822596885
5.794139160465556
6.307569885183769
23.85922607005591
12.197963781811028
24.8234278066212
15.039055611006335
19.175664218133374
15.218605759416688
17.763474100797517
6.4021881412821084
2.8991783097434705
5.743958288638696
10.65188627857974
7.051194268819821
4.353816136513661
14.776796025231349
16.659548511230213
5.781664428866851
24.803563505340975
9.85097422490343
22.387463183111485
5.391392109528955
17.45378717884688
12.175706680144305
7.194264427747191
3.9383573419901787
6.675379577535099
7.291116841701685
3.726919738328835
10.469106119606197
21.74326865058284
8.131594793302433
3.359689517878058
8.793698306445599
9.961662951511622
15.731255120943418
17.786436560024185
41.31135436134855
10.01894245041202
0.7825144270560024
8.430924596833304
5.433415547102783
10.34467946933763
3.705478547487729
21.935448910495083
10.538526811374437
2.6077209556032614
8.992815604093758
8.232938275265676
6.278325629493144
8.727118941889092
10.62517107511281
8.594393218805477
17.45604410701398
1.7723458015133298
6.513474457092963
16.34699943331076
7.1050451423033945
6.066351264217179
3.274566647234679
19.07452614295227
10.652073099681704
14.152868268174489
1.0925777838812392
9.000595122234413
10.413992485205487
4.837073902151039
18.352224154002585
7.878768063815963
7.168473099772185
7.180962497952526
16.866895418655236
10.5223534665264
4.192663867428039
3.7717127181704004
2.010449317297132
3.358605216873588
6.443682447316337
4.001183947890029
12.099059593702618
4.273024255038342
7.658078047227161
10.950103429541798
26.417311586862326
16.862757253425027
16.235708177940403
11.272288706404154
3.438766119172316
2.968237186679458
3.418646106528495
7.964169986175568
3.11273598255796
9.344725056110681
5.260740261763802
3.0274275791365435
9.785022182064456
7.431475964842013
10.71592818104827
4.472832896734311
8.886387688678973
8.370300898086905
8.259633690443463
8.323387886711604
9.538928943378448
6.804703730238504
13.92203405869727
10.591294485443182
12.846243971247885
9.532350487095863
9.61652907523227
2.579616572721641
5.2108886252169295
4.093972528171709
10.536419629597582
6.752715526599008
5.3037724795590915
7.712112968273929
7.24877119836898
8.631050565244589
2.693002942484361
4.328874596101733
5.742180739474914
7.684611073012354
8.511607598499797
2.531703496344195
4.3343441176029645
3.031192994320673
5.371683600888662
2.9729490258065847
10.418818726980147
6.8195170170542045
10.625659858722084
5.1426532503858065
9.27805172491101
5.091538201567125
13.386324636949741
5.131658836354357
12.198769581172925
1.971209542437215
17.020565856329878
6.159646079662901
9.830213664806301
2.5772313915556264
3.195375517997743
4.425280193414901
9.290121293602384
3.0348634344438614
8.998060245378522
3.8828625195982265
2.193484425960803
6.793199878438837
2.241837782241629
4.112787728050678
8.630271101712442
8.871807786841632
4.13197386053483
6.235058089109345
3.0639209886190595
12.424421828977254
5.8514649603506435
6.3749911594380055
5.3065577900302
4.09912157989638
11.591832344346885
3.273202094409767
1.0417157815669602
4.289633502007466
2.5468136647213253
5.616933996350272
4.32109008134115
8.935158381069881
2.570654930446397
6.587614463408281
5.708627729877704
1.4981896470425826
3.029760710998544
2.112237724047474
5.559102825980814
1.323803188842148
6.173965493591426
2.4715811982944973
11.96447893158128
0.7324784481119385
2.707351944930881
1.6440794879590466
4.875398474909711
3.5537591428574897
6.045403479998216
4.011032832805258
4.407552779862602
5.048363186680092
11.771598932254356
7.475033893635373
1.3616800352592473
2.2116646377141254
4.991572101012195
3.2121754312445714
10.206046152656935
8.310690688261035
7.495472950222832
3.5683863857607148
2.0110485374163263
5.7837180414850415
5.199846892482224
9.318018146957796
7.861132344548594
7.188808350073811
11.122155223898838
3.3345037725766087
1.949711291153034
3.2751505511338754
3.099922120327939
7.409510968242403
2.4209258408143697
2.0952795858634894
7.85522669164819
9.702399041135948
8.468542987920044
9.056863495354118
12.854274447679359
4.436744297731574
9.645399851623663
1.597531554091819
6.113355137240604
5.477299126627385
6.466652665615664
3.8641857170858005
10.9990630929251
5.781832342816008
5.810390121810168
3.4370861062748537
5.171066309281039
9.08682321627708
6.357684504516573
3.290209938341544
5.425982326395111
7.938907793336117
12.87651319570348
7.328345543559702
7.486882950239606
9.313564578558227
3.565814193395574
10.705335720653366
6.328521766521063
2.531894226291406
10.233839173547192
8.800540676774597
5.4549952320242205
8.384517179801179
7.484060762288997
7.251334558028201
5.765148536153157
4.667377242038534
3.688227938251846
8.451949366870762
0.42462447774098827
4.979740953658337
1.5906085622970492
3.182156757792229
2.1520167749460923
2.6977222608358553
3.864338032444494
1.4465135692213547
9.852935325777187
4.455028492004826
2.263254346973862
3.015097589413818
2.3496533110158766
4.815581751263689
4.560938925881869
9.78291650446089
8.527118210572208
10.700174324547447
10.2592196887361
6.277678527964984
4.159848626465009
6.160206326604267
1.876772879183804
8.680871516907017
5.687992279022889
10.465161942539815
4.6668856275043025
3.740658476717382
5.813037358109681
3.4042606415859487
4.811113117170894
18.731150020292226
8.577403033801621
2.8673625092153796
6.75620165203766
5.716535598734602
6.273241069863602
3.039325998559836
4.155387332899177
8.193345032519092
9.069028971342084
7.172758887640733
5.913003632211997
14.787414129585171
4.9790661314373565
7.724711261065963
5.412236675889346
4.262996496255872
6.990681308762398
5.3850695196849365
3.9612085579671854
5.464048721747283
5.490586604262864
0.9386758148666002
6.927411453630649
1.1715604718017412
2.91645369822342
3.8505487212903025
9.197175351697163
3.9968638727930195
6.693880470964855
3.0694505761700057
13.802008609771935
9.426154306119722
5.971276793254563
4.325266062616399
4.022131463872019
4.311927467583958
3.92701633880362
5.770741139488325
4.317561414208259
2.6440911747707228
3.180220779339371
6.176922314292718
2.412656121262976
2.3030098511826904
4.157877517625293
4.161433695934378
4.824929187134274
8.583342286389781
3.15453124944565
6.160264713924255
14.755798511557654
4.256239870983701
8.974079535820243
10.63762991141184
1.0961772110906112
3.9871268886329054
8.259742697081832
2.1839437433951
2.8061643765536535
2.7722682781096375
5.381896124502845
14.236937166333453
3.0136876071227765
1.9154835787847966
1.744850814324687
8.039491866847372
5.529388426983086
3.55599668410183
5.5073237239405195
3.381796806669942
2.2367096917752276
8.024389736338707
11.866738927135502
8.582491010869315
5.047694637783086
5.725919562801465
6.877233912967355
5.8402350025435945
2.5543531700568343
2.8021652735281664
4.199815921974649
3.97866984187489
2.4999420929907
8.367135670621408
6.887043254979204
2.53424921194658
3.9898997725294727
7.762693542280499
11.185903123289192
11.079115924330821
5.5185045689739685
1.3885253492217198
2.752657489993149
3.982181316774011
5.588800762211956
3.8849237000910932
5.912472883377865
3.8628979381097386
9.526836580229126
12.128246588495873
193.49400000000003
28.893691314309436
34.3860892223586
28.731234924528813
67.47902860948034
105.61729680121351
81.50373740815867
80.5187544946746
127.77949741124675
121.82041841775714
133.30496258899896
150.1121335755744
224.39514344761278
108.52245528132379
183.353975758886
140.93325440786592
141.40621456932593
21.250436857693245
186.06099686287274
61.78073306761537
124.72135981865613
121.33923322866788
107.57320474194418
149.63289762115087
301.5054840107231
91.30231653948957
80.29412924933537
167.06251105293893
118.00031862844608
120.62725508093138
232.3995038557039
69.58410513640139
363.8798201582591
348.54579700103966
122.35463454075386
256.57968880529006
307.4048585701981
311.2709769799711
195.27458927475723
59.65619492117484
127.69287709965457
140.0625692015151
164.17193249293416
70.85692317777061
321.58895458640507
303.6882743488115
125.77731765178969
387.35706749439004
229.07635031642636
283.10398333768705
296.9731429067319
245.88674816256196
234.95596546989663
334.61427970779454
287.01596540383065
253.54512215174924
120.77358340906757
76.50117731813346
183.4971517501106
136.9239930174902
14.671011831986643
166.98178811377548
406.99164250092775
195.26813958987114
168.1769847930845
70.90981894295281
125.1853961807095
103.35711445491214
195.0001180921334
184.30195932936596
4.502113749692552
56.742359059427734
192.78682337294865
71.13296590113653
106.86992297617282
37.036492062880285
129.63052913768638
164.67286788049293
110.2142806533134
195.50721619506808
96.01499407116691
177.97340832309118
119.11506203688332
160.36215114467976
202.53277424555628
40.57080482114362
150.28399886472786
235.0371494317104
166.17691275106225
206.17325378192152
92.52014205420568
238.70063098853663
130.20116681016353
73.0529856711438
200.83453111920232
116.2104376888377
206.56186619369467
151.36273393033744
141.59893561919085
49.0510589804833
58.15855421998173
143.48464194601465
76.72860557044977
114.29928299617454
43.583282435811014
128.08568309292377
86.03538540646443
116.76984844605971
124.69709000514368
73.89033095906564
71.8467913168124
109.02963836630425
148.2640649371888
72.93492516233238
116.46385791077073
180.5411362616951
86.3858961803941
66.74681815047482
149.4916523511359
137.3600357538549
114.8716950784218
23.588674344107122
69.73495562217174
22.366743485393307
34.0864630233784
38.26460593237142
8.808204569601017
150.05574129226306
58.794436800826105
24.354799526780557
70.02163301777394
41.81042840335066
144.62689173007965
49.05624076183209
45.10707774169322
20.343576456854567
69.37079525560881
35.91789340088962
70.79428806929897
106.49854392857468
69.94079297206767
16.462175038540806
64.08805447627606
35.998889604628175
43.23519167371512
100.5440361739977
48.493168032460744
24.74631793997625
34.53409213108989
28.846859423592242
49.967301769516745
47.69737088768981
27.113373141438068
32.15516301830868
34.80935119657987
2.603663400733949
33.22928711681478
39.92319279134397
38.03233391640691
20.098523003413472
3.8873238702601878
12.851653438652145
24.23121344927426
18.230960608884054
62.18513454758191
23.907022223647267
55.63642248555129
49.0892774407986
13.06790807713801
15.706004041769749
42.04213149864109
16.53541413795716
14.523487776168347
13.271838846220522
16.460047267811127
30.058559842301005
25.6794996183112
34.24564129715357
29.067879089053456
12.632486681189395
29.892861778361723
20.705799606259927
21.86323960175954
14.534652777993442
31.38913239214463
18.74503315776108
70.28273437707956
48.50682574735602
46.553453006413456
54.34039462315978
50.16147612316798
12.918141373211235
29.96160775445439
37.320249283376725
19.759619696131274
29.43218806046846
18.60098541413767
46.382727915012794
39.94354114397655
71.92583397172793
40.58719964581669
53.81979354333602
33.647230859987886
29.871335263544275
9.158673530757271
18.43073912628079
33.09094086836176
27.912941097750057
31.858604642033114
14.839141581807299
25.290120816955223
23.938664618900535
35.65907263724847
34.4717584761965
5.728497042495029
19.294942068198615
29.187261040999672
26.971049273753334
18.157754570469077
3.884334509642422
3.69685291043855
4.1917191504939035
39.339745881684706
30.89461402283295
43.159820902945434
11.678628430163094
48.586392471494236
54.25109275688198
12.445306543116057
46.68096050074457
11.003299581833376
44.187605989728794
10.021006452866784
16.510513214387153
21.783578702214577
38.44158886365712
35.59753866922805
76.29014915962537
44.9425871427917
14.435492548934423
39.82825268499465
23.421111241822324
16.262276925830857
34.865910644961325
21.52555173765479
19.191308780306077
14.828028323165935
57.63060675041104
43.75220106586947
25.666391314063404
39.14936721350009
6.42185214562607
10.388351470378884
26.154026220832154
28.895725300685623
29.327905099082262
11.310312617100733
21.98913756536255
7.536816414773417
20.701574233133872
32.082886130325704
49.47001279145393
35.14393264831282
12.565411786390293
18.341322892175263
10.104527967942728
32.66398462229896
7.107761558653338
34.45326877967323
11.864016630337348
20.436375913351878
16.37651830891004
39.97917782717311
16.785647661250696
22.875698000515293
27.220921720314706
17.23860398779883
11.364732017456141
15.340839632800636
29.369655904432797
4.178034929302084
41.61435066088392
43.73507185262267
14.005963218962048
26.05126491308328
12.737174449475683
32.92878552349946
17.34130511494333
22.94926550339468
6.7001931493440585
49.858993888352764
11.461019672364442
38.46358332865687
21.905598245777565
22.50814669819328
20.151951229904117
24.16670235234485
4.275950531956112
22.364238801602557
33.82808740700927
21.346746171124785
15.170727542660497
20.297538784066262
45.79671881897116
32.78944662708601
34.40767761852311
5.379852899686863
5.590565293847263
26.377068297167416
16.0557298515744
15.2025618092974
10.307962678555924
23.02136453062583
42.35707987053192
27.807549353729865
10.213789089314242
22.470252620926374
26.223626010865747
22.712232833783144
18.076874257989452
10.555379792998412
16.20395147724347
11.272826070777121
44.41211641326219
30.342857801726943
37.84438282963723
37.96999082141039
64.87428653634201
23.427460146101314
43.22277930621523
31.630726335623365
20.295764601531044
8.382545777526477
19.941338053376846
28.543165572032272
35.47217367303373
22.084769633731906
44.427898195987964
41.88428746378177
43.31966943348595
17.990805315140904
24.845527763935614
14.427670450974253
19.130763280585185
15.50825680124899
25.643431226347907
10.04893500864883
26.388109940407602
48.37107386131527
22.380812498881255
14.096419256374372
40.19938356902313
19.604645334717805
30.874514993603846
2.2965817562955935
20.23013306912614
22.96723802271528
71.23452986128078
21.41411619311486
43.898702900616485
15.391478046229619
47.49616185170399
7.366405900729769
9.209023814396259
27.55956323163754
13.703790833631922
25.441646473801114
25.39645719622881
7.452583741122144
1.2336302351495436
36.81526562035236
9.480533682940544
5.083497249747332
13.27116654781329
37.562112236472956
17.88088548000956
18.959779027381312
9.038622367082082
17.163773111566382
18.948647775432846
10.65013146976262
31.417224016807875
21.199131822232566
4.374108379273348
24.454772314009404
25.725860130756878
9.724854707180919
19.01943089451184
21.299769949210145
21.814796551152206
20.24152939019248
19.444373414010595
13.265698665880741
17.348951653945676
1.805939398717052
23.57855271890098
36.33739050085442
34.620031618951806
24.71917500202995
6.979740699526033
20.8310565758784
18.247615777060055
5.045651187336415
36.19771031179364
7.230100071325112
24.039773556109193
23.717430750277394
36.7116149167847
23.286363564325413
14.39339623164938
15.294790268642787
13.127858969942169
23.265983050989057
20.689099012881268
19.135885771903457
21.05847501144559
16.557343771937965
8.881062003801857
20.597167334364908
17.773730035696634
13.890355582378445
23.550641087068072
4.347969753655524
13.518473441618998
7.563022787356916
24.698917723694578
21.094520155717476
15.724139184855362
12.54876533918122
20.21176027096858
18.993200264283846
11.557294182775355
8.945929904119367
6.2993354413147635
20.991516056364627
15.240425194811625
16.102360380697984
2.412538703506028
24.25169918869093
7.144844987660323
22.081924437819143
16.241950770097098
24.415709751752182
21.8118903051246
7.030009459865643
4.378721633115314
19.00541579166093
44.852795709653094
22.853194569092544
35.43128429188554
11.816649495607125
36.770952737202805
7.838956471402848
9.656494255189887
45.0377062440632
3.0115779324653063
14.762269141946602
11.943813021052838
22.924726631708698
13.602827026224864
16.67438237133562
15.224310534284234
13.969810505694241
27.95575338865533
2.7819998471297516
12.558140743542376
15.35927679381426
11.512049684471837
30.811731933032373
23.553332527658323
22.37017530085993
22.83686869839567
16.11806926875227
12.118959019936888
23.276330869649343
16.34538172561453
25.477257556520616
10.096683272376179
42.87904765953166
14.64694560998824
13.71394463723475
12.56607506837958
10.610788127888451
32.277895790912666
34.59229675500835
14.074583970060296
28.41845994954371
20.53072302211007
3.686551222952503
30.921111942806654
31.967194191713766
18.52879411114463
11.866842172645
2.9233994683885753
12.738207315175396
4.546606195274602
8.087635085733824
5.9736264613462104
19.189608254716443
19.253830215667133
6.078991843508735
6.1347301202577
15.071044852316703
9.415002491865726
8.442068385215174
16.579793256322034
9.258316160929747
16.677937377095127
4.965156331038835
12.31578170478261
13.916501464296616
25.60909211882947
3.870250048727752
16.627634210054275
15.114074142856921
7.518875167217715
12.581718965784441
6.789254938245491
21.359787543034454
25.44346848912122
33.915905120454
15.68425704690108
19.20995451475543
22.564944484650084
24.730625167150507
23.559396564380723
12.443942934953403
14.708072968034733
13.810910062179946
20.535521434531297
7.985353060509198
9.497214556259314
16.912607770530037
11.53165133379889
33.33008865770744
20.555548919454452
10.581017921924268
10.990341395506077
29.897855992154913
18.357664611618297
9.967962843348866
9.452101083070131
8.382106336076072
4.156316665586946
7.26649260549316
9.863598507327628
11.550736268233532
24.223253336218196
11.585020502038565
4.990143203338476
24.986369846134224
15.688818807254876
33.473671476284224
23.24860656535651
12.682245764888416
29.43146344271873
35.523928701605385
25.35311781078358
14.480702600561667
15.505632575651036
12.110777547561712
16.792584924211074
18.139478042976975
26.30890742938506
24.909105223948615
4.151694915737662
28.634770371000542
12.51323096483624
36.64449803467629
34.932386986910664
21.774835507713238
20.50815992109338
8.069324214143327
11.979828178714056
14.256976402855003
34.34067350704908
5.580118503346234
17.818819323991878
32.14567959461104
26.83509757189792
7.813392077635182
12.084071561777924
6.682728891096693
14.730439319066104
17.2250362888236
7.110084061567545
40.053974832144206
12.127256129574924
2.0830427015732296
5.520016375668846
15.040750261831793
2.6117078749264917
9.208855082952557
5.840368256629943
6.752004392057602
10.607749439454373
16.820801680445815
12.411937475648665
5.764998262251159
30.11246945745867
30.09987650725572
31.317708683638106
11.280691527201974
42.3275340001509
22.131669041533087
15.621194586749473
13.279244036202261
16.625733810719797
15.857371920527315
9.941918669182433
18.4440315321622
22.596263560904916
24.634037876702635
7.14986809274678
23.97059419985109
20.731414388460635
20.037843888118736
20.030246683474157
8.173803754599012
4.730967525006879
36.32201891215193
7.775371306526579
13.44229965399878
8.107728696585244
20.727314574722246
13.18188472561046
21.72120230623852
19.92680956388809
6.22900178999009
8.852979503448633
19.334319370337905
3.9301054168307394
4.606157173519264
15.958584252938339
6.513612838008862
21.52626082386853
30.229600827290586
22.989107158364412
14.034365043287956
18.186691629551447
17.95140761225559
35.74729908481397
16.940711233640055
10.556787682264696
19.0546479311462
17.054192288599427
4.905992909827131
25.06977269004165
9.896284047644873
8.247558888850879
11.916073457047386
9.88705249657322
14.966565078749156
14.356805597733311
12.702674789998667
12.648817344840982
23.123475573300446
12.456584345376235
9.687360135419807
5.415241109207114
6.928750987649459
9.647484670405769
4.217093736262436
11.161473879016784
13.585474017266476
8.730974469316571
16.11878958940537
4.307612128967384
13.296141849611594
22.84871911553256
6.529128909021562
31.112525488414196
9.139150573456035
7.025240282340064
15.061804012866702
8.06603457838755
9.576923043224907
4.132657174342289
4.52161727039027
2.3732497768428624
14.12831424854259
5.459768226865861
7.958946933708298
8.980281887265756
14.79687564110263
23.427914583181096
4.458837862545777
9.441572894306702
7.392712825549957
20.90124350412113
16.87981859614474
2.358290949013097
21.101417916500644
15.843914951759926
10.61991684248401
13.990585684163584
12.72936509851661
3.727807222397367
5.378089116798736
18.111342309616386
32.994786099197455
12.932329666740054
2.18853984929324
3.2428092732813156
8.126612233722284
8.17455067735447
10.751810468710307
6.665326995925266
13.811007200167694
18.43646812367091
6.47878223157165
17.647998799876216
5.437233180329507
13.71053268515404
3.0189212488299813
8.497873116677567
6.694794048709307
6.294167811203836
5.104246424707738
12.271716401806106
3.9736036151172405
4.742893500976727
8.85277379909874
18.282794505158
11.402807973119423
15.3567149405536
9.991820280391561
3.489631573688157
10.004683616901355
11.606278005326313
8.058721754225164
4.506631532877071
14.702071798346864
15.748528141057033
0.4258772122225773
15.983530434938855
8.269192507723183
15.357329096809687
1.778130472669244
9.800557789233974
7.817404185961236
12.075609746734395
12.862663289567164
12.26049772533861
11.74372843834275
3.098852541012897
5.629968588392738
5.7847249417594195
14.972938457048649
8.294493269057659
14.957334516667354
1.8820900442914619
8.412974815943839
12.47315982339605
13.032432869000058
20.875534160505644
8.26371667807117
4.7519764479273245
3.6538823310802164
13.515446643132073
6.232254772078849
6.352218200130207
26.061660925621297
14.027492744667754
12.540842161304925
10.84309418309532
12.545176856194328
10.191657332315588
9.514149679852606
25.217134961955527
12.076257493257192
7.221757177090577
8.354877096153382
6.701209766365868
12.194003220802347
0.5671956528172936
3.3859126034511475
19.4584045948039
7.475310883573399
7.825174995986662
1.572232839654573
11.1315332070405
17.4041463697935
15.64618296648981
10.266647816612767
4.960921168131536
14.27622517377784
11.606792563952352
9.702463942244183
3.566787298743468
14.35503246845048
9.011078681035656
15.382872702761757
12.655086563164636
12.30358679801459
12.051624771467173
5.251985511919148
11.273735714658569
3.2540489953877136
10.68114495921829
14.082658682830674
3.5174260049563726
8.025003329527822
5.502621390918667
19.634346904559365
14.154233557344043
8.597124900887785
15.19821228334558
11.398425579852038
11.069381250529839
4.670652517665351
7.34574760866231
12.07801554424951
8.715920663303821
8.110036291774067
8.20153876177299
5.830435170913066
3.550882601377169
7.271453301080234
12.853781781542455
6.264111072511114
10.272812551243986
8.122979951263344
13.68221153920051
7.963012964969607
14.5005192611751
13.575257933374068
6.745338871143708
7.784227781665281
4.4832389011015055
6.405921963736946
1.1758278337688373
6.132477259564689
5.409957348986515
7.332648443540382
4.9471070444885274
12.12894479179284
11.491160270437264
4.230547702368791
7.037804096329561
2.9354856191275243
10.16863483245881
17.787567327012635
2.923812456704387
2.690021281859671
10.331746446067925
6.114628911898035
4.758284270708394
3.468596256726412
15.982097630299753
5.425039562654133
12.833920965392767
13.18957716933332
7.085522237138992
6.663206189993622
6.189443745871272
5.66439144510731
3.6481424949012373
9.602459376444498
8.682469098684837
3.094746057948708
15.619109026646132
10.216082304596211
2.7380276124329366
12.68365951902411
10.13107148518543
5.468823942292844
14.623328732327987
10.51634424617988
5.250516770671405
9.697372525004857
9.029522244322065
3.735967682001525
8.47624630159924
10.961963854140015
22.593902061546135
9.285108938477173
6.781883995122814
1.9007971648686792
8.233762806645235
7.003481201834244
9.103804866957459
2.288204011578298
10.454040706015306
14.692883603769236
7.580187944652276
5.182250002930245
10.258379099081697
7.000649933617708
2.691332060965855
2.5805905957157047
2.4273551270485996
8.366657641463682
8.398285996254181
18.710878305330013
4.337179623479608
7.032686933348384
2.9029051808793436
6.205096374455642
5.6692043113581505
14.689880179046785
3.155227209565833
9.25863407146816
5.968584807385686
6.7481067463003015
8.937067776704566
8.254211535587144
12.655153050851109
9.524213785256128
8.288455448746952
4.81455775614667
9.867122761935722
7.774142157670061
8.150310592392058
4.484478566868502
4.9519690395275
3.7657411351259356
14.049653643302571
5.260906476029303
6.903451201931099
15.126519441680639
3.3463125785145786
2.0574962952164846
4.502708104553406
5.195450004810981
5.732831953388607
11.290311459103954
6.3418557965204405
7.936429831609769
6.4004596410454395
7.50826526354116
3.0584079728901323
0.3668744804965263
8.436119361665192
3.191933698992253
3.3233807895730907
6.0480299382046185
8.775093991447838
2.035166746207505
13.229703958605327
6.228361748286835
3.211633709150011
5.26822017720949
12.417983825773305
17.25193438733014
5.80612656185736
15.438909733292752
9.254006542628721
2.211617987929382
17.812039342022732
12.331822081781672
5.415231938741702
15.262424212264719
3.030414509249721
8.409879325879944
4.635795329141844
12.04196595285014
10.593410595909521
11.593368922680007
7.9289215527518175
6.26278632581704
12.242386757298508
5.369088510034448
16.710556523665023
7.952617311176407
8.57920874631416
11.226129725352692
7.979323198166281
3.292757100341979
9.682954214839507
2.783647548217813
13.434852051438172
11.030118928176961
3.320353951045615
7.544177720456215
11.785640918862988
6.935075285227696
9.561107770319941
8.296156978402516
2.9064627875160074
6.3081790490994925
5.423079864185377
10.861506806088853
7.036396053452392
8.187583839280267
4.199184411185008
6.608271441344791
7.970496467870956
7.92564326715127
8.776984079980833
4.104737296079108
8.90082403380732
7.240026729701083
4.623233374649057
12.730074193407418
6.53083115109435
8.476452444753923
5.230213497799776
1.4725796193375833
4.915746759960296
