232.655
41.81049936945516
51.906605753766755
46.511438194147324
43.664286180332454
71.01731733723949
50.91560855644534
38.130637125539494
95.3524560255798
129.45070272355946
114.50480075977937
149.8917388409364
358.0084017909079
109.37487607732112
208.41188866368387
136.53209330753361
281.58902946775373
77.5386447920792
126.73835600878449
75.0372099218071
76.40411856973223
224.9902838872424
67.3194060021158
78.64987143710688
86.45899980520397
77.11306523905971
28.42570818498259
146.53174451218277
241.7346011392101
109.90270535500409
60.67229147117985
65.79278191917315
172.83401641980308
263.59297082690045
190.10926755817124
430.8670789537388
151.20608951849096
422.73421239438176
112.36828156298516
220.92278804894448
104.92649211736251
230.51528668010226
141.86069998446524
49.06173951739896
258.30247902984513
72.37520360663996
219.1846316155229
617.172005738973
118.64242328413398
330.1496420228996
221.17248751377917
120.11052171622326
100.98821843419299
84.9986977848811
57.5607278494421
98.15208301046455
241.82769049596646
162.8018214738024
289.37175242623505
92.8543326078383
261.0840444062587
354.9483999041042
74.79796604363388
167.36308617902773
103.75535031390397
251.6425078846518
95.13243616740964
125.0351032997641
158.55106154497017
25.96564663277172
178.58884046942944
264.07027424236554
55.64871473169088
224.88458267266302
93.17502736888736
96.04477204010456
124.07448890466317
81.61419567940227
80.46362505175739
108.53769842807058
153.6255600592335
236.24528399360537
139.80033110866472
62.413827971366786
52.673996103204374
18.942974567644512
179.49901177756593
185.26626680151588
168.10050833096565
186.20372399361023
49.791078191945545
110.45771667416935
159.76554314472673
217.11096288933922
191.76641429064657
45.37256151435947
32.611286718067724
213.01499700820924
53.757086293893586
77.54081010241082
215.0366943676691
57.24741333514144
105.01359752959034
61.9083321582193
101.33790047833877
22.082906302858962
66.90389462740913
77.82312391782533
257.57698245084543
120.62058327055068
118.48882770133822
112.70689876471066
130.03272195691028
94.76634831354606
162.41781429518858
154.0137139699407
118.2399522946819
50.94654118224394
102.161712110242
113.27532403829328
237.3848954953056
117.49729496385145
127.2455430883639
69.69219657196987
40.25732161269815
24.325775916842005
52.96284555367126
60.756134386954564
134.7874483224104
139.68574300234792
54.21469570943385
12.65031416385379
55.81769080488711
50.25391712554156
66.05781146693913
58.54357610013022
48.56248990271738
45.228825610551844
23.960839834558993
17.856273279485144
45.980904598140235
28.949556941167344
47.14445655097426
84.58069619801199
18.460320031749053
42.29789173698558
37.42688631527587
19.447468201435967
29.691339317204704
30.121741549691215
54.10819481828954
63.40628722765858
46.943424710427074
89.10084643807261
30.099656653837236
40.99301082538607
48.909696313662735
52.520168451846345
73.9905857936793
46.6580206695907
26.817751472521568
25.460228244443105
40.544782083229755
17.207909473090723
29.71810559787894
43.33383310353597
24.006937567133132
38.134027345869455
33.7642712289515
3.22685923744296
58.430909617439056
18.627114382765008
64.22495387991884
81.50490593393184
40.57123917957363
17.66442357439194
41.370967259726086
14.794787773735479
82.5213025918059
54.456673824302236
33.444123781851616
10.080733717091277
36.86081295881633
35.61898759055551
34.45751416376768
29.262462017097608
49.07534145493095
21.341562709896248
19.2274628028932
43.85551814285207
25.82299874995683
20.854605092962924
30.50016845390964
34.97694343501948
27.64883148355343
29.66093589210363
67.6714690640445
29.46779963248373
30.46813088919093
10.57008243857748
78.04533154462787
33.2227527706501
36.10498489931262
32.02521262563516
20.667081483222507
16.490011837285696
64.76176878114809
22.65208149968882
15.70321594278712
23.747823895334033
25.725995202222034
11.741187273902455
26.654565189232297
4.420390159638506
28.573252104492735
15.858136580757991
27.07636009389754
15.463336681483602
30.371131118178766
37.16771549482931
34.48378706211643
49.87040872451318
23.59510105638191
12.032026237938888
21.945231822193712
51.42680539772535
10.712323701052274
29.952470268862335
45.548471635004596
27.1344267658085
26.474318679703643
24.585066572513032
45.04737533515218
31.208933790084686
37.36143528841034
36.41644671685023
15.115703775469363
46.28411189001094
60.93293715322859
31.684990330696458
1.2476482720312603
4.190141432633577
12.10267226909024
12.257865691174496
27.61762343824551
33.367868958621884
24.592326846223823
37.05124570110682
14.320427016600567
15.368653022051896
29.782081985276935
70.86125042281543
34.29362394313622
21.358699474820654
18.41101022584778
29.02244222575866
28.717151998735122
4.336450876570089
33.34593664798684
36.53387892667034
53.086560410012396
25.006327241148778
14.738170107204297
32.35852575757099
12.29812476093054
12.266449003964164
34.38746147529995
5.142860804392879
15.955395342061633
59.794983160061754
12.135854775289149
42.57889543371651
28.349824411304187
28.980781064993863
5.891427046946627
23.076598119220183
34.39455881066453
17.144110263803437
16.34416042695959
22.13053199437845
35.52305981158437
11.567825487759793
16.541562473290053
9.369444255120598
15.071695881668887
26.143507890896455
31.60334863676533
14.045792813124455
8.6712047997872
29.26479467047189
25.06323596149648
10.160378283142403
5.796403707766067
33.902298763474164
42.6866517340868
20.282312111518998
56.685231771538426
8.478145668809331
15.975487234289265
42.97896767579812
13.030536006686534
17.329726235078414
40.209636791068476
7.730702218057058
38.61567845967473
11.38149839772075
18.96198773839836
42.02109386571012
38.760644852395274
18.006701283414575
5.956343138806242
19.580925309690755
36.889560534121124
26.126507930431266
11.540873467661676
34.6918468303739
35.256164290803106
16.272089751383003
10.216760677295763
8.553434078270438
7.141342453530353
21.937326773485545
28.294617571643258
43.96967568577964
32.88982577421589
48.26478290526085
26.55520193855812
11.611681233304127
50.893635902840224
48.96491447706129
34.71991141927426
12.506625669021442
45.538161821283055
17.182310819528215
17.096259766275118
17.47258379784247
18.228720002351558
20.00935791871543
17.827984307837045
33.47262873544146
19.392408302558
23.498802535122763
48.51528122970875
13.64070125860702
37.140723003499815
34.04518655116153
18.344855633896273
20.922464884188994
13.39829224940311
16.15371985694902
21.44273153626313
18.097118260359068
11.533825155280145
15.491393554463826
4.2068964800482735
38.867153242018674
41.835674896011824
40.4509561909251
21.19289113985445
6.68622019984398
42.81220965092429
22.983041207305103
20.770177827965156
23.124233327623703
35.02003668157529
9.207696745972235
7.219007305161673
13.00993330594727
19.133596722507225
13.04943200468398
42.895073522823125
25.238928798959343
16.51869129804636
29.33575274222951
17.817206574184834
13.806673064760833
38.12109317806974
31.787599941998092
18.164402088318372
20.635155300237482
13.423230234812854
32.23297223079891
13.579944459620542
9.04464837548027
13.254651348002136
19.392331592859584
7.6372529263357345
17.80306804483272
33.4365989656317
17.232692341950035
28.827056349770483
22.220822536173777
18.044251292408077
10.366866179649968
31.72843464868016
4.329902834631971
6.952903343253688
23.042650017406686
18.9879546514044
6.3070405001404355
5.483476256071863
22.398764763508247
27.533765828809358
11.36922623022968
10.78114365672725
3.102940279663845
18.005754381724785
28.827792357257458
6.518734331151671
2.933888852999702
10.167459024974923
12.33885370451838
19.507016425080245
29.725771020534854
19.28292425420161
18.231288111837802
28.571961127328592
5.256792029915623
24.915183898112268
20.883766040540372
21.36700404356214
12.607057931950267
7.805916042225757
13.916925444363493
26.78553495312208
4.60340050251801
0.7786262946653437
17.918773887128104
7.766756016041968
30.901250348507578
19.353090535888057
4.213304829579373
18.525803152310203
11.367027605993652
19.422156224920304
14.948024753833794
12.882638551138218
1.9304978806271058
7.76473501152297
33.969318521990736
10.023582852785108
26.529924508807806
14.597665417892184
3.0987822387108275
11.089590151221014
10.952329996702527
29.111414884914076
35.23442724336559
33.465935848643355
29.28626765104913
11.393291588952575
10.446789411470105
21.5678314552154
16.986042706714496
2.0337531058298923
12.389062793184296
17.193773041335447
2.662095158572379
19.981363852061943
14.58544831534799
20.946705669465096
20.039900183807653
10.959928233819065
31.666620938552093
12.638875976259365
13.764346642897278
10.009967786807444
10.089379253669067
37.69143806009026
28.532593121143236
21.34427143621079
18.085034726213568
11.78803224301031
17.428899344406656
21.351103581745363
9.695804889154097
9.815122502289952
14.00477308298458
16.142855359461517
17.952962347840838
27.360781802856604
6.717394565008592
23.463454797270554
18.595275760664986
17.479090304398724
20.80704178838033
15.07851003781737
26.096321338671288
21.166843814616957
20.476422879992256
6.312793557516771
4.1062768370232785
21.738070693263722
22.195285509746874
31.42716608947792
12.356914687592297
8.515714490344797
9.660754835621074
16.69594949803292
11.47108795856717
21.842863855272626
13.464824116724005
11.807360982202164
14.80640693453039
12.946476447130692
5.669915446084492
6.18508251180517
12.654792600172707
21.931955804993894
12.8222968113424
6.842846635390139
8.618634801217809
13.47041259031957
17.33162089774298
9.407746468734016
15.55753086300005
12.407538419739746
27.11559834377982
14.94404499175778
8.028381674913309
4.622595950163729
21.08973790745229
17.891060864151353
6.447054070833577
12.55172387962712
3.682918518985509
7.34506272114638
12.473852972288494
13.281819108101876
4.0627738701987886
15.340573704348836
22.6538073662931
12.415971854403775
10.11231124255592
10.439641571496614
15.502462491080072
10.07519057328795
14.78065022344772
16.426647877642576
12.540310754167963
34.58054734279514
7.134139835464868
5.476562773995526
18.963518567161874
8.02836714575934
26.307964378755564
4.282052055205982
20.15277921362453
8.308277828812592
21.076881714219887
23.147829529058146
20.506425243972405
8.64678902178001
15.025725195665393
19.574115663138077
3.1078900539707064
24.307286119456016
45.08904023804598
8.538106261539728
11.88837324178165
12.235117108728968
18.256201468294524
13.034569713843654
22.693325001431457
11.2600208392081
14.883018241609093
10.350502677646405
19.510664583976475
20.697028876521838
21.923406043456403
18.997753305065928
14.33685298405782
14.277478862875846
16.970950868742502
23.335024374347853
9.624481570830227
20.90745866519692
10.560875847095646
24.27695817139977
19.575133206774808
7.474832574278818
15.89938716637138
25.40973987218666
17.247363672106758
30.45563103437532
21.100831645785473
10.204469233485739
7.804553073210139
18.29477960217729
13.053081827093873
17.638497686692197
3.6968760524318878
10.881343376625097
4.788696991211417
16.470345999137468
23.047821532937192
10.849674157681287
9.516468927059002
12.796303977952418
8.10520384248574
17.17073832233267
16.330271803528152
6.670589361788387
45.44921113117348
18.743795922017235
6.065093588097614
9.26742259964068
17.934125151165336
16.567866339249083
13.408585489976538
12.778878691193793
0.8278963852014689
16.178960373950403
17.114359476016805
11.823589584004578
22.425804462688856
19.481915206610022
19.182339474810096
29.882216155162673
7.304075129643741
11.85827293185947
9.010979512149065
2.07529994578154
12.844191306484658
2.345255289540482
4.7236164324137935
11.784026497941207
25.549550835266764
23.902501567008095
12.529201861752792
13.883191991440773
11.724069580916392
18.41490637625235
10.492263869342098
30.121424672527624
24.616476631001845
18.777152497431167
9.751158647844425
9.623968506630739
30.859442731622064
22.648240264218806
8.293201171060904
17.759174689140405
4.822072824016675
18.80189401632796
4.084779671328936
0.4900212853106272
8.699322302701134
16.01083638325809
6.2386988375531915
22.42234142854724
17.984179724642793
9.72217261842169
21.33167061705178
16.012302933813398
17.875284652020305
0.7095227907113408
2.545936380796929
10.152833559662882
3.736628994064922
6.307384386069201
3.97720188652193
33.279677878723746
6.973589492041431
10.854041671674763
10.35488327654321
2.411183680702232
8.984631000237773
11.890482848993367
20.593734710589466
16.08292670402997
15.6371656935911
6.69162307632184
10.853807251558543
6.541520877612911
4.515361128881388
9.439293585415516
7.332121316757355
6.411491149719744
7.176457258755678
6.310882380482632
5.2955319266373735
12.337763358938739
14.116708795973079
5.94520012954027
2.2184018167393775
14.920237417647055
18.607346908987406
7.642011671425791
4.62377187641445
14.21849499864797
7.743713525668475
23.09486934579115
2.1818277942699713
7.496626690019302
8.856021000850356
8.747840985042354
4.965430974312063
21.113506262016077
6.665803098431922
27.333456787030396
6.414851347445488
9.313458143848163
5.1553408264127825
16.440754100459543
5.263866344351038
12.92157064766744
9.100478173866309
10.950917415300218
13.680345452543468
9.175798646472938
4.2119515383676625
9.652618066327454
13.260603637334459
19.096346026228225
9.303040224945182
16.30416206401991
10.435940301532076
20.310204824978424
8.48224077854999
15.644831326553103
12.921761943670743
16.174048927462877
7.184555029084577
10.638980104191965
2.8216498969692156
7.744385068660165
7.286999967830783
4.485883612205708
8.80283041228682
14.15866709014369
6.219441202528639
3.296492076462486
10.066425264401929
9.791507786593515
12.057979799718819
11.315784574701205
7.246055088743104
9.611240447724347
1.8735975862527057
1.3495505555379794
8.06162602049248
5.181195899490035
17.65629347594549
15.228335427832528
5.5079225815486526
13.599866100883226
8.122012626756867
18.29494023192101
15.256858437317868
6.557988515641361
13.379347376208065
10.710949216758944
13.068537419560341
14.338742560514307
2.0044578423642667
6.22567407545611
0.8890862333272873
12.795727249475474
5.497907572633458
6.188935033030299
3.460991353497084
13.601261092394065
11.886148343639528
6.25149477488906
2.540843172705862
11.1512679895539
6.0548846287841265
1.1764043448286106
9.374693988648335
7.130730637666118
10.40912263473682
12.013915439275834
6.815553240619176
4.481298773620601
10.863656826113719
10.15977591477519
5.579311024999058
2.3394350681218663
2.023341511902348
6.385081086605298
3.0534502096213565
5.005622456075673
6.768995418370265
18.69810008024965
9.470100523513397
4.7930281376083785
1.8993958237980055
6.778623260636352
12.054260796971274
4.924792024566334
2.852552304227665
12.613108259519237
5.967549069587227
6.78060421814696
12.282630824958602
7.884226881062822
8.82422361355006
9.476777589794697
19.118480410798483
22.889308282394047
2.691512254724575
11.231553398059315
5.689088661563471
9.73413578945294
13.27741393797088
9.103080177794313
2.160557714204721
5.667129632034741
10.503994527544009
5.5038191252020425
15.209932901022846
4.426889193500466
8.99954417257814
8.006781276828274
8.129942540298584
13.148448449798087
9.488123566416952
13.75356670187802
14.233766292652115
5.538190905696638
4.607545606038273
0.4473154447004108
5.351225508555399
17.31348487088941
7.9182014717737905
14.617334546223846
3.475065774526147
6.111428422033587
12.142687483411754
7.867368928044071
7.168868391190417
14.325018414407287
1.9449448100729412
9.294959716280715
11.752819174622159
10.124147946168385
14.47448506882823
8.23704268731149
7.7218753824923025
0.8632235259096702
11.55127294910525
11.559564228769391
2.1133383127761034
15.022904994659205
4.537211535456618
10.887588056547004
6.580882664266823
14.56240269850538
8.243879283674405
9.860573824384465
11.547604392132802
10.133715959118236
7.06303943857385
5.8931103449180195
2.3602189902642725
18.436011372892953
9.410712838025661
5.195204841276454
12.9255271049669
10.906408637967044
16.917812283525947
5.717419378286451
2.2960684373775404
4.040457840725331
11.920302373797389
3.9976685068918605
5.763262345664468
7.337303992458388
3.781785523545503
3.5777329758319625
8.761700433361957
6.611868796456607
4.2718485464872025
8.255842906551612
9.56153712180058
6.3137915810070115
6.309404149943164
13.557579519171219
12.81915104468199
1.3738034928645146
10.4572942303767
4.964275587786345
2.6580966161087294
17.90970004146273
12.696219532034496
1.109910176115395
8.680547145891087
6.227108839680198
6.833285135099396
2.0604133267298392
9.55168787185085
13.486031286207394
13.899533784156883
3.993429738412562
6.431529683835662
12.427278571684493
3.7578399748345275
13.278740412829372
12.39812506983984
5.78213526289111
6.875932148822689
11.881994581376436
10.30143377779627
5.182620611844057
7.20781651916349
10.46225621513358
20.5246360170375
5.885985248412675
7.068635811683256
4.69915404722507
7.020048311166682
7.383500664835527
2.132914484087929
3.563309953957625
9.651371602490421
9.52439269425167
6.921913775168074
4.3629561589850665
9.56563746795518
7.173895729609507
7.141303878489697
8.09507903983006
8.426934437453758
12.956686071899329
4.099890306968683
1.6980519656845026
12.148318880515143
12.218491058391427
15.321818250474609
5.213744653249605
7.834000068346599
7.0499003900982435
6.32719188787436
6.080194469680907
3.0166524105324033
6.1019523245037846
12.47786716311122
8.4458699333826
5.856350766365586
4.842673323153799
4.263800658503541
4.869376509498416
6.514599021076109
10.510501225401576
2.674189438904824
15.426724444896859
3.828487798098143
16.035240360246856
7.610000083178733
5.2105953858349
4.409785509054063
3.379414559307324
6.540197346364088
13.151752822488751
5.288382192160499
4.07405176710588
5.6197684085629325
5.29793381362407
0.6113661822195502
6.428538334162793
1.9970345420922884
5.517731263053202
7.414767337888258
11.937809274305609
6.753213473390978
10.430550808047398
5.539964208634958
3.547263610915015
8.754894290607464
8.99177871652778
9.22396416260835
12.87539496709906
9.85386303504736
10.132789905001898
8.554837886195443
3.256721509557086
2.98264580108731
6.536488124116116
10.989958245150161
5.039009076234208
7.469786479377525
0.7928511245489672
4.7754560612847605
4.96039053727876
5.3698214860729685
0.823556811061993
5.461268732233489
5.740169968773773
2.3427255411208665
8.422942157979652
6.274819140309148
2.1728105064916603
2.603868947618147
7.485313496768308
7.6275923892626665
7.434828609194367
14.253252946436245
6.325295560729323
7.423843072925162
153.195
67.59773903372043
70.53565122751611
34.511434299548476
87.43955185142367
110.01044057729116
98.86001540459061
50.12230954066182
93.52726721217562
113.29326652788495
114.90549213318157
140.66684792841042
226.13158487996532
77.15516681536833
200.86380099418315
147.04579697907135
124.57018424800953
12.578503062873159
152.458690562946
93.91495449301628
108.8426384692233
79.13178611569339
221.29576969048864
196.66403817647284
165.21456623478576
238.29683067661958
186.7669525812604
48.82416180169792
179.8745267491214
109.82095338456685
246.83253677277153
152.88762000717966
325.36030926998757
317.19074056495003
93.87192303119107
221.85431385862728
342.56921081550223
265.60863314108803
182.48905788176904
120.3288451854129
144.4571853027447
88.31339888770505
148.36121765566597
94.17603465756928
311.62668506529377
308.02819549127787
107.0423133507961
370.6872460686444
271.60352451185435
234.24684667160022
329.484215042995
289.1525038419891
223.0157826544356
364.4702924417177
262.3368209458919
251.26879910306846
146.75437112549375
34.44367084621316
193.44280901166033
171.3856952727261
44.67847534621467
150.1344718779813
426.90958033096194
179.11770278339608
184.7785403395283
70.21388915282924
153.39968610765024
77.90549982661447
258.3939177608834
136.0578688587336
62.986822242041946
107.0569988887055
183.43940270849367
46.35499001430235
110.313648310596
29.73118181455705
110.56518586551692
104.63701085151278
186.11827090940687
109.02687640416602
28.894073158126762
140.39267988249324
201.37272892372968
87.04905817511184
151.22400729789197
44.1619475127693
158.4038619302334
237.6060341751921
199.54329113593363
219.25380449207407
77.36560536796841
131.88462600711108
157.29528399509488
201.4960362489028
114.13457638749867
23.392173460711486
145.5916228261371
165.1958755032525
217.2687951976101
39.12983249786541
67.8972688211269
155.09311884466982
77.95117739496753
114.49983475950542
62.64569808392368
91.83069583399535
76.65539775626526
143.03871077663715
124.67061089812509
45.06709522087659
84.7707212973355
107.64867136271539
131.5307052616369
74.70045698262308
142.60318724535108
157.70932198305445
58.125350989248886
42.95745849141908
114.43123890828309
148.56214762601869
104.99160175280133
52.44984426950447
51.33941308718222
40.18989577113634
8.70915455044276
21.914469958677
46.75955584063434
111.70861230089395
94.2401352982717
62.360542704278814
44.126075717525694
35.02051608580614
138.89721592215992
67.5975559444075
8.362230301206141
58.399481809188586
33.65040678221388
14.70569233417197
75.65688852262879
91.3593340704957
58.02314981629384
38.936741527195956
45.548775826600824
40.66223076858068
40.650155294261516
90.1834403887721
46.24047968915062
17.600217924732856
26.069840467258828
37.02889516737407
47.172268927087586
47.999688166636865
19.3873575553403
48.1268170037717
50.520737891506236
18.779597934806922
18.335719612339688
32.32676603349179
32.393835354503956
9.817854638740272
12.154451703301023
20.58263658294849
34.32496269966163
7.3976686130321765
56.55176828176157
24.904536875940302
60.52546533346076
45.48827577372997
15.005539046345481
19.05164688762278
32.71452280442868
8.511589351441438
28.715005586550802
22.299126305460277
31.71243828132255
14.637914852783846
22.470501726642976
25.570969431115707
37.947663348075025
11.554912355973688
29.104313981795855
10.44741454385818
7.9473576714956184
26.94875100385796
43.92096474190247
32.36879156918013
76.35336882547304
48.76807194314498
34.694987255065584
63.544173319150744
32.654787919952305
8.575706684555737
23.301502265153427
19.23415490251133
30.62809457857016
28.585700958967283
39.96899135564817
32.71100506775241
24.92508432713389
59.09132490366695
50.91062209167341
61.51957882845359
26.546533014992697
19.98513105827919
18.813682551733418
8.271142871851817
24.487777861128432
27.121127222188804
30.832820186864275
14.564337642949441
25.167512774689772
20.183236203600522
25.3058816364595
20.052903245917665
16.65786166529971
32.10833497351696
37.04376732374856
42.54299566231669
31.321113833323693
10.857970620125126
5.456648638947313
7.4773895087323865
40.87721553974956
25.1521621158654
45.3650266831203
17.410820902303502
44.0521214257305
49.68845107730813
23.41686108516375
46.82514759825878
6.460387367791841
41.28713409850323
15.54084080978301
12.143480850725052
19.37240456349037
32.9368595966064
37.879766002184844
73.54502623342036
57.0916637733278
6.308419648289606
29.029343708748346
24.98107253165664
18.341255796463514
29.546259032497595
24.09955421691804
17.95099416424384
21.031540841489925
55.63507819227386
37.65914224290471
20.626362015689008
45.13050726175736
4.736769980450391
14.541701893936965
22.37880031174391
14.780641738777664
41.918482927404725
9.998467498952355
9.479324479012995
7.318956477823102
29.980357876598323
22.30217125622423
41.52062166134667
31.148383320695814
15.00155677626253
18.75728448274486
11.534105354134885
29.445809448310932
10.566261187996206
29.992388381267396
17.36835329589732
14.877610829047931
22.693257123815208
42.17810160224728
9.967375881716166
14.011752676800565
15.468130487124544
8.319124416952613
25.017320645588786
5.374840970795901
23.1289302850038
10.704830963109282
52.91181266301378
34.996825132964524
15.225847847816782
34.52264263039992
4.098341178994691
25.229151282443734
29.59022858312027
10.289793615137533
10.023721248240582
37.888257147678026
4.02702353454919
28.085195063960914
9.706364137256946
24.91917784092404
27.1065021428118
27.891315160909844
5.070618092545229
25.27554228978688
28.285112893209224
14.00564848116824
11.87882205518702
29.068118134291293
40.48904204615173
29.994006398154532
36.52208440551986
2.4803089409398082
2.434019304426245
22.55218693397998
22.14374887280858
18.785378631913986
7.6893895146228886
39.02113990546349
31.86792742755916
22.009740193693624
17.990335520444585
25.58454825057015
34.96292951859717
17.077619942787205
18.66816858566699
10.901355647752437
15.961049135991626
16.12029831067295
45.44057416056316
34.49592073167418
30.74370868269862
32.61158069515342
59.32157729448025
9.913991864711944
36.2878638734998
48.152859634421155
18.47282063390485
14.960076819817468
30.844504421903896
39.92852894966564
27.408133318543644
13.178250954445264
40.5935972747397
36.90918391925382
38.159168756102495
15.584083310019345
23.451434098015444
19.297019470461105
12.221465981784478
11.110550861502672
19.693372321433305
4.995552264483721
16.92558328245557
47.46974379338547
27.500970402078238
16.61379230361942
41.67258596296973
22.74750298394086
29.829549187322144
10.260937082126278
8.729648040379004
15.162218524347756
59.10295821403542
8.173333076811739
36.995404390710334
17.526531577235215
56.6995352811999
14.394190482300731
13.369772908157687
28.955590475261783
16.380323915236048
23.804992198502966
21.24830766402123
10.588752097480741
9.315813127441343
44.62167243812889
8.856883085638573
17.318685185255077
1.228775943013135
32.109892402397975
7.600736729709287
15.033915230962066
13.566521576377864
9.364435872627551
10.60919347152217
9.273243941130259
29.289115562592897
17.15924093493158
10.981920785903435
18.506723066953974
21.02760600251477
5.7298555340985295
28.509741435169328
25.308911032505844
34.10500351804718
9.205191849059995
3.388182080621654
9.73885644327501
1.9818639560856814
20.30397026814976
5.40516570473016
16.999976635150666
20.003140329067403
29.585409812715724
15.338179788794852
17.15838562065025
6.720865081143951
11.030564194052648
38.82172990182794
6.763174514320053
19.83823819160632
22.360766501727237
37.049547540659276
24.70934614128485
12.532503164146329
17.52402954819972
11.222110016957764
19.661026256333926
15.675689605947575
20.257532371549946
22.12041014115216
20.578991462364527
8.481693505694466
17.001147487147485
21.970979523510866
12.899972936305048
19.92495881829093
7.611236606811426
12.19358839140127
9.771826021028675
23.574392504744182
16.297046097487307
11.453868630268575
7.382230510667489
15.937444376609113
17.907090505493063
2.3664573247622727
15.348317043505993
5.039261807703038
14.736824817067241
9.215674479116187
24.00649888187191
6.605811970122305
24.218149763878998
1.9681534845324635
22.800290508463902
15.34785748421247
25.636549670439763
20.670660241640217
7.145231248441752
1.144587304091648
14.496926143642014
40.42300933676185
29.879064037979386
40.802751447576995
6.599739919040147
26.930997414601485
14.058237573066439
13.09305588550515
35.6180562548788
10.71295445045439
8.354210296628928
16.751896661176573
23.541325643372495
11.502322088788839
18.498258333601182
16.097022044742236
12.22089337707504
27.533210130620475
2.228080835134026
10.5731351459048
13.181662554473492
13.349429465019108
28.48315231893112
18.252629059213408
20.359172500468503
30.666613032679006
8.368432456871489
5.285467687579025
14.50296644301167
24.16933349150976
18.788363647139438
17.406251701942736
36.04334247145208
19.50640814376557
17.983089827267996
7.459861087575491
16.721309891376013
27.480023645949473
33.09120239762365
11.159643658684477
29.281822370706934
18.57849910058423
4.941090231953973
29.038068385841314
29.76244745933967
22.609918822075116
13.635984675767087
5.136924569519155
12.692584411099498
7.311134632326655
7.006927049827925
7.229848548191412
16.794136965375102
16.689076607918828
8.347076008133088
7.918982057147529
9.175403982322946
6.377581223545909
1.5473737064401405
9.75744481861264
15.387704602625735
15.425386296637676
4.119047395289751
14.105716748242068
8.832477624330862
21.481071346399972
2.7149649806107803
18.292785866211858
15.189532113673758
6.341593854052683
13.910813791600381
8.737726617288475
17.908190267437952
26.669239993138255
29.70052060938374
7.290898510669467
24.745652281928898
13.762025914368527
33.8190950888337
18.744540768940016
13.087030789462464
11.31961520848771
6.091942261531938
11.397047491502097
18.994096851432168
20.008337388727124
8.81720207985822
26.6977463999107
23.700000473207872
6.668875997740549
7.422383918902147
3.6876330285006484
23.595876514351367
8.892449033675014
3.3452939408385887
14.43293859089992
7.753510747288965
5.266315346879893
7.9430928294414205
12.04928831171548
13.429410031664045
23.151692665483274
11.77052325183445
4.211335713465974
23.978502643901113
16.727975259872803
32.54769199475462
22.42414244939215
12.104113451455849
30.616495824436345
34.577175351630395
24.32851735662335
15.667073449821439
14.26625762050934
14.528488717610308
15.910897276346457
12.202690931301156
24.047272083197466
33.05488426318445
12.368149461481282
21.464784659060683
18.204866457199845
36.57576228185371
32.9149043636427
20.662721205166193
19.80416912690879
11.699891442020755
7.662423278991103
18.08430892945635
30.245687194847743
7.950270692721075
15.309819508656433
33.09008404264875
25.66829014241416
4.303734756776479
14.074502920745632
5.783939642025794
7.484200815794513
12.812502125790562
13.667079962464761
33.330518863042556
17.888655716797324
3.0944309510820034
4.3554758853428295
11.213146048993455
6.649669431998637
9.300251966937115
8.300394918699386
12.200060803849878
7.2325856765404835
6.003793299894054
6.882852281941717
4.847215748777009
23.67708608199552
37.31828111504977
26.458238770503137
17.857143825303172
36.36983561723542
29.609992374260834
8.962074263499034
16.011820796333573
22.045568203501826
11.767484255943234
16.032228423609556
17.422835190904458
22.88491536141966
21.569968066438406
8.798773218480918
23.780711405273497
20.687104140284802
20.96943034097105
19.355712795776682
6.377154867786901
2.8641350525752567
36.35247351158717
5.203694886024572
10.059415770992084
11.618343091026757
18.85038226334822
16.592176990500015
21.068450575744954
20.922400732824645
4.876830092687175
9.101862437897019
20.28752655719055
6.471558018325152
1.369388702868242
13.628206560906637
12.409456614206249
13.678724482716067
35.204545818205
21.172057851918282
2.993081168034142
15.23088081769288
12.40426357202753
28.139323716959144
25.72299486308265
4.737930870488007
13.066308902184987
17.736114141693573
4.297997471106559
22.98118314830813
11.135569553930342
7.414267050630683
13.698357586645354
7.503340026372161
14.609881265002024
17.300835054076078
9.978280192056834
9.086420416840822
19.318735032190027
10.98937988092972
9.632995501811807
8.818406120953524
8.990951896337045
3.7778861637100527
5.138584466618068
11.007354782686429
6.403140073119423
15.096430160211462
10.79477401922171
11.37585734191387
8.018147593229617
19.748217516828426
1.7638777213498436
25.709692371657294
13.929765943387409
9.583717058431217
15.418575103670932
9.039473986938754
13.511835369955287
5.140466498427858
6.215818184022568
1.8625296826901674
15.079046685181796
7.868360116581037
8.323192245325547
5.302578801551799
13.709739626116308
21.499651282910545
9.98006940010204
2.832091398497772
8.21415257505477
23.2430718638036
6.4857347866145005
10.063254718266544
10.519384386083834
6.177257847329443
7.030313552934246
16.408917858749035
9.999653255232312
8.13345320772886
9.358232107778267
18.72954042779403
31.125283554975265
12.264874925230613
1.9033474655092162
4.086671599005195
6.757853250248068
9.67725565981666
9.876322357308744
6.418571109985367
12.568344127027256
14.91682186570293
10.306625050897965
11.707651119841342
12.094528041883173
12.784336575585078
4.620492096121148
15.005988958799051
7.229846986936229
6.256161935281461
10.035324042629728
8.446085290574743
0.9352312629040226
6.486126839232195
7.788230016326318
17.653788058207468
11.895868550966627
16.67018253516281
10.757337986225574
3.292381994809203
10.438358221733198
10.904602096384785
7.4877809427966255
6.999273000076557
11.419318677320001
18.34553533629633
3.9253321487429447
14.022884628051658
7.644871594392786
14.154491989646983
4.378455408214928
8.366863985338886
5.669831014240309
9.421610231394189
14.462831428333459
10.18383308897567
11.860165016839847
3.073785230881234
6.7870643707984435
3.018602385064724
13.527412498663592
9.184570161585413
13.157710013233787
2.780544244479378
11.073028552174708
12.994707152247555
14.448084979997475
18.26065888219992
3.740640309282126
7.411263466007977
9.855509783488086
6.283566732655087
2.5552215020595743
4.252008327847938
16.968105144702168
21.49101394065963
8.964779790653271
14.877079497540112
15.834021856466517
3.3050960331091157
13.405120069619535
20.733546454642354
7.804388307935866
6.0867674058701375
10.455184060565696
7.74561748916522
10.752374752663146
0.7526571767938934
3.030097796579037
19.235342468501894
7.825291740766138
7.318790519096707
2.186289528579543
13.067062385444348
19.582711414622803
15.282629097495413
7.172208422832937
7.812259530462078
14.153600321808065
11.667140836727464
9.119627975547271
6.655610708603035
10.739454715934418
7.257285327532262
19.227163347798058
14.099858256016702
8.059153637141112
8.593036311643594
9.205314047895069
6.770268498896139
6.335914748387093
15.236985101763176
9.392939117808613
7.412423732618113
9.337586440978836
5.487926330868952
18.57988746262325
16.52460679007945
10.501480266721119
16.885427429227136
8.716942818366961
11.872108643099525
3.7949066985370545
6.301325067483957
12.884276714485859
8.273454491666719
8.316602029972257
7.536048922825541
5.249493442226355
3.312269385858935
6.493615870763859
14.390538813093253
3.783222742026762
7.551874479133385
10.216302690361132
9.794783714451109
4.756706693419381
17.64936264690507
13.16624183992386
7.973760106850026
6.131056970455463
6.158053172114209
5.607060177614844
1.0182047258902034
5.6116046303702225
5.4614386563932955
7.2042126036799985
4.876452708110399
10.90185900522757
10.423288564722627
3.285483005816209
4.995356491685349
2.103262236035485
7.138532015071296
17.82956593526644
8.086236482190733
2.355014310558078
11.738207844753648
9.194146727963506
1.88408984283336
6.165846169344425
13.852088980989814
7.520319338936655
12.748813762679525
14.833614011820188
5.91625261203079
7.597617658354259
5.5941922393675805
5.183981332946742
5.0842006730892315
12.421755526414232
6.566015442087802
2.014875656670268
16.43840293885172
7.7967414656409995
6.5100639474695585
10.577120530139384
7.011304526373022
8.889918838135982
11.995182765561948
13.143427472928336
8.76421908962213
5.1183643460243475
11.491013759881493
1.9498849461604588
13.234599724175078
6.312974276920223
22.153885930964897
8.528065666687935
6.278995815381735
1.6102103358147366
7.033720511914524
4.791378599764701
10.16914667137284
5.402810134679752
8.4163409493459
11.718791449833835
10.06413877624673
8.361347862486388
9.176072396937714
8.136904204283175
2.463281165982968
3.622456163946161
4.537849754640168
10.963255514845537
7.962760246581724
15.36097411824469
4.558710087724514
5.074476342394658
1.8483418795051736
4.633334889505871
8.064701537030926
11.074704883485724
8.690344658452423
3.2698494086377923
6.454354897414977
1.472193856472795
9.522642724837608
9.53962211457979
9.640848286960704
10.282895391638382
6.766091509341031
8.227664635874314
10.260049969435018
13.528046202707934
0.9144746799073475
7.663315203980373
5.85706643790489
7.859664034069254
10.220441018413789
5.9291368434121
11.33200103380261
10.055169036181045
2.322258605595303
2.881098026290896
2.2633494353143515
3.935090877270533
7.324697355501764
8.532275828632518
6.052324423588745
5.936827033770741
4.346215122637217
5.20650403617501
4.235169576212636
0.36259088756965496
9.012095017512875
4.843228516922348
2.5434572545702
7.422126464766145
9.946375040515852
4.719688098492799
10.093214264240878
6.983762315836817
3.158580625234945
5.360465486997999
6.746477074469611
12.632997186577315
9.69412300875385
10.168333769717634
9.563369533358754
4.379852717068876
18.92285423213826
9.59794590994949
3.6295425512347474
15.368739475770324
3.8765097141783933
6.815476641383358
4.369689407602796
7.96382976159992
5.309444585959933
16.68730051070325
7.24788968956526
4.04332138041722
8.020109650369104
0.78256677112509
13.719576673013023
9.306681702949483
8.051897761119628
9.389319154500077
8.314943885146192
4.581800078701515
9.51851961902994
4.077251990176147
12.389899135600388
10.566099568026248
2.9572360647807323
6.098909276247204
12.672587493606736
6.511471308684574
10.739968188568996
6.639956979044852
4.448843904391426
8.567063456408535
8.158284920847548
7.7849180466271015
10.009556068868976
4.813663827678782
1.8854176440294652
4.369988840355037
4.765154643791351
7.117660829532081
7.062250733400635
6.222909386474352
8.125387143976008
6.700722419416599
6.840936987296486
10.197155376728087
4.021633757474077
5.435476319707589
5.71050084212037
4.765090059012389
3.515824938766639
