297.36199999999997
62.79749738446234
27.158266998321068
45.24129165012808
66.16374535239662
47.49050806325062
63.7072984284253
133.37565615606198
108.42031441490734
78.6045414323962
168.73287529054863
206.285351983847
453.3189400884865
69.633898785405
167.92498630047393
298.173855649823
178.6253098613055
86.41664010674829
267.5896711977085
21.163328946071722
101.61401932379921
81.87105314398077
277.7334999355027
103.20506729939886
57.156971703115914
320.7851631391408
32.724888324037586
105.77861001191305
155.78565460864263
34.98792803118127
149.27581220891727
243.47812303666907
82.29754574600487
277.20463019650754
60.2200658831241
317.2793678584651
314.879720135215
104.89551910757145
228.21100491479206
226.987823541465
207.1741775107932
75.43856927348743
450.06941096778297
493.7787882057044
49.36191904804231
255.23246890156466
143.7375863423213
139.98220520031148
325.3403736910639
157.63685555143354
289.4497084898601
231.3673150738717
152.01295868042695
303.9761916268034
79.03561367750926
323.79466548706563
121.10534316356
92.20524475985908
194.15400853314245
159.46230226824866
174.1347972927919
319.58663485250213
197.73607898061422
328.14398046922287
89.97406423413277
273.8850328483259
184.57305103609113
344.04590737321934
226.89754211845323
172.19181555256705
27.81483490861228
86.8979310992357
95.41541484230547
81.87103184485193
153.82078023777544
92.79175041998049
208.228738793518
95.82493788461908
137.43813062995537
104.33580491234807
195.9790113503519
119.78982484302401
97.68496650043011
34.9545716527676
66.32272117370799
124.17478665210326
137.61165284445727
144.04318212894546
204.9832777530008
59.54563059821563
141.22934820465727
157.4728078843309
90.87450422403185
53.869849027583236
77.60121652566212
153.60012472889676
64.31855339526822
51.78662341054575
207.8194725817684
81.99943113153905
123.87282889246748
68.03759037805176
185.05528957137284
135.22080560694752
187.46872151659866
139.08020673516606
138.43390531519537
144.15622894704327
24.597640226492082
106.60074280788906
15.200672126543582
86.08380100211302
64.49500864909834
129.71370252240547
42.31347271545368
60.6929131884618
54.36282905062221
79.40218368035582
14.546431932978997
59.3456819293529
48.24663512289443
35.40063937768037
10.444438435806543
49.87784271822928
138.3561923240706
53.64445815534994
112.46391667326247
44.75718305242326
31.971583698331905
83.07880119940724
57.488095556123945
36.696168933583046
44.58746578750919
102.75243469827419
70.64584914352787
131.00869783913635
36.17013665775439
47.13551060159133
61.706364069290665
64.35866489884268
41.87743746122179
83.78977400288392
86.93018158768228
67.63771178360797
28.267765882772945
116.18122890266494
61.21979093219876
34.68148614668391
82.95214764574759
35.064960748583054
61.39703485589316
25.54976684132443
18.781533851378047
34.73318105964705
70.44860472525411
59.54619057294399
58.61789231213193
62.39728301951736
78.6199048052876
4.207619575334053
76.80943993943666
25.637376009388394
44.552093825137256
61.0834537042115
50.33566271484136
39.790277435468106
57.75371615588816
112.2686367151469
70.39796745809198
83.1465647087209
37.30872240246103
52.20565107109323
17.136456911038398
31.69787857163107
35.40391580372261
7.354870952667121
38.89235896962554
36.64484264039527
36.26617145321139
24.217374388354045
93.90690741914722
53.69126053667393
6.015691195448994
20.532782963153604
33.38207956941911
66.19067662403818
14.0667561041478
30.418742404118053
7.7082047025058
18.987414201140616
11.11766482499286
48.49169997234364
57.168428735540175
67.17636019293484
26.463500202760297
7.007391896050619
42.275333415937325
6.710926599995779
45.065096661492774
30.8818653748331
102.4196887825474
51.487407199842956
33.34937939497891
40.661747214594804
35.94812893255053
16.68936968965645
27.346415977734193
18.98960219101432
37.742861091925484
28.589523000609937
29.837662787314212
42.94358786999236
32.52560070228654
32.63679745397968
15.123022171402615
49.20083342611764
24.627512917736794
22.36752285481639
29.28686245040915
74.60021644589283
30.619930837181855
9.900834234952166
46.095275225416515
10.376049259382883
36.935050114393114
20.437849800163438
14.667979311399261
56.74526463955616
12.93676145556754
36.74186374682897
10.394305788782047
20.672314168925773
41.60718716828696
16.775461424895315
15.098612210130312
28.879226855098327
43.34274148972491
8.952698910832698
27.876634552349277
20.610078069528385
12.844978512599942
27.10104590229623
24.001437601003193
4.915331084403165
25.310509531752945
5.477141224159709
46.68051750713121
25.512339770993453
27.945364521279775
48.21710952235417
8.82301200548403
29.751610443178095
44.2968379043332
34.59928792757964
12.443556720977536
3.6083881828538518
9.530674795994386
24.995560260648865
15.971429263151476
24.43238054050071
42.03645084777609
30.236287385470092
36.582932142685195
20.086684991715497
20.353582324079635
1.3168190834670561
46.44604162957937
27.478438139724258
26.427618613175913
29.85750162781596
26.70136802363667
52.78167981587106
9.209729939014231
71.15083667144472
17.535854763112283
44.469620104276245
24.723351792780296
18.15220095548146
14.36471305811056
35.09670545350246
33.078504175793014
13.42886191643101
31.17862059373054
32.78163052069918
25.406917279077824
19.052441446205545
13.053193064214206
41.98411957060174
28.782693185055205
12.59165848946055
37.18758776760946
19.856768006243648
18.147219915988487
25.503686281193115
32.745837672859125
36.161993910391814
26.42484375496311
20.671933376696902
4.93202181026143
3.9033822883760463
27.70294442582855
28.36965976957412
26.688800875290266
21.648481568165042
30.900241983499047
20.181133964391158
46.06209069436959
24.71155005476835
24.4912791371842
61.04532865447917
10.254817249057304
38.05743578844665
25.207613137532064
43.51694941766329
13.661956582524637
12.017846612865073
24.267991693283825
5.676091750059429
6.165136446663226
19.450373099132413
24.425952055866745
47.121878087022175
27.48820456683581
10.800933100608505
39.743024251280254
18.04240686399125
49.645082280201294
47.258772927028
41.97650430985144
71.56998267506874
36.49008208269331
33.09179783334974
19.84112728723082
12.177218669285514
19.15925918488689
23.182108652277602
56.62945206080439
17.81142798878059
16.034015124955186
37.5757885979848
20.671210034914363
21.341075970256817
15.310359078106117
15.599094111783625
12.85187590434602
17.21529946727719
13.176618251847215
34.52883015206311
9.982862185081892
18.534475215938215
34.77013906721566
12.402582383759903
22.96307828364449
23.959405728766374
36.89935001407173
10.184741472257109
16.92798363498111
21.99687332528071
37.380029504200216
17.24054456983257
20.868709263585945
3.418272284019899
4.578473450144409
31.471324270748337
16.48904037843941
6.307322006118399
9.68761426703799
27.3760923016877
7.171064839971222
18.816449856328326
22.088562623119817
28.12264133191742
13.50778563760992
4.107586685438369
26.7415356585698
12.930033110309367
18.77618819514248
13.947476866912174
38.97584287696916
5.230407861643929
6.374973564549104
30.875979689165998
7.3968023803057195
21.59369147969297
32.939747492492366
12.722622657260876
6.055992349740482
3.64384561612264
33.04947422263029
44.39272061208474
7.136903429091193
7.286268841416119
18.061671359481657
23.815878779719462
22.114582181379507
13.616040657855487
12.152085613293405
22.36223248767825
11.307520663433355
18.341050758225197
11.086854052751894
19.114503487145488
0.9038339633259468
17.883150614307546
19.796806053041905
42.244787757657555
37.80841970252812
17.92821965778149
26.66222459997813
32.476658854512266
18.29478584332268
25.14668240195012
13.98460668184005
11.51190325721952
15.892708292231784
17.206085090913096
7.075432550705547
17.830468245067337
30.551167958816244
8.30351436777193
24.102654898688105
18.19213324157501
8.534082172956914
8.329932397134392
14.639255099358683
7.612442058430709
27.17679705097079
19.289202030469042
26.68693544883255
31.929066250499584
29.489781753996443
10.234978388583702
18.88869793356583
12.24263127596527
14.691779011371986
12.66189522475797
20.879700387395438
24.401100884992402
25.716468326453597
28.75408014788198
4.679050008342566
7.524023055518542
12.935398678163237
28.625391170398327
12.582257118080628
33.98285167847329
20.656006874307522
10.61569520635378
28.784387042850504
21.926899608118724
5.502955755577944
10.79614812783499
38.02805315880219
21.74707358091242
24.420477178399207
23.655498186896697
18.725141475276974
21.657013819803797
18.360880350659187
25.045032896150435
5.060226160578234
8.049639367519458
27.118946579868048
5.3060858599621055
2.775418156687137
24.5570952598975
5.341993741104704
22.732542844412112
1.7677801860584255
15.133687899462364
16.230227088746172
11.218505581095641
22.226492246853073
41.676899404755765
34.588684046861886
8.67022222334439
19.75604670776836
13.847539825271243
5.847849733300999
17.3197243582136
10.698748732596208
16.02435167253342
18.269705855063293
12.252213554142335
8.463250291273853
8.23428909520225
11.607035231542355
3.0934086898415956
5.337104000551549
6.017595786264659
6.565285866728237
12.432662766133872
20.054494428261247
15.69300014226912
8.168208096521631
14.581092121264687
21.7526081404585
15.67522793916066
20.68203934952523
11.963141790168521
25.46543041160475
7.564543122047895
23.199061014232054
12.787805738365996
13.458111532194112
18.931796835063587
34.75365752734106
20.72326804497041
15.446186555270357
16.635514351193006
16.492879350078077
23.917600830666984
4.337750567215582
11.400447391791692
11.967815412690781
16.025093332818777
6.416875814103666
22.968722388975998
5.7011160056671155
3.3113960769492063
16.333899443052033
4.388047253592356
8.322024063376658
6.777944719242022
11.490975780723018
16.28843114849751
16.87754105071585
11.64395545472459
15.461213911641902
6.117967986060385
22.118246541825425
5.926007207009131
32.02671309809211
17.292441650590057
5.39877930939696
15.04899969903296
34.69359847544109
8.364583234744593
9.871498306251057
30.881155317251658
6.711165301348677
11.530699783194457
16.955395040071977
16.286737489090328
6.644856552522417
3.909508148128376
13.26741877778772
13.871973899952694
10.53615345908102
9.989720599058817
10.894631240501639
18.144455634732417
6.352908833033573
15.161929493334343
11.635214995734154
17.225750867463795
16.493153769386616
11.249112048257153
25.489866207972007
23.362454038485843
17.68469611480664
12.24919321312629
12.33722071567167
6.9728206782457764
23.077526021866596
41.31381541971563
14.804929575133272
5.560240271287452
14.352582744654558
18.358523022964906
15.319462461310037
15.927285397494195
8.323674294079119
17.122433533396904
27.609801549186876
6.530853051924692
10.729226063202736
20.81992160331576
5.794050615813403
25.45905801116898
23.298150608914185
9.9715371214869
9.61730152769036
1.8220590647007648
22.840530570150058
13.636084436990595
16.46177898674557
7.139894346526584
15.787525645626515
8.838059206826134
6.838913473457464
8.573755115745971
12.557988010552132
13.530377914984841
6.082150594246431
9.285628094676305
20.139398083331198
15.332309010926362
12.947582838019162
12.290802004497026
28.692189265422037
16.914121230873892
11.146846778435789
25.263594852503985
18.982385947754835
2.4891731836208875
12.386475788748793
9.590140016011997
10.39696200958106
5.066553540055598
10.890276597963057
19.109035351900097
16.262619870092976
12.361927720189142
14.112904295266391
16.699078067706363
0.8355494560940208
13.770933706313018
9.542385719828724
14.427094863523587
17.12344627272821
15.414955928912919
14.487177138543863
12.391752937183211
3.533257384167505
21.884960890890657
6.492613488236195
11.873892758263812
1.4488768467278368
9.513970769888509
9.760246199375281
10.607410853025621
10.677657018846235
21.881276223879595
11.452274246678021
6.97359859831628
5.544841649209035
16.549373081518294
9.204392191511472
4.0793325415202135
5.660343389485824
4.15172634814496
13.632039406632595
7.247160148753942
0.8631218689263067
7.848582085978701
20.609815657392033
16.688603162110276
15.404756217621904
17.750113135018548
12.603808643126857
17.661516387940626
6.251888481037692
9.184487367450773
6.8792993670581986
8.607778037895075
8.03926109453952
8.563440031986204
23.851871555151956
5.318571386235802
8.838394152618587
11.186399551889354
7.057777156843741
7.410183280471755
7.82407529312933
7.32941180294433
16.22466777451515
15.779393419322794
4.303684661487643
3.5533379013603064
3.3748676635204156
7.646247828511969
7.426889231315492
12.512594468719609
11.766520825756958
15.534984465300239
3.4005728706648974
5.156427811986259
13.463659451324283
7.007905641662708
7.235111509419542
6.759092329336802
4.606667842984813
7.531154441894527
4.408605190178328
1.986243197879997
10.958857155000967
2.2962394089832645
3.6561986065246814
11.64520760785192
1.6229192946572526
6.867325999823767
5.8398658209781225
8.38989966278507
6.746086970914599
7.387657076435096
14.739797101486653
5.942777031154575
8.406512728870261
8.40607402625308
25.4380086282634
8.925166414420762
4.076369228119992
7.081507544830523
5.205241042935028
9.016892902214618
15.738827859523479
17.34085027970047
4.525470033963188
10.6649708236791
9.355269782175395
8.107163407589027
4.8285950187101925
6.1000504745412805
13.936272450009128
6.54523204123473
6.461254358943544
5.214792414419918
2.665621437003417
10.373718390674824
22.995640410156586
5.0981424701269455
16.31324426805744
14.966665255199079
5.082938536803358
17.317344643567285
2.58383640565706
12.070647246225981
3.7082172613244406
6.190264312621133
7.282095826003046
11.462684123729769
12.815018659479595
20.390401664805687
19.072160639379405
4.477593249094629
10.762659840287387
7.422160368573015
5.505897082086674
3.5571140018387704
12.149895776351377
17.17087653634749
4.980822097625309
14.81349336084853
2.4888344844912313
8.327071567514203
4.672900404489789
6.767526926984314
14.970545505178107
4.476293914634831
14.359535541200469
11.640394455984403
10.045417093286385
17.790772800898903
14.866813748570276
5.184674107825527
13.281105623157032
8.07558544900892
6.93940278223481
7.407870565025049
8.16385046772465
5.83156548670479
13.611924477767872
3.479684459805209
5.2891441864441795
4.771448493001132
4.300332894630795
11.881872062185398
7.087717587356887
13.155735514864524
7.595715034616785
12.130685193960568
9.016096589779714
7.774875198468534
13.252705503295488
10.831567058756944
4.685410778393325
4.9737619247420515
3.69486667217267
12.542025050639253
1.492247166953919
14.122563485528444
17.44091039435982
7.775257900542042
7.923397997016637
6.4826415751769595
8.588684859728698
3.460959669554007
4.569032414090703
6.770302270102705
2.7139596390638774
6.877084297551068
18.452924655884647
5.476456405084973
13.02666682099154
1.1008310185576835
9.471124048048983
11.52518860545177
4.15346602255632
15.057223638464299
14.354608942993137
9.589965233532642
5.743593686372235
8.198464539901991
8.381396338171552
7.6772866332158305
7.50926196894954
6.721773339555166
5.897787964456859
12.363420479011173
3.418766405481977
6.6458282665061885
4.52524653016622
3.7784458961700405
10.385224409613528
3.4721318035413655
3.2201835969543446
15.785459346362803
17.146241097511535
1.1609592187327282
14.050393205541129
5.827789810038106
4.678519790596985
4.941454112598736
11.37020042050386
10.831943654630335
14.34533264201903
11.09983676733019
2.6394082578806346
13.202670961056299
10.593650187270883
5.239609415545096
7.520012720469225
1.7585704423215769
4.453867160057142
9.255040828003333
8.351352490928019
7.2242922071436775
9.900111963185063
5.954208015315561
11.152304039423269
9.519371878096493
8.62133635494223
2.1938394824150755
6.500717851506571
2.9296330198315785
11.777864631765317
10.775062643217614
8.685792353303407
6.5296421278461185
13.861138177891931
3.678264117337807
5.553230867957336
7.862601463791467
2.2418036288655943
9.767184975839285
4.781677180102922
4.544031767394451
3.408096528124806
6.576461923524396
7.1051944324228655
9.356681314110023
1.9567426299568926
4.235871204716612
6.848890208572832
0.8302981445388895
4.314223566545822
6.351063320251901
8.75594945875285
8.640388513224515
3.9314385213085288
13.60819453087986
9.44691552053343
4.669844331725461
5.301341642179535
10.551926891053592
9.787450980960925
1.6637346095856307
7.568477413197109
1.1365007931757483
7.681966416552898
6.589566028982256
8.493311932800898
10.75372378785638
2.7584397130498446
8.153001115255996
4.8156828052647205
4.237215422734748
6.7301547690188
2.3841429112992127
8.244730791113765
9.069138944703514
4.58059533364308
6.594579292228877
3.6594578346038316
4.745743346574396
1.6027456528673711
6.776627954508356
3.714767023173064
5.263111068902769
7.582040685475379
4.754290985585892
2.4670101736842938
4.791714130668588
6.264872709317575
18.576165649638817
5.359789665685449
2.657184334524596
6.150694294144411
2.436644557399542
9.360461024723598
14.16388634275991
1.2454560524768437
11.543276192251
12.108842868627274
8.743794512754928
13.652649211198687
4.144144641786398
11.151073571565
13.04693504667257
3.2003835354313503
6.29109371590494
4.330768116558585
16.016467799215665
1.9962276844027624
11.232752734144771
6.96508872977893
10.504199740172721
4.664189316274924
1.9743534652556312
11.62451972466032
11.24751109039662
6.656094321988181
6.142649686496892
7.374424284382288
3.1821385498044763
7.073899319189559
18.55587875178577
14.482244202510234
3.6163814677501938
6.816101996925026
9.795172259172883
10.842226121646101
10.245669735172976
6.039976709727712
2.9686647650869262
15.252644398350316
8.211628205757819
7.340916016100321
13.18433031062833
6.055133663586263
4.588491574828969
11.248182980379358
1.7425552888500462
14.480522389838661
2.7793763183661087
9.188685544435337
4.559899155424131
5.0421548167653985
3.823864139932977
4.362298388977731
1.0032116267176037
3.834268240411919
10.189721300305553
5.657564745844148
1.8086566002268962
3.5724676517609173
3.4409273499790953
3.7606182721638572
6.251869753503736
10.178629375390793
1.5177346641804026
9.600424976081648
0.5269167981917297
5.598447982285171
2.7244005029342295
4.678127072886355
7.900598103826369
8.644939783503075
4.4581485633001
10.82809621897169
0.636333456823277
10.62414023297581
6.5192747084638585
8.702807773281519
5.035036999032356
5.824037819770284
21.82429962558806
17.178343040372184
6.502686444973149
2.759924095715179
3.2364359556619458
6.93123176855015
2.287416629378282
1.895255488434151
10.319341907755566
2.2761540272621414
7.273441660514126
1.7756181660844204
3.8398015527247247
230.57399999999996
81.25792732153444
56.864698813547925
46.28021312857231
31.885164395583736
51.263052311220385
148.4481535444737
68.41251712726013
15.775359417607966
161.30377305614954
96.61234800891333
263.4348358982373
446.8438575759326
163.5621481280482
93.54170490774045
146.0249954604512
106.7474781805364
84.7209343718233
341.25328475682085
110.34308189583105
113.45707447213172
200.77183741780954
184.40272149805153
264.8667925169144
125.27182470519085
246.9285638184212
109.92097158590911
58.887178264063195
210.61946645467347
176.90237151938004
31.94102309551438
201.26274295881615
145.17786686726996
219.45604642321948
268.1050811972165
243.33987332313478
479.5923724262972
287.20521885254243
101.32352766854953
177.14091901620165
95.26608283240633
58.21347666185349
180.81199236502866
165.55704746228236
308.24108807694915
266.3970407611581
299.57471059368305
244.0054100350546
142.8640174943802
291.94126062064595
299.6427381971094
277.93214708733973
295.13855387147396
109.34395623559173
278.05285606478367
332.0248645276586
355.8978523498783
261.59507702882377
243.69319442730676
33.32704672496878
306.01194865601144
338.8116531719115
155.98965403003817
310.48289982585015
260.7560963782372
121.81956794160445
156.4517924002943
167.83830894974378
410.94676210345517
288.5530657079369
115.11107237042863
231.8399035252489
164.54119922370796
135.37081714575243
101.31860362887869
104.65790263382674
81.7993465137205
323.11718063556174
259.3405513205006
207.61177466827576
199.68182141890873
74.01550762137524
33.99378760101455
59.865898252888286
30.266446677880307
63.93699637573226
146.49411826991675
197.9922432706322
64.557849909047
150.47881950824706
44.02291609680841
49.12442146751631
117.77145312374975
124.7312140999894
102.03186086725984
110.78507350590438
84.99055699198593
180.1015455163875
263.81674012545494
67.5949821616203
286.9480136628623
159.70639507144045
40.329017600180215
133.5022315052183
74.94459122072708
76.82282694983867
137.5440120548023
110.07981020816436
82.09832829745771
62.91283051648495
53.09072707910604
91.11367908413844
20.523240902894084
87.8780556894134
89.27718831897955
56.660679963070166
5.226951815234746
68.70698509098436
22.93690273669216
65.04230354283071
17.786209381680344
5.108049096383483
51.19782317155217
42.78732223417046
59.639888582654756
103.61692839868576
84.2061826939529
37.3134148747845
82.9348701552469
48.50587328636078
85.40315654625445
48.75388830377006
81.2045825827057
130.41113909482786
56.02610807390683
54.37288958566501
92.83810798931887
35.36213478945089
41.65094787117266
88.48400481163898
65.75895678995133
108.32121949428256
53.445721660933124
71.81663097424769
47.72817032506394
38.08762840160696
133.10916980531903
57.2336145633417
57.96310245033317
61.927932384997085
94.54868612135398
4.393700000638101
18.300100583994997
11.008902924860106
36.35076104527055
30.68606558001716
48.34141958193235
63.13083054241444
81.0416844638175
3.5663704529191094
74.56950982182595
35.26696778483481
25.21493988181459
35.28228796941896
75.90817707054251
21.162852869734575
58.51471947998979
38.673623449332496
28.29598157351879
27.69668155229994
38.51858911283701
25.562233568071708
35.02227724948891
26.070015000100796
63.385698016805165
33.614557586273456
61.37606077872295
65.13005159217678
28.76556060704318
41.57286835177738
60.54319373742935
76.1566685142065
23.530686862641815
41.750470974997505
14.520511791204385
36.3193467133015
28.76302917058752
34.20976748383979
16.16273818454397
6.943304586326565
7.20293215440058
42.2614406664173
55.17058812722881
57.25541247273556
42.506745455690876
22.03913856405098
20.198173783522396
5.99545452120769
53.31666352573346
28.95626545948853
83.78910022548749
64.06840099831206
26.931067779286387
57.24615584616812
24.99596889770948
28.155261884090248
23.30785855687314
19.055785577551912
30.346821164565593
29.012014238713313
38.01216632518047
24.88366776963467
13.778158923891583
13.621479274794593
27.846481288063107
45.480142246697625
18.820231077091595
19.458112256701078
25.45346474649302
52.36862835472864
34.83071031995631
13.275161411089712
22.096378710619348
30.39008814628061
17.126682636283313
13.80305474663458
27.135797429918345
56.683044203450216
5.8097077449825285
26.29753469242115
15.931446621276141
31.64366633928108
42.12565915901925
17.593821433732295
33.98437904309391
5.170651726642688
33.48821813416564
13.51998846083596
21.93181598710367
5.72159500214783
32.55784585546514
48.55194354938487
32.186340029381846
15.88855392103941
10.053371025063182
12.60187225237069
52.360546049159716
40.718175482571645
21.15959720959913
19.486857869869105
33.26807540322461
43.577629495893724
39.265913678055256
38.77939301775059
19.89974472187195
3.2882305493559345
25.41917462976499
2.61004919878735
8.25265773669732
43.88657931108195
15.629267606022808
21.905782758602736
55.65735875481087
23.785106254792005
35.66046612705561
28.059125396873345
29.70077278949623
11.904762884285862
43.29870204692369
52.10775059374393
15.573515974961381
26.686119046378373
46.716769937623646
45.73777154590041
28.889872263662657
40.8351795230589
4.429254284237949
26.429031042476876
6.111029178089878
13.459849117949357
20.127373746795467
25.931659587766553
10.735586198306713
41.57862807787672
25.933512056519067
4.504684416100648
21.904851570625024
37.5143281373102
16.844638196705596
37.68800268157052
17.687068621153884
24.8575385670341
21.765783786181466
26.80888983856944
34.463595037652624
29.06985779988196
18.379455001669243
35.70221636816385
28.710522508032454
22.527207922812288
35.03506362716519
19.380803277224114
16.226695046455273
18.655993409508117
33.11966501516391
24.79746966757722
38.89125765760466
27.454461948254693
20.763757476292106
36.95090586610264
12.608186628109513
31.558437766167803
33.2374886982316
67.90377208474848
13.124772659255663
6.219189925887695
21.0007483023653
12.030909241286828
16.13396758271078
30.705203667859497
27.2378920744042
41.517753134678365
21.17686915889848
34.57697165769614
44.14441364401517
30.477527471350307
20.234238241187224
14.488394606883494
18.183725793710373
61.182996115944384
61.6433268451058
4.108993584874768
27.824254546009897
40.52264239318819
24.726093158797838
52.983496732765225
45.32556127686433
31.2741409619978
25.25438468426266
42.601479639624266
10.018078040461113
36.42975073293312
5.358031613026479
20.596544658023046
12.15327913684782
20.667301040500945
14.937197266343329
33.706836391200376
6.816074766366969
11.070886806371453
24.40156108841743
19.421945412535397
13.613734380905035
20.796718077734585
14.255627008106963
21.518032667747136
27.739927865785027
18.326138693280985
28.510145043885935
37.85800469740966
11.421890797629743
7.4845435260499595
7.992131245415478
27.600024624626748
8.101113164009824
11.896174684651443
16.595778341457127
10.706120434892584
24.086006739770372
11.097964714630741
21.225338821187638
28.869690030807384
7.969514474759118
11.825488456863887
12.746919031948995
3.9526412806203823
18.475031363491766
12.986459718682877
13.772903600709954
19.198056327003357
6.7952002297461815
15.942053178341672
17.080578051995143
15.146097110553892
20.769536481695372
17.832954753179248
9.453875811017843
17.800277162523617
44.96655309791772
54.16520789889211
11.989718080319214
16.560557448760513
8.562258359848187
17.54313294990083
6.853883112781989
5.209026995920375
17.59260899528732
42.078735333038765
10.544538630217705
18.116012075719784
14.445056982464262
19.294264692790488
15.612016317130621
34.34519256218749
46.56074365013331
17.927977284185012
28.03551222032922
8.809532775073878
1.761148703913541
16.275286532271863
46.496727760959466
8.20558963082544
3.3727727811130017
19.464778197843476
4.762749819345588
20.75725089743281
4.8311529388029655
11.391201457736228
29.335874573962297
11.59893701730268
10.75295356888956
21.969463718552632
12.781259767428256
26.334237626945793
1.33687818040862
22.238986229067002
20.824630239235344
3.1028742258843307
2.0933815013146013
60.76279214518517
21.864935933547862
12.971456163002252
8.365660587457084
9.154370604866156
17.379776578399223
10.940250779907462
14.235325604865835
31.87959221154901
23.73439030242528
20.23723413024924
8.447988112628563
6.328499665782512
4.976675228846953
11.484423355095583
28.04409745398968
26.10294413038
16.69431002630932
17.76167965826169
38.76821870884513
15.365074044085853
17.22715648453491
13.680383583711203
25.82542270053072
23.657368816906526
36.314890057076006
18.383648792191853
9.33925355754986
36.82480630866821
28.71115096282716
23.03145785972106
14.626013665899569
11.26130040460384
11.384279431431485
6.886533168698105
16.216971280813215
5.011113839750034
18.40603978567558
24.849061125412362
9.553974908564587
6.704930679610753
23.615199109120553
12.324743317489267
34.28077274447177
23.657640086738684
36.17881599715654
18.887271297082947
16.683392199875627
31.268335811077712
7.548372341129384
15.403731198583415
29.338969339438467
10.687313508675189
11.877013201330007
8.148720952702508
16.779380155523793
18.23081407369242
22.98191504172841
8.236215018561296
13.646374409482902
21.219327815561353
5.226014484518531
8.899375983543248
21.82946581701765
33.72966860888405
21.35377257328015
29.36132780425232
7.1357352941818055
16.398512445638598
10.119445756306748
4.809219146069847
37.041076389086264
15.273496042097433
15.58632694819818
5.349529261742798
11.663073422356414
17.01290731814398
21.839828931709782
19.650570862666545
30.045659457257962
11.202347393309516
12.983078180342027
27.114205059566142
6.9182620228910245
16.796102066430407
3.4119829662928387
10.052703906668429
13.494486244779788
9.18924267206582
17.90208693704901
12.226668080197584
9.091187127512931
17.295712966134275
11.593524527450397
5.171797619881184
9.582415281524074
23.57995333796904
4.908706460173329
22.430749502795976
17.934400031850195
2.607876056994767
13.226046929672282
14.004964489397935
31.271521959455825
14.711418832760362
7.885826933800316
18.210024516438192
17.337484712945134
28.89260973364506
15.587906975244698
36.06738206916601
5.05920575248528
15.29252752304915
1.2700568742036618
4.836539330946393
15.446174231166916
10.45107327177706
13.024580828929505
8.616151102153461
4.325393328251305
6.484569405996297
17.58100885694073
18.606989476270215
7.90265947396776
12.620842370066944
4.018140627168462
9.49330534563125
2.1130401959160254
22.93295934000758
19.048831864761844
23.72056570324968
1.9738384680814811
32.3608942755845
17.130100531681467
14.105020472282723
31.813926260784445
34.727624905546165
12.761503220663633
8.010896006235987
13.76859883314283
15.070010255149171
11.2978962115476
7.174083678804361
24.357695987481325
28.181376203386694
17.552431951467128
8.630696735563017
16.193522076016166
16.165066107299378
2.667464147447307
24.56623026978282
13.74604573071359
16.06936321162097
4.264328614330518
6.8924225649207305
25.813824414971485
15.01682732076031
14.099036890742354
11.396419987140918
12.955958846394331
7.05614933266821
15.024031292136447
17.388351975746588
23.919410345638966
17.70233870213184
5.039316103936013
2.7781091610975968
7.061252243306762
16.05550167968296
21.306564646409193
11.380860562274483
18.393151398911183
29.775742002363042
11.651200854466317
14.601525023529154
17.565799046494643
11.882681151930523
13.640572017035419
14.953364807096687
4.054240003097055
6.727760615610972
18.724367950334518
9.75660287961026
11.488100075346454
28.646824946446593
21.022658412760077
6.136380327943114
8.700683421861799
9.016620395914218
20.048548613066664
26.97876698665469
8.090712894605696
19.312146083350076
13.352914585115542
19.233883267265067
20.26213486042321
17.52919666273668
10.178093958110978
2.956637681399527
9.529072918988405
8.297691210043288
15.54595549530391
7.057583064091523
10.443562126532298
13.391506481587689
10.058816710386642
9.474479037090788
3.262680988299329
20.167746788454185
3.521080976432275
16.738342364203742
9.858198317391432
11.732835904736447
5.805085705652245
3.828022550593241
13.468968682130686
18.033537360441702
14.572441680643395
8.431550561166723
24.887535212219227
9.861561809362032
25.31718754964064
14.470762380697924
20.822474106980863
6.861282786719275
9.603990662659632
4.190842124669976
14.739719547514655
12.141898677158322
13.675061144313986
12.771835695727853
9.662459682298014
6.887813486233468
7.25258641542905
5.603270202113374
11.7789300209169
5.864123752721648
23.164583068200116
6.442786085867501
16.07166958248618
2.85938639637595
2.1755870949011697
8.091926309819511
11.734247532462163
11.06677909252412
23.255330553930175
4.308967955010196
5.439101096133737
9.323611367983142
9.232518324729666
11.956159104942461
10.944666139470408
7.7227212076605545
1.178654691298467
8.485562186278182
8.124797255399377
13.208998748473162
6.840873870738589
8.007576370005257
5.793312603881124
8.330472095331524
16.68738988228751
15.86546559633617
3.9794256914698507
14.039970889459669
8.81759799888775
9.331648496103915
13.540840726826866
6.5537262408765855
18.366014858725556
4.656764815030792
28.480147793715314
6.706599254441768
11.831015794236109
5.446318510003498
14.319500679247898
15.330320882700795
11.781175580986053
10.813124034990699
14.690917720460298
4.6959719352075275
1.398858568860047
7.894312495857163
5.226035555859926
11.222187951348952
9.48365755169012
3.9955843259929344
3.868136588375149
6.1790652725340856
3.9178470012678064
18.536298867160713
16.998227716768323
6.151065527238328
12.581899529687053
16.711194402272334
12.903309424316328
0.8717382238908669
12.671545471724302
10.734352392051052
6.513069734878644
14.884788529981478
3.4308684102762994
10.224749298311083
11.994147552298541
22.268219307797892
15.125501237795515
9.005141713643232
11.217138122090537
12.4525490580382
9.460151003233936
4.8858934455363965
19.960950329200426
9.297772110923649
12.97558661288451
6.532581923976094
5.309462533012146
7.78948254644417
8.454220384892563
5.1137903534602005
11.533891654218518
4.398412067797444
25.309457672808737
14.067378700941331
25.775875672262487
9.672642433627889
12.835808683187924
10.39766656565106
7.810948698104285
12.408386546734286
6.241845646407345
12.747561812493037
5.842977449677552
17.514692980424268
10.934812385316606
6.517351931023807
4.187173313587083
6.154612663707195
13.146348565008816
3.809301711674379
19.093023370573718
10.86529593579401
9.21297246996403
7.078842859446033
10.062104692906047
3.2840799534623324
22.535975109916507
2.4806936959417065
5.307355576477484
6.900674356604824
6.756964687651743
16.099147050222946
5.334497796224329
11.378683413691986
13.392599908118607
12.448588888038309
5.710602478139674
5.753630535200382
12.253816759763412
6.681211851770348
1.4195987436499058
7.265777440435026
5.348992400719495
7.228010170992988
11.563592842861986
14.451255014665268
4.5081984253639655
4.550344619933559
14.891906102317245
9.40246470509923
4.764573589080951
14.009107211161142
13.90260457567474
6.74776514300342
5.808160352839999
10.455265022311078
4.1044503554906795
11.248196208129126
13.350723745001284
1.7210355591748034
11.056323953127707
10.470101858031159
5.036222395837923
6.060719513629269
7.17049891015607
3.3515291795137294
10.18526636387348
5.249811032357571
6.50415445561575
10.997813504161932
11.477439610192812
8.420920123960824
1.986687106624743
19.70430986372664
13.535277082010175
2.8339130981654863
22.117533795461174
14.195655998508492
6.7566022096471325
8.259897044180434
3.26759954934334
12.557688904456102
10.07408663106754
1.50321795770982
7.108636017345716
4.406745570083501
9.473328978201566
4.275473401832639
6.9841839335959435
3.6491110773539903
5.127878140159096
9.694405781070653
7.317810513243308
9.971843375380463
12.859276310672458
3.5817975960269393
5.963612098223833
4.8813474705636075
9.05668699379579
2.2437518833677474
16.871989173448828
11.694501315894854
8.914492028564652
0.8850378610601491
4.900561159745583
5.639846121412764
3.422972279690704
5.526530654255497
6.1490982677572665
3.01505789539432
10.06257030241491
6.248736246905389
6.899245114466105
7.04526768681333
7.1749066094772225
11.345287523292752
7.807785611532315
1.1367992368314948
5.697185421188636
6.734574330858976
12.703207042459322
4.534398971981144
6.851992698496431
10.698025394197243
6.725739220824368
5.535053428499234
4.4410527465919305
3.828437258172649
11.676467044603209
5.346871236633425
7.262257814840707
2.9965634610082112
11.536218558617017
5.884679484461465
4.580150573728121
8.350910815037864
5.84078820251328
5.559461407214888
8.73433075137566
3.377972589275337
2.9687358729427804
7.881606370024332
6.149896202585512
7.946535405475028
2.9283744233342794
8.781622850910603
4.677594108214655
5.897365506454584
5.461814083116235
4.223945059915755
6.064528308253087
2.695244858412949
12.344134330648558
7.652067752076626
7.4962537201502135
5.163716742748561
13.758907447710312
13.085192778614452
8.358143494806328
3.629476823088322
4.50236162200172
6.777032561164144
9.096836359346527
5.832522203984254
6.852452117927425
11.548662086749236
11.623276908377015
8.870985960461752
16.21313466803939
8.40088501046215
14.977859358781462
12.816219580113945
18.471906379498705
9.446572913798684
10.120340168739574
9.828858055861309
6.3710354462719545
5.019691425694088
14.409612264672955
6.980648156726748
8.331939444801163
1.8618334770790401
7.813900028088997
12.699182164631022
7.714645561239377
7.1955406731025
6.186859339560464
3.13452685487836
4.246912368328528
18.906225889201103
4.226349772412532
8.853059491996543
7.936391603633284
8.041148381459067
11.949893990613424
8.095254156796985
1.2028775971456822
6.833581324795391
10.121165697269724
9.932271512794696
11.046811969198385
3.1661048141529053
11.188000573944777
12.81825115360087
5.374982001694245
9.233418460536152
15.777086553282476
2.655498124644045
5.648380107391317
3.0728349068471705
3.605882430941335
1.4209650204432884
8.761719797331216
2.1833272237362555
6.590385894426316
7.548318849839372
4.15112388942279
1.1493123642748326
4.015144498053441
2.742074329959403
4.22497992157097
4.038640510823914
8.54702547478472
3.305369151142351
5.635381917960359
4.3061974803779215
4.285120352703653
2.58660046702202
6.794559835132879
3.1622569440790587
11.57940812810733
3.3566713520881644
12.99060732504936
5.626749308436238
9.811020503986992
3.9487065812105926
5.4893518189408885
7.338100719108793
8.24271017262031
10.942675872656586
14.114914782653665
7.254815307158622
5.0175179543821375
6.201935827612625
3.8711052406412736
4.772276500876064
4.702576927701905
7.547965746626605
1.7209895836358708
2.5722319927234527
6.224948666932113
8.97512565578847
