232.35400000000004
67.26156646556161
94.90971697528666
116.46119279398633
448.09248444438884
527.3397982274954
320.7425387484377
183.6114959720909
61.18649103765004
320.83117529692333
666.7015467550704
386.191549662479
327.38392050101635
176.7632465236317
442.1286587161242
422.59400590323247
573.0251020971198
211.02242824217595
67.32762258634132
190.16920415403004
397.8077134552402
304.7983458659323
98.37468544324534
99.12249824010675
182.5807695192983
178.37450436111166
94.51871319366862
111.46248094106113
48.74025293674466
120.17963068885345
77.08473556934169
130.74431202659073
130.80304348770113
52.399833791674155
34.70260104265123
134.21199000995276
29.97573069140341
166.30521695594922
216.4801900478736
50.70669090886423
61.368090348674485
144.51943267009557
95.86971562335178
130.97205333186847
42.23658360050507
58.046892583954644
197.2413285237045
236.8062512553452
211.9732387738405
21.256316043426693
151.5406985804699
143.0043138190529
290.3926538625318
136.117658223826
162.43237023083216
110.75659387070839
81.14244182797805
183.99014134126222
140.38986637409332
208.59189044427328
172.20266631574586
63.383610269276915
159.07144389569993
197.19659295274664
72.44889265083067
69.82931940897691
182.60926691842837
154.24879866355602
150.05192632860175
89.80200201953957
83.7546996180602
48.2763283273909
22.221276080489865
101.00776975586109
50.18356892387239
10.823484658254653
82.45983736408296
50.280181832158895
51.94634308614894
99.31200693400687
102.94725804899886
42.866289884758956
53.027269611586185
90.36733940619408
79.62633847719358
41.90395159063296
16.45631271559237
116.36833978062288
114.33897648040477
70.43458569496259
54.09631867092471
93.1503964555056
88.6029137865377
104.42656925319181
8.995927742762836
65.36382240936591
38.972344671066196
46.51994858279683
43.43646337557221
65.36286218922936
206.4473973868995
45.088364109701594
71.97660855284897
79.71114231378138
99.74434189188688
125.22226885741318
67.28705213857222
53.42022654720775
103.87866972307373
28.57393493579676
23.491183018936695
85.53255702189395
25.005939802623665
30.19409779630239
53.40031628629201
80.63462490377933
53.401529266688165
53.04032685912903
79.93753238814264
47.84096002861226
24.53170745848404
50.568735667770746
74.49359610751782
19.021419206028703
60.655638372078066
55.736051685366654
76.7525547732462
57.318063659072834
85.05337179115628
38.44833798274687
79.16580137793319
17.759787827314828
51.685403672916635
12.564876430824292
1.3739200234915732
57.55440541120795
70.24641024215623
15.382180370976027
10.950327731105187
18.22992125066004
51.3692761932034
36.00398472867909
32.24787035363826
60.939522110857894
70.14842996851561
47.39013266074132
24.92271805953096
25.063258392893783
32.577450218106044
90.47943893079027
11.536498942180291
30.505164948072153
25.104507925243475
24.839547440430472
38.685396653859875
32.44436142322952
47.99424873803174
35.68565168404141
24.14089635579041
50.02623561628754
21.68555438348184
27.59909878152847
31.511119725981214
69.58252683074238
67.83644062033406
15.60165366934556
41.12696939778026
7.7529599572323145
63.151449199315145
28.92010629806259
34.30877623749481
15.182422120043341
14.093278564292039
3.728397624872553
21.872214372123278
39.57909226282551
37.442471881886476
7.755242206208221
8.348330291066285
35.29305245347416
46.43943347748816
10.356916122036562
11.73457072262129
53.72772666832571
27.940516686847126
47.68931796298491
36.19271156499085
44.66997184584726
3.59084271598732
23.510412154621594
27.632658815687723
24.92306033674969
38.527726799219224
10.50050171715026
30.46491106665807
23.769554849698103
36.72126336863058
27.024011977293092
20.90907642340921
39.122783848840776
40.14529148346656
34.49493337853808
22.010884610917106
30.516060621623048
17.641948867874806
57.89915932838293
16.97904768562583
22.144554274600715
18.104996709210024
35.92471377619738
34.92134727429901
11.325665216394059
20.489419139015112
21.79982028068131
11.064927907712448
4.850565946447762
16.631890200966634
26.597611265526183
27.55318471791389
27.383801441753917
32.00937006526707
52.61645418969487
13.373607049708685
3.447448907348513
17.827609334052262
8.639845090949578
50.75121862732124
6.8845564827866506
23.830038978613064
12.800438463011202
14.0490360507486
13.48825019707011
22.282542290711017
12.040576387700503
1.0052139495655588
27.31577282529793
24.43078866973735
19.62016493722126
11.626458937926884
10.07070090602151
23.028232317254552
36.720212055004055
17.201041837362652
21.39274630044803
30.15149437966324
32.67413233149028
7.394137809121962
23.78163963706763
17.47446046341635
12.783148935104716
25.67055300170878
13.961777695767504
41.6444222663214
17.087067335533824
11.201204810242169
23.16058990121548
17.652158592952045
25.79396512525714
41.324605890887845
20.56839721479444
27.748671370539018
23.914371832161454
27.420782597807268
10.329642353439914
45.66847251338195
4.842751416221034
34.36655725683796
10.728734373509567
31.694471509186176
2.2882982104180294
34.65723671022894
25.780732649589716
18.370276797106833
56.30129067452941
18.259349380646004
18.697115243722198
38.916420841413405
14.522943111563336
30.987756930669647
15.099905228301191
29.659580871037235
13.36570385404706
12.913473596365709
12.7575346917489
44.28656138612108
8.153158482565576
12.607916433235776
21.03810975317741
22.035661315253567
41.14607899619083
9.875662537383059
20.205336235499953
40.79584351305449
21.408597035557403
9.091993447673223
28.704016454274267
24.481558758304388
21.640224302054285
22.421121516554482
20.15352225238332
40.92880578587637
21.896841604756972
11.235247675292662
19.633808029985495
14.004897236659255
11.47638111957828
5.9181026084894315
8.827735017142306
12.462101384070342
16.01086000781037
30.075821838628652
33.96401316308377
15.462570368177653
17.77713704605476
19.02436144832023
28.945609199578627
14.460978179777994
11.857698245643368
23.355563810902634
21.41304910407282
25.48985155852402
16.09533839637201
14.03425088859436
8.721832791807879
23.437818799810756
18.157835719361675
32.84882204101797
30.462358673214023
22.66317928708981
16.604305620135598
17.67057754647378
27.46378214337189
14.262054796409316
13.602544134207733
16.22222611232604
6.687303777585763
9.779661255908135
30.70632195317107
27.155231070215457
27.53032328023349
24.253733645136233
3.776714172771166
12.584368399959756
2.6476179503847423
16.200205057497666
15.901434680205789
6.444073838322239
24.39940699250381
18.92304600093304
19.647397589305037
11.480650081924884
21.606979104287767
26.556431282618377
15.340127888318142
24.825292086840605
27.555386557353117
32.33966754752185
15.006541710477622
22.677918197441375
20.411288977037522
1.5853782859381451
19.262986034411583
41.42354330444077
17.461202118607776
20.126664272196162
9.771444933941432
16.254996282361986
22.912967920923975
24.979594829892307
29.93538247200538
18.131488042936418
10.655322951571621
23.698682094734483
8.431056141296365
8.508690086811505
20.774065512522302
30.493410080912852
7.172054385950671
7.296630377408384
15.633574610217615
4.205322477046399
6.6974308123199355
28.340191563768293
18.09847219546917
20.955250157202332
9.132160516299109
21.214989198367643
20.478601338667303
18.48942422136351
18.04024936171434
13.267837606198889
8.95871331196103
2.530982486217729
18.54532691815491
14.245439646844222
19.33575378500676
6.2282206340972
11.980613415397901
18.209567770758067
7.613626131667454
7.6309299176231375
10.555289264193172
7.545493685302766
5.372185730418461
6.717394254088215
18.222607944720927
8.848507805186864
12.432719711291309
19.017651803751995
7.201943790490602
13.90620911794311
16.986799467019363
15.143142825647221
18.159771131243996
3.971658747787114
5.360283684698098
10.514672692371317
11.678918368924792
9.01997151574333
15.438754841303128
4.1340187509991955
1.8233161138354657
13.068323513005451
10.606652388606669
4.544016885470695
11.775118915232829
6.430447669859814
7.403777067704569
12.56248160678341
22.453916005500954
8.554566739485393
3.429873690401503
28.040131202087537
5.304137074790748
20.08170984510215
20.043120254774554
5.181233609382469
6.794851583020978
19.249253622885245
9.490866155453126
13.989822329471451
19.461587919259234
31.11287323185093
1.6453634129208838
6.086107761481949
9.897490013979631
20.55001756774405
14.509838594935557
3.7755930014641397
20.529711587831677
9.746580723203369
3.7676446796788854
19.23254324495229
2.8643298544696103
9.39549561549035
7.924138542372001
2.7375135918076845
5.7235389098314515
7.078065731402696
20.249840466903002
6.361789539094208
9.296773932431263
22.84935988340683
20.7049018030078
5.196833025318726
9.84267627545807
13.614044733920688
5.792237048947785
16.895491844079626
15.35191994935859
11.367338705096627
8.301136914212641
13.767370392593001
8.389662742842553
17.471904513296483
19.45056276448031
13.851336566187639
1.6604293460460875
10.460596536808199
14.183058336363487
13.331299306616664
26.24359964973058
7.021740610725171
12.897977086808291
3.2112004328514256
3.041584148136206
13.386940103744767
4.981074862516796
10.151464356966128
5.519631065144222
6.495416404546129
11.445735357066418
4.234379602468956
10.144227311545245
14.834604490456043
13.544714100047303
15.18761710080994
7.264508480036494
7.285990054830111
3.7939786900727843
5.27205841322044
5.725131358813022
9.842218803737326
8.551205994110974
8.657314929116382
15.645062298772467
15.685485757619452
11.600669220889692
9.960226954178665
16.550204534861315
7.982917368543844
12.63314233448645
4.430635140034072
15.759119158979196
8.758770582857528
3.4463812993605476
3.751166218776809
9.201137042343055
13.543055258835796
8.79980153591
8.104793726705873
3.0203971375735397
17.896801495641494
5.555975413344203
9.129709873091725
20.548646005819926
4.716335115978611
13.755803489083862
4.846574388453124
9.308967037573046
8.042166175320448
13.577200147170998
4.791008320573176
13.152776604532589
12.125512762843176
4.231100444988211
6.622861942290042
11.466754436177427
10.717925502849772
5.212625830309077
20.147503162865938
6.576921715250496
13.121204239197246
15.68748545538659
20.141831364021474
19.498364462836218
12.958507340380148
13.956530591970232
12.07429233549465
11.52067433251633
9.516951882854615
17.181915802854068
18.8124667318797
10.832200220617302
11.457407231082904
9.977227505015856
12.7485633522384
10.52539487680485
4.944881713181833
10.470569248012433
8.73616425651627
14.57065235730672
16.245563007102668
22.232561927181802
16.615678039031078
3.7848382381458054
7.608166582337378
14.60550648494219
17.070646325433948
17.771753733595947
3.734580744345771
3.250582749346598
1.4879137008985863
9.20381926895892
11.019011496984902
1.854685129790912
5.6668532150018285
11.380730642011814
6.420591653924552
18.717050400010248
14.955491499556086
4.687577120135376
8.1512576472644
6.630276438417453
12.708546351239866
7.292734747497126
21.75472852225373
1.1541119534375466
12.309157479192642
17.422247617177014
4.872093945760261
14.076526960454474
9.872920994853567
10.913199253356987
5.896387090014177
11.848347019912595
12.53997062236846
5.171626361398355
10.504956727161634
1.6876548464434389
11.266293409269595
5.872809025681294
5.080707790099776
9.343220718840639
3.453811953144943
9.152945370440804
13.291128398884258
9.551333250582768
14.513808132438355
6.914187746656517
13.631983475069905
7.203782379523677
3.4699457620808873
6.585220021282603
3.159956851991566
8.216093561898893
4.3483057277012
4.45365370510742
8.258918978611028
0.4968413133370744
8.777558437144181
7.4196951838496235
3.771843367426011
14.468551709113466
5.89490668039753
4.505969835533878
12.229720547640095
1.39962408438251
15.033394141473664
3.700661334277167
3.8515875820555014
9.293612299642191
7.067910871307097
10.773944367044702
9.021990329957614
6.753841426441384
6.790750885558514
5.112090702302431
10.114301529181535
1.1507724150664216
15.926210106222559
8.466179414180377
9.54813875788564
3.678876098393591
4.97783335659574
14.440287857271542
6.48150482118279
5.729226235238709
7.996711989026542
17.578945017927687
9.481840955158388
7.294322362211554
6.940263394578336
8.504107977142228
1.7303488612642024
1.0406992746834196
1.3169333814406077
0.8516910386831489
4.010278527257627
8.72181615846297
7.170788481500845
12.007479902575765
1.332838688567839
1.7533317791128344
10.666701700490519
15.582834131300528
9.46696381963934
16.487375558186066
9.694012143876426
1.022234326268237
8.004483481734292
2.9635526318813423
1.0752980886146004
11.22427594486498
3.08253034872334
9.205031766366606
3.1866166019781934
5.194296194409282
10.44240213216107
4.1831173054553705
6.820036178513971
7.3884920089115536
6.464602746113232
15.481154428982528
6.804900233252036
8.505413754295278
10.812396804412247
1.0190063298811023
4.230559997234968
0.8580217240340076
9.674570655383729
11.366885879840442
5.320494586742106
7.810945188513592
13.452869046197243
19.767026721778894
7.509305981782489
6.5585695869267875
5.26317511353206
6.439143806972865
16.83713809549077
15.76821697099856
13.515709079688815
9.682129204046698
10.552202854434261
7.236177711616386
12.039956792168915
7.816199515078345
5.7768666606491355
2.5383503964609933
10.265817259172133
4.055015694591801
8.115881964063476
11.961751333382603
7.01418634269319
0.8795877792673503
5.042060744695944
10.788833770988884
6.29888969190918
8.795473173023032
7.535909594644703
19.036471335519643
11.430982911843243
10.483308423801093
5.909296394193704
5.4550697403823705
12.15945262966797
10.404968771173788
3.614356303601045
11.639920035805646
4.976979578606914
5.408403080116618
6.09982523797991
5.362675332568709
3.5693995987338902
13.617357680018529
0.6585025583142615
9.811167918692172
5.220063557027975
4.267471204984584
9.313530952435984
0.2456933764181009
7.7070466919225264
4.81157340011582
8.144479423803162
1.494054705730832
7.3004946805037
17.685813117355018
1.5082168195816197
8.250528002721289
3.914684216268078
3.8638230061705787
4.9017690226335855
5.8238271375636534
5.276893002376643
9.148813745036815
4.718598517218361
2.598309167303487
4.010421002813756
4.334035299765593
5.328343311931266
4.604355270238756
5.87376081812543
11.005281527954915
6.045300033741497
5.533008605992783
4.728317933694802
5.280544703937836
5.450673526104231
6.119938438437202
9.380206687601724
3.746753017658349
10.324652659957929
8.431059848983349
6.744683771107482
8.056194733724787
2.149770119108356
6.89384317387902
2.7210895211663155
5.581138927789832
6.9453602091818505
4.357479780831826
2.4875090212877575
13.350072514819754
5.030056188474431
6.2143419952666985
9.35084099235564
10.09617383353975
2.6233691787934563
3.4065334883324505
4.992742151101679
6.053815066371449
9.125267377482395
6.969483733757954
4.223947759019115
4.522439263125657
10.219556954652646
11.663002019912303
5.543800298199047
10.447823751762876
5.5332035864156
2.048968025425486
11.95600935820297
9.037958862028512
8.04021394949183
6.855674038732446
8.37244850563636
9.472381622038807
6.9654797030591755
3.8873390797848804
8.05722867904346
7.972331373489861
4.574708745950974
4.672138596829505
2.510254169217816
6.270567202075288
3.0756565716792013
2.8226249763335134
7.859271245934253
11.309514995327238
2.1282267283463994
0.680765582893521
10.676352451929398
3.650511296760819
3.305502430308889
5.5368889768128735
4.631959269047834
3.701598829011396
2.509018128954474
3.1127893460473013
2.9471346759517827
9.275480652585863
8.168655815277999
2.1779285021558388
3.7326369515238333
5.285878299515152
5.511848438604903
3.220950846968997
2.889026847406124
2.172365758006022
10.447802614114462
16.11659975321677
6.114353796994638
6.325249474412491
5.0090808598233
4.811521558837764
3.1441587687680013
10.8914384906372
5.563004784905496
14.776676929478015
5.440778143039713
2.82866409251947
11.596403504977562
8.56612428925902
5.828847164272423
8.605694424240571
1.3146787767992623
8.368867754126441
9.21663575071557
1.5319194162982666
7.121119915321275
1.9874766167726992
8.838881869070596
3.2864345925534346
7.944174053476292
8.620387438299577
6.071772391791244
10.659838218691707
2.493872454378007
4.444181948903063
4.065012001469599
14.784122237875268
2.2243394866671755
2.5624453936432485
7.989313701127068
2.307685150600998
3.503525722224178
0.6677381566525983
9.486480084559934
9.206636579492683
8.288968014015703
9.82413230999249
4.051056539438998
4.491390308712854
12.637276344804793
3.8354721883469534
8.892683297136848
5.175610739971632
4.07862121025721
3.7131809108250944
8.330461119531291
5.052432797156282
4.036930608275523
3.0493732386270667
5.898147309356134
1.0886445634789483
7.551504490908356
5.894790789374309
7.707010437965303
10.94501147805664
7.4307382072459625
4.217428719454568
8.340918837837815
6.078953178893073
5.928657533762702
9.776680111204888
6.424617183374094
13.204257908433565
1.5387808773069822
9.140777577058488
9.563748075877504
5.012404114136968
3.307243709456533
5.485933561707171
6.977099596962651
8.11966934085321
3.4870079909277045
11.916348507787399
6.495487230047067
8.242648886953404
4.4849097718866595
5.8244211863082125
12.694682484940833
6.238419311044229
4.688554380087418
7.316528980530307
2.9528936898984597
10.933673327043001
2.591263353548347
5.2198310323908625
7.682540102454704
1.6861157938131326
7.960248209632203
9.242261779153747
8.986578277464906
5.272218438561748
5.441416745495738
8.516438142118592
4.655517489192173
4.185618071063676
8.81218808291271
1.6047811196835295
5.686244719705955
4.656758363015609
5.690358355188253
3.879764186192708
9.598544592383828
4.240902541273451
7.543390912495303
7.506829637614379
12.238347735482186
1.2315308071711775
5.442449612341623
4.1379314665226365
2.1138948573954695
4.093517063267887
4.038507700833725
7.739201701886976
4.2473113173883394
3.3504433447767052
4.0201254369544355
5.020638349006443
12.075529810059098
2.617770245531591
10.903474741164102
3.185268428446948
3.732418786986706
4.291355520101512
6.66193428679216
4.021777388759367
2.826153942963571
9.369319164801038
7.39718172397723
4.258461121268349
8.889705621885064
6.459660019729763
5.976688027467371
4.960185458961698
1.5744901196629504
4.509392716835363
8.50680752299784
2.460237116830322
6.200719234234692
3.0130581683193762
9.82706921198362
10.101349560609295
6.091604581575698
8.62626574692854
10.757264071781687
11.395633740866815
3.232684654025021
3.498273258387333
9.01411323341892
12.017485335822197
8.773349526040546
6.692783131429375
9.69207589154872
7.008194770485719
0.9562001197091435
1.765627199586775
359.012
4.305343975335937
47.65745416466164
11.560507430673397
62.26545472117275
10.994388353146153
82.64043663167821
102.99322758086554
53.77870527295345
69.46603905092806
241.73278807854604
320.8464580721055
882.0398851995332
209.77958049948364
221.3524837848633
161.83123481956304
44.68970190811899
244.1788180906337
73.97806770534119
50.04400730960609
222.9561428796648
133.58893364295795
244.38936592437395
361.52929476505517
78.91470707176676
170.39065111381737
106.6326222923045
243.32708037782834
68.05251089820038
107.13587598075179
187.00789353609326
58.20562772761764
64.86963232139381
76.0106545435356
152.2837726655157
201.12029548385746
244.40506753393694
25.770897193973447
124.10604667650645
359.88722922852315
125.4214348391351
169.7386673262982
258.4660414922921
163.46108299581448
214.7392781384605
95.7871887787068
241.6025412972857
286.4273844361545
234.93978316753413
144.02772174168098
169.17351218937165
174.49228081207315
7.512673964057687
282.50982093266674
187.52372414869535
69.1043517441888
96.37746122208272
311.03682197168774
54.833349045860764
109.4445403081166
81.81215443657844
14.920780238903717
120.29108120865092
118.77109342435979
219.64614716962274
233.84088696865842
205.92536420639104
251.7608206084865
131.85373068921658
140.8263701876804
204.97557274835793
160.58930760110627
324.2350355272719
106.03027307306759
174.94570182428282
105.94615131743251
81.53970035299355
44.29744196140399
162.5896179095957
76.26795397637557
246.02619910478674
155.10323394325053
104.8582908784541
67.01931805063569
256.4481940370014
56.140036725112765
36.411985787875636
146.6997129034649
81.24092068698906
104.72129355038132
90.21581414745022
157.22992653773798
295.2101415470578
23.582746897823405
60.56630365164061
66.0373524243477
128.0617382754778
41.082999280645794
51.804007731701226
77.90248645214695
193.4343351933417
41.38194229503503
220.93943721737622
81.47167010537696
175.9163615969354
72.36796945395457
144.9532979329858
144.24428503756081
154.20179418685876
114.24990570276172
49.509416705744286
68.35149515300837
99.01847616790872
137.94711200973722
124.90185346453967
78.54895995125153
65.42455500048392
56.51793811331623
70.88119973593126
49.87883246428956
83.04755257315863
131.51919706815153
138.56937345158437
46.23235366110787
116.44490531998636
79.72755133384045
39.16183019723362
134.73794562605596
9.532575747026645
148.22192656825547
156.32095262899506
100.81160864317354
28.248078997523027
8.312393801984006
45.90906914089391
164.57224397362677
97.1680626221532
36.47837962741283
11.64831967975552
60.27441740092774
26.097744208202652
22.720452243759798
45.40367535515551
36.27171801224878
113.71916552536148
0.6062370747688686
59.245773439559116
32.04584358705123
24.940762790765753
53.24718736795096
65.75685412347703
41.735254319105465
18.2703627838648
52.1498684687262
22.240868432632865
50.13280638556112
58.01320800330306
26.9867369959325
40.40248271522764
17.510498427140284
22.889078179950417
22.758570525056374
37.93782752079616
66.83354131762403
49.600170271452015
12.775709269004938
47.760566123384145
64.03218274748464
60.88099406043551
21.885948362562914
44.19920554382827
39.53441379631701
29.470876791844574
39.24318891173551
61.537592798620814
31.88767660773987
60.176726880627626
28.81732872600728
31.08818669638965
18.790752215531676
72.19719311861704
46.41651192909482
49.871522389539365
61.40820041024682
24.304854419014063
33.185630776383874
41.230351460124886
28.439055161625483
47.71488230359176
35.971749013494055
31.339403707996887
10.116610810111549
28.11960191395853
47.455768447204875
19.320062652737864
50.444502964214124
7.384941905147369
35.3156725875463
49.05691061850377
26.032019274596404
49.53263290117176
24.422414537836
31.100450174307145
2.6247661129745876
18.048665818918483
12.324121133219563
52.90398564535147
3.4696388291034013
44.84976051592941
40.09214674361285
15.261245726843855
4.084360458248072
43.16977662302998
5.392047925896501
56.58445438049229
21.02671766271504
19.403318519713658
44.949891695105926
27.143915896972725
48.692577257989754
34.2065123521165
8.158993061356615
10.344304922875706
3.45571749602713
28.708750660329162
10.354597523653707
7.528925778257189
27.563496736953784
55.77159561203582
24.327932596664365
24.958609620893007
28.09580239378428
17.731150312682573
7.142368016593894
14.012777418226664
21.560306072748954
19.228511706719463
30.427856636617683
13.939442306753808
55.23872589913654
5.872102173237573
27.723424453310695
13.184128514456798
19.66742628194084
53.894988223242244
23.270212738308672
14.542196031528574
46.686857742277176
32.77692846472698
19.66838919065038
41.63406117127587
16.303141799981322
8.152005173856484
53.54759622181251
24.51114571878178
51.41463846346737
50.02557110024732
40.64982293154367
23.15152143345992
25.9842677236343
28.21411874779568
28.323350641550057
7.763792153848924
17.80468973184927
13.929006441717338
10.274690068564482
28.029962514963167
51.187006704374674
22.96529848338618
23.529266775061313
10.942015301143277
27.166196108672512
5.351438350306685
54.6470583564225
28.664794927896274
21.477979421326744
24.53018170480516
7.9331114987231475
11.226860881421777
15.477656928499588
35.33744796929407
36.05490117716207
24.914371369609896
25.523000779840807
3.9486874165270645
35.575150421448576
12.093223908072009
40.52244429140838
23.38773342564821
12.09641861109216
34.85662093260769
2.2690589408933985
40.6743127481747
22.09283983220769
24.396222465766435
15.294285851762238
27.47264010961968
24.269742814767678
54.75929694132636
4.00265168097443
27.08010405050096
6.6017459337623015
58.72468216845104
17.22309474676439
33.35930860571608
36.283783322323764
4.29469931099267
28.250968806142716
4.815177070563898
9.767124717161595
29.92679665531937
16.814030325621573
48.5939709923779
40.11196924933023
33.323886299817595
34.054669978569976
18.966565831176894
17.396972909377258
24.780484338853498
27.51310296333882
9.204176384783889
19.205551989190035
21.142789005358622
27.185875844012262
38.59353393645937
24.16459292595915
25.17704212183833
16.25329771049062
23.007155560649313
21.60001610205499
41.43038759744476
21.090609625102957
12.402479196261636
19.200871910855774
24.28247957035584
59.80586407046724
18.36565503172752
33.25552454623299
14.396786690277839
31.834279388185585
23.411413212264396
60.088077143358944
17.388877524075575
18.615518341357657
27.349227866742666
29.140763021396307
11.853575832393865
53.11006440107581
50.77302677192329
25.073408482250485
73.14112350771605
22.07512087128774
25.291124731127617
45.108675535482035
27.34611171952532
5.925648904272696
11.883184765836727
16.185292094878058
19.341509107122143
32.267556853767495
12.19773956106379
18.189281899401983
24.04759547533383
37.536816487762316
52.41028551519529
26.38829096008366
8.816039294617195
7.522124620550126
42.281819036584125
17.528499410680226
34.47599579432949
34.81137076307287
42.85923164131667
14.872312350481378
23.9298708398006
17.73742616761537
24.367871833216544
6.765726030607503
53.81084019558857
2.0810161544906207
16.934815086159595
40.11360632777253
24.20149871714041
14.02115894417873
14.140659854486431
9.532729876346082
11.486619100227415
34.087404580153375
9.469385028618778
26.66356015562431
36.16327928788439
16.992233945572334
23.079418888274713
16.525548551412935
17.51996995479794
19.753900092690113
35.437554687678286
2.522065430598677
8.267399506893716
24.029761819870718
22.15552631731979
8.368019356635287
26.74342335367407
9.023825386629145
12.383309200955706
6.659191820250012
13.3564411606487
15.032472850729008
16.53292597838953
10.29773485248574
22.503231795119838
29.5027724027243
8.863751023441539
4.530313726774148
25.09943401876779
26.239962220889538
1.5769244528751625
14.21924295462531
17.84787966800352
21.536100019930842
32.3287078714405
44.19015561469498
27.404252851962468
29.90464471571648
11.77954597580324
22.084177944428692
8.894379088843664
25.95612887630136
11.730220059968113
6.971339302740581
6.170397172825435
32.63112440133941
31.43489974935825
56.223792893739656
19.166063268312513
22.55013490883494
13.512931404934694
41.57268817655234
12.34947899289592
17.1409501752024
18.503889965722887
8.570725134611285
14.157090072402093
9.84952132039261
11.43254448144182
3.439224358325899
30.89746864007504
53.58800419612366
23.351265872221855
20.236772296329658
17.63664241757452
6.112519008636931
27.547864515077777
11.683981662546163
39.1885206254422
29.481812841183807
31.860272447576346
17.810678920564765
13.545251518833402
8.995302524046764
25.03257276081548
31.85843421892996
11.497165474042372
21.05897748347688
4.564780185369637
6.811056858428549
22.36503783501255
13.407818642717242
23.062202745508085
38.90152585101886
10.853704102357142
15.677622319227456
19.19451729833057
31.287581789006918
27.131218692967103
28.433284397735928
7.267511186109811
18.265686278717222
11.191190393840158
4.78453232901027
4.974819941893418
31.018295111606292
29.601570669269986
20.0949139966147
13.935007946484331
9.47800368768667
3.712432208049819
9.682533158492465
23.541067527746254
11.723167632309947
26.992552456601683
26.220739591426987
11.650805374502
4.27299286082659
14.820607137643027
15.781491101234069
15.393550037980539
15.709341527312189
19.145607731387063
29.35304881541549
20.512941693173588
2.030407172517364
18.218863602551664
23.770355277842473
17.735833095509438
13.741050491489794
21.06736574712618
26.010052928122498
23.826685975524338
16.599210814380196
28.334125728333962
24.170558894695773
5.498250534875974
15.667443482434543
23.53858512985129
10.897553439213066
1.4797949082692192
38.85457128076636
8.855528235774456
25.09143634921173
3.9447143225237196
13.671149527951368
30.87854936360536
9.419052900299919
11.724130962932717
4.4406860553072285
23.95636343905564
24.715361534294978
28.312017080548895
14.279651182584846
23.674110132946364
21.70615859472904
19.894093632846886
17.27036031904835
17.338972084458984
31.052112151625213
25.460485936847963
7.075501201596676
9.738306362744678
13.08865143890906
4.281671818410923
23.94831108358294
19.328675611977314
14.820791769391297
37.403329407634075
6.459179590370861
30.507616795561432
27.572931561548035
19.498208896296017
30.97191453062476
9.616071312572847
18.997415864597887
22.344795788937752
14.965648501572836
5.106210503183754
20.163646541982516
10.205962226795188
26.353097510593898
32.57721466796265
12.688209435993775
8.94523854644659
8.203060624986145
5.714426127382392
17.799131604136406
30.233518268984447
28.063103230571045
30.60792477928148
32.56038669083417
11.621656042410587
6.22255574434383
27.310767011662954
24.379814016815363
33.73109672124591
40.41591851377726
25.087864706414802
4.0549534637954245
22.26484819760453
17.782986149899912
13.390642008642438
16.045664491860926
11.36130432831348
26.7819359175078
15.16065164034312
7.651317682603225
14.713722572322872
11.998400534408281
0.8046116496730823
5.113546589862953
25.515191076671233
23.69359293809765
7.932341388793246
22.21405589992478
6.612305633033046
9.354691804448501
14.786633669596638
27.61008497274311
14.042115040359684
6.6291226370779786
19.083522456684573
18.983688969452224
19.412842360241097
22.168259787227537
18.46174474170705
7.957797413499788
15.919352418999862
20.253997164635624
5.658251773714551
15.943484532162966
12.1664448004696
5.724538405904715
10.43079472674447
4.9195857465043655
10.36453245690944
19.483680054098535
13.189205479005691
16.765397006466742
11.194240215755507
7.988956122860319
6.250334315096234
14.328121224376032
15.31925571032494
10.740220340350854
9.96988268853221
33.2257093019691
17.583022188472807
15.18521109732386
5.636331267478404
4.145541924414146
17.75551798972063
19.113510340560225
13.504790494588354
19.1697937739732
14.17954253967831
19.69318469986477
10.208838614232889
13.111104432180959
7.4750961233236435
27.046470859359413
6.817090106149686
11.29548653940318
27.481601601033784
18.068181176042994
27.227881289639765
17.984652840201743
23.782272262429913
3.0301247958316373
20.61640319749705
25.272631603395197
20.862633223892196
22.877068106404796
22.149565930089942
21.05673826791669
7.892306982856829
18.944355757874476
27.79101906599384
1.4663848839716402
25.548108541245107
7.593737866651043
11.36508406241759
11.051721090604707
15.555312754516782
8.084064027477687
16.683786458213483
3.7609341503597604
7.45954694803705
12.640397247584959
16.3815305186278
14.272421618356782
6.975876753496865
13.153593105501898
4.220001427891895
16.376555511872372
8.838880166123474
23.441264847500403
7.472198823427383
9.906065377813693
8.020844042744528
21.67165969941805
13.759375402505517
8.07462609209604
13.157910422061406
20.592722836595264
3.3381707510817855
10.38707655028823
9.915016454838973
11.307202337733752
14.367708760741936
8.546296905872918
7.996454190679626
16.79634438954238
20.12114966703198
16.03987169851122
5.543174850643683
20.410452195498248
5.817422395997506
7.071097537988348
8.953146076281111
9.806081268964338
15.324249319603867
9.242685788522522
29.20697429060184
18.758316167162597
6.820721180305695
18.621451771734698
21.0800658647055
4.922741340393861
6.564988748301291
19.143754635280974
0.6093213931726961
2.906581329861336
6.317228321328002
4.016578482793675
14.702163322459814
10.907693556738014
1.896943160639744
4.2539649175488945
9.153483386009823
17.031666935473815
6.755446504204475
7.066066676927983
11.92063615132903
11.838677485518401
0.9436576034374459
16.98137603497618
3.1215310452321043
7.545516105570274
18.51313042569934
8.940347362005541
2.8942740171022354
4.960565012367189
11.071982854738415
16.10055819353534
9.278660770864057
11.223190484402634
7.708234579798503
10.471941057890977
3.748171709923696
4.132034889988706
9.482775778698143
2.353166311663858
8.22689359030879
12.115430211841478
7.42959728334647
11.7942983075711
8.253156848952191
8.76864328178624
10.571371084908282
17.19938457006185
11.453307061830895
9.378737888002727
4.799786680370309
3.52441370975735
8.453002532431542
10.207768369556103
13.253963830785914
15.216370625551553
17.242241343763077
4.9560684735917535
7.680339904136289
9.130478260268413
12.420422249005922
4.4737412478641705
13.847972919651925
9.49747542855111
15.001409200628743
7.679445808824076
10.924221733916985
16.772230040139444
19.7760372911243
11.890421884188973
16.18031426603257
11.853890125221735
7.458282342941284
17.49382386802654
8.366255228449543
7.080238586600431
11.611889134147807
8.290075140629554
3.8097663683428755
5.705865325781872
16.202700777482132
6.016689166844381
5.641807012287971
1.0020074872118954
7.331381059923646
10.668350001931858
9.62441515188228
2.946122163575436
5.8930696996207095
6.470941626266786
7.97039218929561
16.52543929467349
1.9253020702326284
8.814152995567852
4.42580906080387
7.778675957188387
9.46127759558499
8.356798341762952
10.426823238770634
13.908645126695175
10.637044762912394
14.75639013027755
19.780003213092506
2.140738536493731
15.182220035284626
4.735838292338026
14.603613773469611
7.674760839025086
8.089481453631178
7.504288966137713
7.372953957704016
8.687751542836764
10.059575722281794
11.998699891647949
6.050085667221071
6.877332888987172
9.704550448833643
11.826922035905183
9.465575349655998
2.916906262964068
3.6371751313966585
7.042469176958597
1.4382145988400936
2.1603338691201737
9.096406056910796
5.281860176764974
8.54874010703574
1.5240613490626622
11.723876715161957
16.35748981815998
13.133382523058629
7.069224393725679
4.168534847437285
15.51096870080131
9.86002193535961
12.534345207544321
7.236073016801772
17.969625435204648
3.689602850151682
3.011570297830075
3.0404820488530175
7.7897043329237015
4.177618719417573
6.5748651200595285
11.41903411463486
17.19712343806631
7.769231620839862
4.050972511483285
13.06229788269601
9.935264435618388
5.4784991256812905
6.414649861516704
1.4591827727056719
14.518408111321028
7.459161992676097
9.782708995025875
5.234375028496848
10.567466447094906
8.093447762244
8.10127258174315
0.6165063399051662
13.738254649012292
4.566373096376805
5.875124778368692
14.697953230728373
8.46713778596627
7.797118475830334
9.57331550479191
13.621473644626871
8.079963396374128
3.1436135108537644
14.97511413047695
6.535935818549385
10.45502274677741
7.928258144039768
4.570152822236526
9.167762590126946
10.884193134688829
7.174885655814551
5.962646590058871
11.573104966043418
6.654261497861433
2.3253487027581916
4.423537751568344
7.261070263284063
4.651677030074378
13.09625564729963
7.393223110328563
7.208016925956251
5.69021549985432
8.099331552448655
10.919975051452594
2.017409978761066
6.810513381383383
13.606618208473794
7.895037540614793
4.665315959454616
5.4094426414893775
3.384189327013058
7.879290760965
7.045956001666389
8.953763730254881
8.340067798290361
10.340903963775643
10.12787520515657
1.805013572399552
8.880837840177414
12.9508971192675
5.310865690883654
13.120091498892208
14.964837973516923
6.713500103496456
5.5373313011321335
3.9742180265984453
16.69607257706268
6.862752364344383
3.2997441068189928
7.1923838114155165
7.171561924766235
3.565106839330488
2.833584258678279
9.744472396611464
10.144521737279513
6.0311938847589595
4.554757635319976
12.986857163304647
3.0705152420770654
3.9679544761836327
10.352509274133181
10.857676724152034
7.091793448011439
7.4596951314956215
7.501915803422897
4.002278133976766
3.406208671736265
7.129225189770199
7.886206989602647
14.395280161351094
5.986479209403951
6.593052083218423
8.713353185982465
8.798065025965316
7.620155218823583
7.806555455812559
5.610577367572283
6.740083669349016
5.603806481796981
4.920395931460952
13.97510886635177
7.9910215109703
8.152695028935899
13.187551741260977
10.493781270882915
11.43612374376036
1.189084944617429
1.7529900347442393
10.0032022672085
5.877002566482088
5.864096555340942
3.7593539432695704
6.715741035593435
2.144591735756533
5.58237135296296
7.337450981818178
4.374032548417704
5.295320786117432
9.701203635402598
9.059010095001323
5.437609149040001
16.118802234833538
16.408751413918626
2.009474090136744
7.427776504078678
5.058922842474506
5.432471287384047
4.326113196511857
5.025438077121409
1.8104690010847346
8.295698211921428
10.055971007757122
5.995482291641152
8.215384274672463
2.4840787700293325
1.8953732435592663
10.159898081480373
14.896306031125917
5.605702424139788
15.760699150437302
6.913040620324646
6.04711844947623
13.573176916384327
3.3604764855543743
8.380364526452462
3.124832956160682
19.040383537329223
8.970533504732126
9.205639708903952
10.306975894707925
9.01339568457503
12.486292773498427
