204.888
201.87033765270198
174.56909333595658
117.15521182797384
55.97964533340935
68.06467941538274
142.38642110387414
212.24243611898305
250.35183334837066
252.41420799607755
213.13280424933035
151.52862291133144
78.89304993486166
56.55489325699908
89.47966989646291
114.16179543240023
117.61800232018814
110.62855088729624
90.31833987054034
76.76875174464514
58.381034780583235
32.3593092033473
6.653331939338984
40.663846938216295
80.19016158937876
90.7687626929243
86.3716604774559
70.19176321649616
41.52641884508885
20.58907518607662
33.50380712675167
62.556094994520116
80.98639228611933
87.26555220000718
90.47079225974
82.80116063684079
74.6596028416103
51.307729037751514
50.801941130756546
65.75145849228228
82.34598309106471
95.6820163547754
102.22874201481626
98.64985837797495
88.51611617976617
87.95356142139686
96.12930931041579
99.86750172767987
117.97827737028173
127.76060312936333
417.9801758781082
156.5826837332675
153.04658021802157
140.46055345375518
131.05089806603976
121.36635341235572
111.8759095865976
106.54805430388166
101.2816914733855
90.30974664999906
69.54995602575461
53.13530213918545
30.56525046053439
9.785573505895544
13.660420092594196
24.46038139642652
34.838888858977526
41.636568778853885
42.206758413216164
41.63642511769624
40.59726074531838
31.847874208306795
32.38724707645457
43.45345658663501
59.50906900108673
76.87005590174704
93.75454457670705
97.78281194460044
93.19881507034495
78.38715629343262
56.832347869074866
31.373641917612602
16.63750063558904
25.55479827878478
36.4127252955516
48.466500337603
52.62122387381131
62.45827595423445
64.02491704370243
70.10293176067789
65.68584723184033
62.78419709105775
43.81034125299907
36.76938033233798
39.5620085312398
52.8174922730636
75.29386762311006
76.54180630591225
94.79836733654831
102.28969982912241
266.79566892133755
107.94736543084943
96.27751155564496
76.70755448736419
50.780617106079774
26.738978169796255
15.844549323975297
34.009560741237
47.43663521239652
55.5286447772554
51.03355522043902
37.14168245242503
14.594836835299589
10.052042406012907
34.777041903772805
40.94868889007649
53.318716111308284
45.05151269736866
34.96031718555313
17.39257466361883
15.068448253493425
34.620513799182525
47.97504003184344
58.35799785635698
50.260449671752205
40.169266020527054
24.78184672024596
7.330750346899358
23.931961145726262
31.799358337098557
40.53283628191112
40.46616676174544
50.808035116747114
55.68175874968992
57.224196612945825
53.38785185376203
45.600203144383656
31.113295876688497
17.376944981259822
4.979525360925334
0.6896392652711708
6.61305292512961
19.061212251170875
26.365108143989804
34.17757686027282
41.38098249499288
47.09142885367228
38.269606062499236
29.204985569166176
22.3703319895967
24.04382040463897
22.224544049531687
26.755289178702167
23.40908510561549
19.320595795139262
21.159767163205167
14.423810641759603
10.113685445513864
6.992789592353803
4.468345311323037
4.466548859945
7.2807672442433455
3.8688353269456184
3.19349310869227
11.181383994089217
12.328754081586146
21.701927100361672
23.80218368768224
25.369900137470346
24.961342917806068
25.651214215301177
22.09746748147493
27.683736522622333
27.528080435957396
29.998793083840095
33.52152339417811
28.056031804680394
22.27125011643289
7.4232755833264035
11.828699889587423
15.012553243954835
22.151108438689775
14.771444380211095
16.7287514115895
24.060695016900638
9.239198202611588
23.42704899699996
20.05699406399484
31.309824406471787
20.31867135585979
23.98453317286406
11.14565626999767
10.164628803817333
8.32374985463273
7.565764758707381
9.103111647802443
14.276524212994614
15.887607151334702
11.769444106108901
3.691373956186988
50.68661288870029
14.848486344121518
25.268396842568556
24.746022687086423
23.474969336810066
17.230564533638546
13.843880097089816
8.28755637140516
9.11191976190635
5.706350021131028
8.365658500380595
7.683558172350774
6.733977505507014
9.636089290201589
13.75326951788289
13.646537043712335
15.989899565458757
13.050548546427924
16.74371966045982
10.091321008683575
17.122243712249627
13.934358433853525
11.270084496471059
7.8259424993176046
3.527159747427437
2.4689386971162897
7.385397739750954
10.992484017888476
4.882986943907766
5.138298779833669
4.596205210073263
0.8226882063028992
8.124790902942923
10.06541084732469
10.632882312481145
11.30159926084823
9.2755846258572
12.900970352518472
8.857033351739092
2.7018088750912397
3.0433908532765224
9.00712080307403
7.614919115970619
10.486345076907025
8.200651601657071
10.157103191451728
4.381900337553589
10.19988670250171
11.546301687172233
13.20095644034451
28.766088926425404
18.68148729475502
11.31982214567972
18.577794038632774
12.231643974410904
15.458040565585197
15.037407694924001
7.653790393546452
11.898049379371445
5.171008852419721
8.703435105644063
5.321380470067335
9.75182163251365
4.11845412999311
5.638671043948999
0.7086479834888612
4.22377268865314
6.584456198141354
10.309615894903436
12.45975795955341
13.007889078326372
18.38965566257944
15.037409224047343
8.066134251226213
11.288419112610397
13.415791825267009
8.169081662121702
10.094347014205024
9.553159777462534
12.319379357639551
5.532941240516035
13.998377290160658
5.484887758002433
6.051590782834715
7.271459465814091
8.567722600661826
5.180550777881056
5.0426066833362935
9.278859137720849
7.399061940358217
12.107930756089349
7.77219466314607
7.662885254145738
4.647169451551455
4.784591378246049
12.536609038673305
11.750908814870765
7.689491392023035
9.954629516748968
5.062896517077338
5.110463769956088
17.329545784710728
14.426149190139911
11.920637634824152
9.462173597106851
2.524654006080143
3.929325423955103
3.96253350963968
16.80023355875305
11.193018213014241
14.562541877047233
12.51100762609193
10.893222338616113
5.030672053605098
10.410414765234554
13.785883304217291
10.718996763095948
20.069267489869546
21.505270998503494
20.654725629706373
15.733500585899122
18.817606776596204
4.847696634416134
20.163556301726086
7.527142152298937
34.18633198789827
16.01950712195565
22.708937596756815
13.82388199535392
16.777685208817594
33.253690270868965
10.648532284325244
16.460373711495187
7.182081287810168
15.639676543727791
15.870811944493868
0.6798827190188317
10.657965362624818
15.216476824605207
14.91626741443055
10.25525513223182
14.017277663337467
6.066146928088283
11.432946602459257
12.928689600714563
22.779310694252356
18.634957865372126
24.737601137468637
10.39776501843684
15.38303068284638
25.11392285581314
4.375331497212173
5.3390193211955825
14.601971075449343
19.37274633085316
19.617342368504328
16.906744369474815
6.57090536368902
9.258715289789825
11.258100879352778
9.690871658722072
1.2598758474168417
5.775181186696931
3.595542782447427
6.51039824767985
5.840286090414222
5.04723200068597
2.794217233196969
6.494221743878029
3.367711040515483
8.152415443411902
6.136203186653813
5.172321150474481
11.852340984553953
11.045694865591477
17.75314624188471
21.177779093485633
18.26789788258073
11.155201381911677
9.315330310563034
4.901207664291947
2.1976807388775
6.574481330326016
9.603331958799556
8.646225943882529
13.7661389086652
12.643155524962824
14.755267173009697
11.411653523370976
10.480703869906735
7.505100169536031
5.148418458913935
6.194764322518032
7.649099471819785
7.119154046071924
8.32465114013538
2.78111097635991
2.102256052700841
4.524356522832795
7.441540398801137
5.048524683907261
11.710215516232177
7.981442682430269
4.240902162174326
0.8304919563460003
7.7045177432911505
10.737167892267689
12.249547355972798
10.796828612013508
9.858861822330416
8.889781631116778
5.762667232711243
3.0346988076809747
1.3176194878185103
6.701521951080786
5.0970334658576695
2.8234244583675188
2.8653906308040296
8.209262408504234
6.135429657990673
9.07060632915995
8.335848368890886
5.034853087918033
5.164065988310586
9.219017641849433
11.577764607158086
12.219042769803833
12.474438750990652
11.770970202729233
6.515411640341157
4.000016076880843
3.6109811857547283
6.240128695792361
5.1605173337954025
3.8451848229624277
2.6499577592996073
2.811474423597262
1.0707230309880138
0.6552561001516959
3.9924922073895934
2.431656462112096
5.031564965785272
9.057711921024401
10.3636332558392
7.436506294656858
10.190779869919474
10.628019914826256
11.470994095539762
8.465682338051003
7.056185655258956
15.421335304279207
12.83076237702749
6.78547438959041
5.870198646017047
3.2109051838276166
6.474778006122153
1.960619765730088
10.682375718830547
11.50233625958577
6.202946993788228
5.007821214812494
13.869370218215998
6.299191653175081
3.3089291637430693
5.980553493148439
6.549926769770391
6.480985049791141
13.317423618718934
4.707831610642107
3.022721606063448
4.8781370613801345
2.1479825300492448
8.084518586014578
7.635528060660384
11.102752342983827
5.001266044772583
7.553020914975355
9.586490711932433
8.847693397106525
9.428344304234688
6.607482882354218
9.200454993624904
4.445316509206084
5.263866459749941
12.939262569622032
12.447845384025465
10.261208292041145
16.121723684749803
15.373872839563914
12.741478741667688
10.392179588975154
7.893884482382186
6.693777724756828
7.389647325042569
6.438524583197632
10.456438799568975
13.762298343078276
5.150223797559302
10.374862940630539
9.616730233623716
3.7669948831015128
4.372099086348965
2.1291520488491815
6.207319590943813
4.457672767907519
3.1794907905435252
6.397089477527182
12.185380503803522
5.9864987213664795
8.63104154097385
3.5624622222704936
4.565740659630513
6.389306425799911
9.945804458036072
12.40885159091488
12.139963889610518
13.932809785870845
12.726902413802994
11.391688543049327
0.9678741069658882
7.617399835938987
3.676990880101343
7.257049188852318
5.904428840434503
9.437107278530354
3.495537670774134
7.1481771961166
8.062957964641837
11.284738755154173
7.407946448730499
4.358222848751031
9.871671511387962
10.74055081949735
1.225283817659707
9.522612745199265
7.307063891853218
11.692868872406324
6.705725066005497
5.79952011628462
3.274036525723612
3.9004763115516936
5.3793476325888605
5.48901912821117
6.742340548148349
7.292494352735792
4.775418634588314
3.5195792027931136
8.395409313793236
4.613570034513919
6.29458166588025
3.233845737631733
7.992760515642179
1.925774817187941
1.9606313096020231
7.695665918918358
3.218251036167759
3.0015294779824018
8.213305737882626
8.83503408115624
1.853656850245846
9.263496771461156
8.290068636084255
5.5029659687056345
6.92203491894686
8.322918670920448
6.137163000590513
11.03208490895256
8.403447662678536
4.403113006047733
4.618133516096551
3.462496357124025
7.511447173463376
2.1188392682301926
7.261939556881631
3.7307926194186156
7.959360325089902
6.728963939986703
7.794912237623909
5.8050321913408105
6.827852474822164
4.006905745595463
7.151283878130357
4.77271908190559
5.902698029471647
2.0136991510520557
0.9683922993184654
12.00150648919879
10.7949342779461
11.490051621117601
10.858008582246748
14.351060689660502
11.935855332944467
13.138605568197347
15.287074594811296
10.436880019347278
17.80948832512209
7.479512059392201
9.881182550151916
8.700101652929423
4.081753016744794
13.68365452630417
1.3424733349396296
7.949077862145323
4.75184530815874
2.8390073276439884
5.588831901736682
8.126935446984513
4.07220999895846
1.770730152498508
6.006499673884901
2.3769330424596733
4.190394243938778
3.5944894087699235
8.972066435498418
8.386721940624476
4.105625598738987
16.373368673166347
7.250401996608851
16.28920277373326
11.859080926494915
15.88978227436202
5.886724770657548
15.146574513466653
12.017070785493235
1.3555844289127985
3.711018486001565
0.9118983954329747
9.959346225018333
4.791618050883062
8.585780516084405
9.344551610141366
1.713153916396744
3.134087028205988
6.372491130527649
3.3331967190168355
7.477763195370408
6.094045033590158
6.274776602672566
4.405149894158559
7.4395293469628765
4.880692038491995
3.2849315287715415
7.396847326124118
4.391310477205637
7.001291117813785
1.5130481296639844
7.474838202935046
5.256593945354329
2.2464638754667754
8.5860921126933
11.118387635195239
2.4571537327551316
1.2606746886351115
7.197823384991501
5.393119747698723
7.0513455292267375
6.369187130306642
6.873206312329659
7.95827031267724
9.047053770349669
1.8309862961554717
8.05712919712173
5.410347447026935
2.031816635049579
4.759633675211135
4.157761491814701
0.6657594081883389
2.280628397706111
3.7242258679761706
3.43981693216726
4.246738187543104
1.3890253641674413
4.27047403288306
1.822062972765031
2.885506482747132
4.968336927887805
2.8900174289183953
7.597911827765099
5.317394492867601
7.441196380524813
5.929083812168495
4.309051563129565
4.789050088537597
2.7192378924560696
6.152714198837467
5.443698555717973
4.179538020859025
9.642361339142687
7.1460142658694
8.112461764173261
7.09468611933614
4.90474838035922
3.4314652736122335
3.359421088192728
4.667445538262505
4.624129110003783
8.074978824841278
7.99200967907931
10.717699003926395
10.824129607829011
9.061318473304397
6.698317536975673
2.9504351340457173
4.380986772434982
5.938835823502743
5.911819359908426
4.94665838466062
3.52184099420731
1.2454953597775513
2.6037561021988185
3.347769541916652
2.741506499504644
5.307090486827068
6.904517404353919
5.6537364012973255
4.708882146972387
2.673122697906767
2.5745858405089845
2.4227066580602394
2.1956393307537496
4.377349133037173
3.1853936921707837
5.613224864150988
4.037859623505034
2.8444213609808298
1.4247282537792467
3.01509429700171
0.7620392165027606
0.6138779908697259
1.6786459729684642
1.4216422976229242
1.5096678501873604
1.653834040368181
2.250557921365165
0.6361706961730623
2.8271481263201
2.129724828120735
1.363620141724577
1.775341406710671
1.542865680240906
1.7720391786536953
1.9318746847165267
3.3558302505161954
1.940075476465415
1.9740603839813653
0.9468848436623374
2.4867260109886384
0.6763948713935211
2.300552856142406
2.0438185014524803
3.6111495141730083
4.487766866488049
1.4657336322704302
2.0655379974039416
2.3887207346732753
3.728075417903002
4.32368933419873
4.749617672565275
3.92572895778653
4.62521062612824
5.2269620478440055
2.0319197586934368
1.5674173458180602
2.090350069592542
2.826896979467262
3.877985982697605
3.805255141983553
3.6093309616759615
2.2337532912343736
2.737135795128114
1.328683219888035
1.5032247958496012
0.7055642088984013
1.317219291631197
2.468011484147246
2.74680269418306
3.159533976811181
3.7724328959112405
3.2949421943532893
2.8463024313112557
2.7086770452054347
2.740136527486689
1.3027491156281377
1.8327048487881312
1.9699027545549057
1.9919085673134662
3.664118425055665
2.915646891159259
2.3469056746284696
0.4704986060702234
1.1534914105878284
0.73010816572561
1.9945073770112214
4.483202961195809
1.7241426905783988
1.9156774771303011
3.3705776955796876
2.868122015408444
5.012727188409546
4.828735450061266
6.861138173497146
6.0265584333271605
5.517858159995686
6.8212016086199645
4.239799124108528
1.5089624652264633
1.3861199309558123
1.0533741533802325
2.395857711643638
4.159718848705661
3.094820762149415
4.562939889498783
3.88777724468358
2.069171371379597
1.7455904030818836
2.846653986383619
1.6708149305745592
1.1934166622978963
1.7221862282846339
2.212820307704958
3.7707619625968065
3.583112217546572
4.268591619417472
3.52257252362393
5.575840479869182
5.1971766061276
4.953273396557241
4.538959205417507
3.170924171313153
3.760596124447926
0.7528060803686789
2.5237829233834557
1.8342683665419393
2.3332772444484218
3.208139460541707
2.5914894529521098
4.315435928543818
2.678879503688856
4.407523777014598
3.8757926387108173
2.6495219682238362
5.994761385612668
6.276675330849544
5.79894446235302
4.340248574191894
5.139204399511134
4.845149732849181
3.922341396806731
4.736689413350745
2.0387729752968786
7.435706654929889
5.212240761705715
3.887395529490943
2.6424765535301544
4.483615953934579
2.928416003766726
3.64185194663821
1.1279693805952855
1.7134917602220727
1.6593872603437854
1.8989035644670154
2.7836033136332543
2.5695946523702053
2.107737231731811
3.030238836878448
2.146122319777302
0.5165573109860837
1.1514327770106019
3.1027862766323095
1.4884618106046357
1.032537598102081
2.541738656582512
2.1308703948130225
3.9840129388454466
3.6385774130546267
5.512437213527321
4.4763433730529325
4.03066432610392
2.8755184347087464
1.9375302491596749
1.7922834637673364
3.1859679132941494
3.3933159406725175
3.044281680041615
3.3227359770435667
1.857405306173189
1.4374872968294792
1.5489670042922241
3.639748440129523
4.950777589056495
3.8134353805639742
3.720852647011637
3.5268191938151623
2.0889238128519882
3.4288131907896933
4.729626339374556
4.285120906214735
4.91011264694803
1.7808925700529752
4.3149330517856095
10.133412333165435
5.112258197839
3.2094595229037455
2.0699134327032884
5.193845056522057
5.273277645053175
3.426459368683754
2.461010304153334
2.6551805000878184
1.5416110719096798
2.3601146269123765
1.282172540609882
0.7259042915224108
1.5634129056882002
1.9465534182336832
1.5381574776358025
0.705494269123324
1.6502103719549894
3.1666665937142557
1.3926229283088434
2.130216345813238
1.3146468265413926
0.8287726520366349
0.20287007239352076
1.621728808338403
1.3494166152589397
2.1143834131568053
1.6769080294685819
2.4234924201080705
1.954638013323126
1.303147832115412
1.0657942526575266
0.5896680417216984
1.0682689420333746
2.322022238655709
2.9126183633560823
1.2039676701295743
2.232143704387409
0.8110624173492251
0.42610222878834664
2.251758776758078
1.9454335304598451
2.5385048435428006
2.3045978976046713
3.2119981770780033
3.155448565664796
5.284027358873622
2.629867381342773
5.263681690610686
6.764450289663249
9.33352677350597
8.247473835574066
4.452248423571667
3.731954520585861
2.856989427910484
0.8744196175216736
2.59797349068168
1.6230584908655716
1.095927284337625
0.9267630390919108
2.5153392616435637
3.5224723671724525
3.3280683375911857
4.103310293296423
3.6638242742488702
2.6663215629610875
1.2577498493545969
2.215458731069958
5.021500745932487
5.08740857210726
6.1774524419838555
5.488884468536166
3.803094611796132
1.9554220626149592
1.7840708748734901
0.5866349643216308
2.5960766418045327
3.0512666739051544
3.8600262560596987
4.454886280196488
5.697282474970301
5.082697656429224
5.752397531868155
4.641339907546782
4.1889057947625545
2.663228771766342
1.9149998015337217
2.1620628571795404
3.4911914616914985
2.194958230358529
2.536060955271776
3.159921761847413
2.266767732050495
0.5717936000352449
0.5050847990114751
1.7277067010222922
3.909289588443751
3.8930885758651077
5.423554373542577
3.9958351438237028
368.339
8.518790696572472
52.78566245313871
28.657409725818606
52.51514171293545
72.35939374934095
89.09294598643281
120.51076959149354
100.21673698891425
141.70121543886185
113.61550699695886
248.56031554459506
901.4035185380237
130.62054709861982
34.210447133969325
113.7831032786508
121.11991455633753
129.0217847436317
181.16084366857655
112.24126563857476
181.78185214047843
91.82505315649013
214.15162696878076
371.6850942781925
93.05272113601742
72.63807317178942
192.8005071580305
153.64644612878072
59.89213824636823
113.77701579958179
265.14723706704
129.19491138904593
95.1205101168523
72.1723790949966
170.56927781596235
161.47237808927852
277.5891960751737
45.75497930104867
69.68985999294738
307.9314827442801
101.8029546744463
101.87157419843486
273.0047968445088
162.96805770270694
173.69738378088988
72.54516083769565
304.2292824612302
331.99189705220385
271.67635791967234
183.9019540764528
106.84094066113401
152.62101058964612
68.60186167246003
269.5975122869456
168.04330387727134
140.80453426305607
71.5055487814168
278.4081875875533
103.9716845679091
161.76107287363266
91.0694884370598
37.78762108639811
124.65239696601009
141.7601573615671
227.9257042212604
187.77563019668293
157.5934525455403
246.85736453961366
220.54953873609952
210.09887108069344
198.66562547820013
159.8151356684982
415.1866685919453
43.677218236882595
95.63353908653123
8.261228107581235
102.3379288167075
98.52486221198818
89.30370852655757
76.1675300595041
207.9530682693985
171.57728293590725
60.0305719138802
29.281149576787595
276.961833130141
44.51504233183731
56.77824107139651
116.55466604087249
84.43759690432938
77.97210068107461
79.59786047566504
189.68018961697337
271.0618046656083
54.54012664987027
27.647807010509297
76.83731804956389
142.62549398364837
74.54706924878172
82.99934022045477
103.54190568307392
170.6897889917337
17.104348465253597
219.29679701620373
72.91503794667342
183.9622226865752
70.75935660705717
161.39922059003771
143.92633137337404
139.80658340699134
109.14418667690775
50.15521466325869
81.29772795800551
74.49681079268541
147.65525946493986
123.00953192898773
60.8176089829498
53.49037283755968
60.449460508310146
77.00878721014698
52.12150524475954
77.48670195023749
139.6495893378287
156.66804956026945
65.25075443285631
118.468035471749
99.62108931151809
46.70655612772825
119.56411215664168
23.199263490404416
155.7917622310337
145.7915490092062
114.2319122601843
33.01810080449792
27.69730757345122
30.501345351992963
149.40201582558527
67.06490955641007
54.31799832297834
25.576230067153247
86.97695719970983
34.0027495712479
18.810126547458513
28.371044086448038
25.222635246521172
96.61043723612075
14.918958401781817
54.45321377303939
42.41987547675241
16.658963911771743
34.36588852948235
85.00717697181915
25.61213906261671
28.315986765637376
20.374273259492607
36.5317821706074
77.89923505315093
47.548290997335265
1.6457656377172771
42.4750305517021
4.813378940670576
36.16698096925315
2.6036415934990855
60.8672485425837
44.23627797172121
45.52706296464122
40.885209052675364
62.21264049008724
75.20829832076798
41.172189121297855
35.447970023439886
53.3916645742725
32.84849847211246
34.23647008836306
48.0302634458489
66.69937526055737
46.65202861718856
41.28547085361894
19.878796657516304
14.524629297049827
8.704495596755748
82.48485095822268
34.07067412898744
40.913645001967545
60.822982866803414
31.206410358966732
26.755390299097982
59.353538959738
20.20830623504299
41.51194218630744
38.53542527886311
19.84657543613598
6.2865735138862835
31.08303996560819
44.30337554495077
35.28300620220769
39.44418793753549
20.335995894463995
51.16752422068022
33.70474087721158
35.021543583560394
37.620931236669364
29.1527637812556
40.27464891085462
8.321847158684351
16.134423540039947
8.893278380107658
49.39514505957015
4.694646869177249
43.26563578606524
39.832931943742814
14.875777378807122
5.430556070320994
42.55222185055018
8.384481782076184
53.45822503073863
24.94635990125109
21.61416152628384
45.14777720369691
23.52112177900771
41.570717869207435
34.59582427653573
7.45613153548825
3.9680856395168522
14.832412919090062
26.75134202366576
18.6257376454917
10.031469838421607
33.41570571281234
55.12113286487981
22.951607831493423
25.077225330498454
25.901240055782086
23.167325064257568
13.952590778736191
14.376406321461465
19.842414692782423
20.294332811092247
21.94773100046987
11.402479150167132
63.068959031161036
14.801051702004271
15.76318668050198
12.391456597009794
7.725476691989438
44.22930538656369
9.520687317181975
23.879230936961463
35.81174496790933
38.75398793376207
22.96637203950676
38.50989350798242
14.945932556937347
17.40993393146654
41.04987373551294
37.29005529900494
29.912703753604024
31.525498712375075
24.917448810332555
3.0478104022045267
1.4964450857812976
10.233701555936284
24.305808540024483
13.45596895911991
34.99716642690348
10.12704931631148
21.870470664230417
36.16365744044566
62.72291841291915
10.121637040173697
32.400448215621786
5.143058634683928
19.77913177894082
18.740252969539654
42.46708589220101
28.617387142432992
31.15174866523438
30.85749428686096
12.111432345604614
11.862254396889215
10.145046839096564
30.059964552363784
42.11312485051361
22.2483331881292
26.10796708101548
9.765135499382234
21.836204008846757
11.733192910068317
26.097778659629196
37.39943765551291
19.815655255314827
46.708038839998586
10.197406645902591
36.55135789842145
15.140623339520285
31.87684391435167
7.486711563486502
17.042381011484892
36.30619705616398
41.72895561397979
16.885373889178243
34.76043107208044
18.45840151053917
49.13301131407817
28.343589233809656
25.43595798375069
29.76850808462064
9.11481725572454
31.08845797339908
10.300320399350046
18.156318252674737
18.343470636218463
8.041117494950951
36.125879063626385
56.73174704113388
23.142981530719858
37.46909247843826
26.881620577629313
20.618854474875537
11.65440597196401
37.80645084658957
18.12200162584801
28.10254395994142
25.97299078119776
38.07719599902689
43.259986729409874
26.73031893440143
12.00454088891691
8.60554595598326
15.318713175143726
14.442313812737988
39.61496223246532
16.74067055368331
16.067015852713748
27.327196745410564
33.014802742833616
49.35518081851511
11.080536946380931
20.810366824690323
14.002827385377083
18.480217005124533
34.931124429242615
51.530598005716016
15.096534277789443
26.89887351999567
23.96472071315571
26.52901476622598
12.997361149404863
48.699075275378426
41.222298708981874
20.717310688724595
71.21478871638912
33.60397441604851
34.09411512100649
37.63788210680678
15.636669065908803
6.883519713868595
5.703584921060075
13.435777515436488
10.218105148969677
20.016029762118325
25.15431179566111
13.543277636850817
37.474660926315174
44.39345594341205
68.95411248440128
10.838089070994581
22.056176168735796
9.195046421174931
30.14355400458689
26.121138318496076
26.26374285048139
22.053778993107574
32.021893384521086
22.9600657740044
28.732660355564015
9.676337065121231
17.971119400319438
6.78564480116036
60.611669647321776
5.927327578954688
10.95998454424246
32.799682974685204
29.671226989156896
22.135936481404134
6.139608642690318
17.387715208004344
18.86493946561114
33.23653663570421
15.42929057507683
20.91358876691564
40.63779688452612
22.05979967276572
18.540324952535602
17.90696966468538
16.783358345113108
18.71885298891507
31.797620705214555
1.2902433142069067
11.184813442508979
24.60467067103347
19.736879113697253
5.880478447028535
30.11540029077099
4.000508032570141
6.86160218349644
14.8724140381305
7.4972798173801305
24.343514748554853
10.170425854412631
16.64425322679191
21.006380026370234
23.116303704271637
12.004315924897085
5.988102998166912
26.207016116944445
24.220918372693745
3.977300437746743
15.446877445479531
15.018914072888242
13.254178374730001
26.550999909787354
45.639190724004294
30.96464523904693
22.719577667644685
12.402926876660121
12.492918079872867
20.887230219881303
24.515151406172084
14.838396421489893
3.926391080122016
13.96127285492898
33.802402948292745
37.29137418415555
52.438556485824755
23.625030835559528
16.77067885799021
21.114332964183266
32.3386552987547
14.273183700443358
13.954581115987494
21.959143617707408
6.249266918139058
13.863374578908454
18.785528121177748
3.377579327418879
10.76229318086491
21.49778062056829
55.147376125840886
31.95569203100672
11.690633235979469
24.193166901534795
10.154091264423409
24.242764779386274
14.639238594538288
37.55610544078993
27.739637232016207
35.00547746675129
14.792796138889011
7.337211186212073
6.184931006775282
32.61792766360329
25.53780716539477
15.462357401920315
27.88968529910968
6.0317257720910495
8.854583477103189
28.272037667624105
8.478362098861549
18.641451767202533
39.16689111975133
11.910872637011103
18.33659724297599
21.029021572493363
29.58224211477117
28.12117709648196
28.392900670690352
8.282677286900984
16.606074105970666
14.64811030884139
7.006956384827963
7.919641390134541
27.490148843131887
33.80847247747115
16.317101292797282
11.491344546295588
10.017448024996918
2.7996695419432527
9.993473954102825
22.09558761644806
11.801026276488164
24.024459567840196
29.63082263980475
11.112119587959569
1.003862930531368
18.676935193606113
17.2056856119596
13.788137044479448
14.184429232315646
18.196385976354225
28.76576874823624
21.640090817220205
1.640654919516334
17.90968217256212
23.35321617107753
16.77620310584658
17.430926170908265
18.40869185128767
32.71117232952201
28.265456333175827
11.823549492442803
18.563239391744297
30.741992856885823
7.476571097824062
27.83091269044087
14.550024193184402
7.983131815195747
13.249607559698024
28.576333311466925
12.692395455348654
17.292714379133148
4.679150401128244
10.240384859137103
35.91036957350831
5.423425775753013
8.352093024172811
9.080343599193062
25.969892230902158
18.08359791723757
25.665182534614498
14.548441991497967
15.829916832264841
13.785166417863923
24.85528362828155
15.538275874214092
15.887873678856218
26.65477614152416
26.86217199797506
7.1646878696599545
10.458088281747004
9.015455198979922
9.285541833826185
26.913297841034332
24.418180884804393
12.180256771649509
41.87208246518573
6.510460819373249
30.086236016675997
23.589958679926287
14.408287859804782
20.96857755022911
8.32626670089978
24.38303721095161
7.492115033021087
0.7734879231186069
10.4806088598937
13.349257628131726
11.244796884270869
31.683408997910433
30.101217515776888
19.111873448006644
8.744694605613226
7.219200201335936
7.450517987160697
16.24888714301906
33.143275186742656
29.06548786383287
25.959008234742907
35.805127898807
5.244270959650378
14.26982631346035
18.833179434136106
22.421617004926272
40.07584694076023
33.93700762950311
29.20828534542083
7.628452558856636
16.852997140447854
15.179658205844948
15.462776067633746
11.444132922344258
7.420489352890487
26.671364699236072
16.03295292557598
7.331780743058746
14.554065223085614
10.73565405589171
3.183118337506095
9.598992819431261
23.54304435229003
18.03758137174463
14.232480919326122
20.751733162308415
7.757454400808687
14.212424918721299
10.556203470829336
29.680545355228407
9.356060964324604
10.58781372383264
12.646008839830879
19.859649187081697
12.10527157445404
16.215858591859252
12.962800175829981
11.790943277563034
13.777353271686474
20.08443492430631
9.819823147834201
10.28026424340377
9.459186838480905
14.157126256111617
6.874131757340488
6.448878959960932
21.656514811757734
15.354989667056378
16.10764227917624
11.73838816610535
16.00778340528071
4.263716436206333
3.4968255229762457
12.027351632761242
14.473658321698872
11.077959343047844
11.428486030466859
31.89686430656984
19.789448047910923
15.135447691121852
6.0558198032746375
5.8927642402456915
19.13744023136153
15.590059545907124
16.493843981124368
22.866071266794062
17.13333608250114
14.737429687499803
13.098927382877365
9.674961434520123
10.763402923121758
28.36491798431123
4.008395070481517
13.198625005398489
27.873095337520645
20.60569497852613
25.332030504090962
20.36814244051853
21.36306938551781
3.87745804149209
18.51038027855063
25.65715762189818
20.69069695063391
34.187785538925084
14.741421822247974
15.010629726777506
17.644171565484857
5.8008822006573135
20.652547086678773
10.880550504992982
17.422286154905425
3.774429217459454
13.72089790534821
7.357491576186478
18.416637523132536
4.341708075119525
12.338595212295763
6.615608934321529
12.307130922927106
17.15618137267499
13.100047920337547
11.693423994229892
6.330143298607415
13.520977051113476
5.864279077807316
14.414507868148702
11.787928104540827
25.74214316301333
11.3569899062732
7.153348414696545
8.873679720951761
16.261348425092148
8.314320065162626
2.212124659475075
6.720306271736091
23.31687128792693
6.494728072576759
4.975264577804725
15.764945964549964
8.305750254221408
14.967469660356867
6.6389075740827534
6.149389508273315
16.886231658350383
17.36427951165965
19.008580816796783
9.058863931420552
16.25857094647908
8.639793304925238
7.954822404996084
11.138572469762082
8.06306892730395
17.20218138729372
11.548321332128223
24.196860908651235
11.742826960223956
13.21036689358253
17.03833117811132
13.847751143640185
8.013517490278202
8.714355601014592
17.02197095874258
7.945783475903092
7.744003026078074
5.2039369770679205
4.92752893419023
13.13488676605153
10.29196766285494
1.9458500904230256
7.057758453432031
9.165065368001878
14.2659073013061
6.2296056412583685
8.310936678924223
11.567535307515483
13.052337210652434
4.070892328369659
15.126911462452874
7.10392462230813
15.133002531671155
22.786550957827426
1.3312054253926138
10.544185067918633
6.645821052170066
19.154778760586808
20.589882412430335
6.863081689848296
7.617098380152081
2.0323864821642332
9.002924688330967
3.1090943943310245
6.959479726874517
8.93633708409413
7.509427935425836
13.627166197234043
5.663697080471736
12.248455662147595
5.600250929519801
2.27680357182995
8.530233382879826
13.842259589259724
15.049763255152337
11.908901776021976
7.621556426085021
3.9437705505266747
7.198060333358289
14.966686974939844
17.52550733838354
5.529049314432722
17.79891808945024
19.522888474435447
4.92153629556059
7.782125768973254
5.829705152537905
14.753372813877693
6.8799121184182965
14.515028624871665
7.327752859256934
19.959610997374046
9.186165253356407
9.145439674285942
12.957888694027368
19.028232300794937
17.78868545283914
10.375663592493972
16.03024178046129
1.9125171609158027
12.055120161593436
2.803651293084525
9.606608771750377
12.49015845701239
7.00044482984426
3.2286813396788303
4.177263442414437
13.745679537491927
6.303604095514836
4.6277477317286335
0.49689699810086435
7.470617002923972
12.100613873414883
11.678654035256965
1.615765461054882
6.925351061785898
4.915117464363482
5.049659623186397
19.393776812312673
2.187384582915171
5.220576775529479
5.807236002334095
6.768382210212744
8.354781063729389
8.282429291226023
11.438754012528971
14.418941000435375
10.417480117783835
11.131557927567645
17.179133024308875
7.027724624264183
12.6583926358559
10.201758220195728
8.393820878475614
4.388331361234753
7.603943899863456
8.620661241292154
3.637105776591187
11.459165226059946
8.330309839950496
16.52949507723077
8.868739242780833
5.419747427084236
8.30982666165795
12.495773754164738
8.471571932204316
5.265900098891339
0.2888236281139473
3.561885283533677
5.424050949745201
6.129277854359669
9.620881745729092
8.714016110126826
8.059598886242377
1.5615722075120257
11.64920347211567
17.8888671590607
10.19853986173329
9.365147229188818
1.339244551252479
9.323793166509036
6.162270434829509
15.042997107084137
10.8978652795923
15.420250199040202
6.43802979815995
4.970610363345326
2.1293549519257247
6.881144345809882
6.835929753561038
11.189321667952877
7.278145955634921
13.859531558617956
3.6498872438243426
4.346344704142943
15.122161857387656
9.576632464983092
10.450563984349483
6.762408898066121
4.850288719136879
18.0002786331004
10.464261124362245
7.621586668738541
4.159888004455025
11.065681813597566
6.0338706252330825
5.513935927298397
3.618361844641796
10.2755818413272
7.975293206083777
9.234431685475625
13.666013563389305
10.205397960649211
9.75432994251581
10.592813851991659
14.040050464139199
10.144584412836968
1.7433915382238185
14.809514569071187
1.9675245334254823
8.601182177046352
11.133848568622778
8.214037253072213
11.357588935938097
7.766741329634736
5.7246663137695135
5.3186351768204005
11.328835383386195
6.847825421088997
5.50301049106973
6.80814301184068
3.169017999149214
1.596798832070552
10.822517532305802
12.621202208473717
8.814214212401962
10.834386127823725
7.149339331974284
10.926318920230838
7.026384338987719
13.296785504924143
7.31843999960916
14.645917677728317
4.725472477302592
4.090207293694828
7.8966546990261595
9.040763473024843
0.892961744289128
3.461719941602068
7.780265778416319
7.704764575312461
14.255996009041166
5.305406621341739
6.297317935468366
16.54646635030507
1.443342443143126
14.713466046743068
10.5624412628411
1.9416981265017736
3.781455248193528
8.91435713200084
12.437286912383929
3.6875397645285632
3.453608774387349
6.995646445581349
6.614426990501401
2.3917841637356694
2.9530932880708756
13.672545573040479
10.718451939550022
4.738059540577373
5.962187146299707
12.252387360196925
5.095693103744837
2.279820117722406
8.915167565016517
7.147947083957967
5.842483248101253
10.33542547169228
8.880389942263733
3.765044917315129
1.4942571020220594
2.5093797660397374
7.202336599314976
14.998360020268702
4.131899096922827
5.154822226884415
8.357218102782367
8.227379949465266
9.418380117237318
7.689937489452001
8.830361305097027
6.5005885840319895
7.7305186077868235
2.0004967517926824
16.054040560499732
8.76770296649422
8.608352269541658
12.49773375939883
10.588367124855665
11.42541982504539
2.3038272188260573
3.597495845138968
7.072744554631221
8.0315862750384
4.686558985756542
3.8698445033510622
8.150852967793432
4.9853754311950675
1.558873739997916
4.800243547091275
8.254270461715302
5.054963161142847
10.686842206324052
9.107195075962577
6.750103911261069
10.486254235155418
11.5524086988368
5.822814534810436
4.9335702264721215
3.9913543201758444
5.807904532603647
2.9769401034714478
5.328120078861797
3.1675417689457586
6.04941585406527
8.695703866489998
7.124333828599755
10.670994363866678
2.7758150737445955
2.8602809676104792
11.814937042223255
12.44916874496597
6.163741293052351
14.809678962771281
6.599206912790521
5.682573304873288
12.214190515269557
5.8461285286109
6.45122981025106
6.51352475931
19.130447362569527
1.1600228762348093
6.1976682639695255
3.6859570068967873
0.6167606254715094
15.12423548712028
