226.6199
10.09469566630419
24.248713921134026
24.896216845093893
94.72149036993906
26.50709976749431
21.867596222463543
76.7157316108813
223.1978805475817
787.8653822869968
107.90623255503954
156.51275692070982
212.19827960759267
99.76088008873421
238.92293406303557
190.38754046783973
97.87057654992843
364.1813057447552
746.0650885666571
317.7065765127911
71.70414630234944
101.4117863798833
82.97128426255884
127.00128166742856
158.5120908815879
147.39502638918486
223.62920864468632
313.91233005644995
201.27246549831764
182.40655023354682
85.04577528110917
152.1110473250886
53.260836898446314
134.31090466314026
61.429448498085904
240.52677013215205
399.1605030802935
362.0567045472097
226.8546711157422
77.33303932691543
213.6063862639926
125.9588778037995
53.38297578569336
111.04409233923839
287.59706368455915
148.65249208573118
144.77458745004816
134.80035142814236
129.823001974376
137.2009239640711
542.304154050002
75.22996778356384
41.403636984076634
225.3755340938944
597.3368157671663
33.30819200945414
144.62145687678895
97.51819299272947
257.57933086525725
137.84601253031636
216.68207297326114
360.84521676803206
239.8918276768227
95.29482869250957
237.8923114545484
390.37619851098515
79.93842570335954
279.40977643875357
245.67789426879708
200.3815640524536
67.00890613627034
145.8228272878387
163.8616972412077
294.2810314681282
77.62213898769716
86.44341216495754
212.23357623506317
127.53217772063292
176.0621133816359
173.56865739223815
63.507637532902436
235.77205561924194
157.87115405641467
232.5431781751583
145.44780094017156
278.0447959407735
241.12593460799525
200.32269780395148
88.86771552251744
159.54629541481052
148.86703021937464
118.5039608902672
231.1559675727097
246.05989085067048
161.95731147721537
186.14428609355917
102.90965098508352
174.6944447696825
82.10449543547102
210.33841687517187
291.4300082575441
121.2018162901227
41.13900038250096
116.20116752111373
102.13979351154481
92.34245079764362
107.98074417506638
65.30728210121131
126.9755556512495
39.46082798957104
131.8268673957567
64.6618214020747
122.87734370000733
18.06066548371838
108.86332368720197
54.00494009770521
66.70578115125979
113.2831280766573
57.950625331171395
48.906341705960536
32.51661721964301
42.71193871254462
83.28332976831959
46.18702935382494
134.17953687833463
98.0498891882524
95.96205323746138
44.68345255608058
53.43261271729639
12.508259742426192
46.65790501516043
27.940687746150793
129.3081932732102
35.91860466114274
43.867923244813234
103.6445509578672
58.40349697932132
72.86535962089096
91.50276411018436
104.5498714232247
45.856466579296765
40.407035904643635
84.76065449774778
76.87855556681849
8.861312986063968
55.55467681727853
38.917304314469256
43.8459040049226
72.2943349833606
56.79873199806625
51.821240115214046
23.761613825637077
54.84496620538554
12.50044482152364
66.74820815359675
28.946321056378682
62.09282018084442
13.816083648535393
30.894260139179917
86.69633233315375
14.309552842494023
79.67643165663564
28.817845389284624
41.779199099112915
51.28268296015332
39.762257138421305
54.42287875503908
22.906321528958596
35.5197309535651
9.473876154398994
50.04888902516456
16.558923595374388
31.53669335777148
72.62801356190612
12.313923159106972
40.20061251294032
50.165836904917725
26.883274435711133
63.057313336790486
30.544516476680442
86.22939592148096
20.381965122599816
54.52251367918775
27.173009745684947
55.55228451852385
71.76979594499167
67.15686653011073
59.08857282328108
57.61026381191471
7.086531602998488
21.60260359368534
67.46498257306438
49.42931765533735
36.9834460406177
38.39658046345086
43.667433362527454
19.250399974893426
32.433522395392345
67.95744114650749
44.00924692566682
103.7513118560857
28.93639474904333
21.185250801561278
23.268998948005247
43.87398060872248
19.86765746794117
28.986415147659148
30.54979904731037
36.61072905349301
66.50677139301149
14.052931454218385
4.893028967568687
14.154017842613017
48.97034226078803
19.920098056463917
38.78592721453326
10.663386438992005
16.92539903498599
11.814120313911383
14.630003433537354
28.73825297245936
43.305672102608966
48.666319008031245
35.707269497850604
5.572091419584086
53.23795183369507
23.725447707119528
20.97738844975647
27.842777001618725
12.79893770548226
16.756735753263268
54.15053009522275
19.200337843939216
22.344381449178517
63.88013751279703
22.41815050930258
38.95261838713036
15.062673487543037
13.386160362968814
13.986000533132792
27.208420367069774
11.002922606443393
31.92771720522079
22.74553691008882
30.02902362807714
30.865989446932645
28.899576060620124
0.7055613820842532
5.919526790136008
11.543044308043477
24.344544799167057
4.668748165688468
38.5158064864418
42.08402618892636
22.38427327999996
32.462955032364995
25.83280814921361
43.71327664192025
13.345886624610758
5.938191889161397
9.021865279656375
36.65559527485159
54.14221241675677
15.948782735787253
21.921572854558818
9.845010188324967
36.21054847848307
52.13908265960499
42.661651941637444
17.01304268791348
12.330393067861557
25.384755565398105
19.77807817609431
7.425662426712006
26.874767168118964
17.77330439897397
34.6744975538854
6.602450640690079
36.1498342169296
5.7435997245710535
18.34728379422411
32.77641047945571
16.871770617075857
31.035436194121317
37.38229888091139
12.540827790660636
44.57739173917811
22.564500703449777
9.235684622826094
13.305592400197394
47.85939984492262
53.021167409237805
34.38730625284498
35.947264338649155
45.06567045861155
13.019643304073837
36.85301878028044
19.650093568119544
4.202596637870344
20.60114468825396
19.112824595379063
42.14220194943101
23.398613525459748
12.694514522836043
11.964879480419967
11.035818672246787
9.567674181996981
8.812224494736904
15.202994429082057
15.841626876863634
4.994133275264977
27.408313933333346
44.43131810088266
10.759253741205352
27.83271928089138
21.24329683623959
30.40657549302259
17.90417282441684
25.615315563047915
10.46621582752828
4.316197808020926
8.25584514007043
10.596705008288259
13.075038979578308
45.18911743041075
15.312633149725503
21.279481406858782
2.690550005994099
25.800674828090184
31.619481857549967
7.015856699793997
12.979350999328338
34.795278921793106
16.776169992100737
20.89145158114741
11.544142799803266
7.261577310102792
28.75171964724051
21.49982007942289
25.988829395476806
20.874166266753782
20.031470250316175
32.44030078600589
13.216366194891162
21.096532847955068
20.771491332323244
39.95784030979383
14.564921172042418
15.602759641469444
14.196736583802666
26.692325737158207
18.536318441720965
11.192876256077804
42.512843621575136
27.29395829959493
30.569082460481702
21.384861244352674
14.055458728442247
34.17794743966787
15.232416088269554
21.476925375215803
31.29812718159239
8.614442620427454
6.137779435328909
32.25378664917366
13.104036072302593
6.709245077949569
20.46929347539875
10.0211287610695
14.756153998899633
7.904151424363722
7.078522451596908
16.167966031306186
19.40331109425914
21.822417941449128
17.36180123103301
11.421237783995437
10.798912412911722
7.297104856508039
30.64237570913934
13.067918031269276
19.31927749840673
6.203361380563412
10.65918316077322
13.079881339144322
13.067672010111833
53.189415513634174
29.86388322205831
7.379954634543943
1.6473725459586528
10.923618500363549
22.469651463504228
9.983929315726984
10.36708964578597
7.54877535053229
9.48181585098021
18.074110737006258
11.76609796468561
15.044396677243773
22.169510218830315
30.793035561547082
8.820717579297165
8.554353810364942
19.577446738193338
10.439595742219996
22.307870927607134
15.191134324627809
13.193881104381584
5.932731695509175
4.347823540576721
18.921123972798927
3.0192371517089236
28.984880623756688
16.189294384376776
21.253111882224378
5.7378483297700065
14.118927566897431
10.84670613650895
8.017814054194716
9.315340685539425
6.9871870870258075
17.856539900157607
6.861229498550458
10.823262550625136
4.2705389615795735
9.402621309996855
10.010946980080053
13.594970657809592
24.968302604733317
25.954033919337302
16.138668837860827
15.01360600496846
20.202439708727027
20.49779473245067
24.749149092564487
11.119405250886441
18.953619646769102
4.563626936470451
16.658542897888267
11.287960618857682
15.628383084119125
31.742874813211476
12.533712420061516
31.271101633288463
13.800866391964483
31.05776047125395
11.728412778664742
5.07429989391989
32.94567911842918
27.794127794755823
31.82430868428165
8.136751091991847
9.857562635480893
19.230804322183136
15.294107563005301
8.620534743934543
4.533512450193414
14.052379733176844
22.483256650459644
17.552194171855167
18.475461077056874
13.366479779529744
20.1061495462214
15.620916529628417
25.10921151509356
15.187771556149274
31.71631304861741
18.58595237139167
7.345384772802351
1.114475914977232
25.736993983353987
20.613993866722737
22.109026495159245
9.099378163288714
18.493341912760553
21.427127201463925
4.2840443418579985
10.953527370989118
5.449680407714181
11.394237199102113
3.9357870628372424
22.844689077559902
2.604112471541876
12.704762249565956
13.043610429974743
4.500436674520767
12.504792677582362
21.224681782185723
16.676509769236777
10.722221623829308
10.859093848748
30.77052497407962
12.851518143436477
0.9996514150913715
8.81048700044886
3.2398247508186864
17.743873976281296
14.918292431746313
10.550253547208305
3.5680324688486174
10.009084420114277
22.471250020360724
4.169864733662094
9.171427244139537
18.71664789183368
23.739121449327826
8.862035086477887
19.95273664108235
11.87415106699522
3.3211846669795992
0.6181442400650078
8.639190086782651
26.353100670974023
11.030107266929411
6.2304940295230535
14.689366381658164
8.5115335775582
14.236733647155347
14.494280405177767
8.467863665311333
3.3685419685342124
9.461380732663132
7.544902888923338
15.9673917445359
14.73554339745737
3.5778102688731015
0.6531283493344185
11.91106378412399
17.98070203569956
5.25355367605277
7.712191048917315
31.320953722692025
12.052204006694396
4.9876469597936515
9.702933625567987
14.922480079836706
24.081860039299276
10.032739218080998
11.940161239855229
19.32416346375335
4.968567174223538
19.902236467366475
8.785723121514286
17.78982399278544
18.83146058992438
16.43256901018214
22.68362147257954
6.554329378203186
19.84094854281214
18.313868872428987
22.685115891429312
11.965724054483124
23.82872045881434
16.722868087284372
0.7192832210522339
24.079630042444546
16.04582429007457
6.9866818920373515
3.2259668102020664
9.687194765251666
11.265139442200438
5.192835645306222
21.19078214105309
11.910349750105244
17.516575091090914
16.47338057560478
23.874347065762727
9.555364384809371
8.745080223697327
10.812201032516239
13.11749410749674
19.99869175413095
12.296139482932999
11.541199878327781
16.91565334509062
13.41072891809794
13.75187940765328
7.340576003100713
10.970015190440435
11.483205891142338
1.1049687221008808
18.365472689696094
11.462120700037785
20.826353101220942
10.461678601176706
6.787818050837384
13.71212105800512
11.66366945994884
4.553787511746659
14.7887833704405
24.231452444921203
8.299288444701924
14.797245745776268
11.010430697622072
20.972826502123393
8.59430719366505
14.373486587718222
22.67383680085514
19.64625948323637
4.518327240479832
12.041800565697994
7.901883758403631
7.2726884624510175
13.201067323777439
6.80284945138798
8.03932745371824
11.970316156525167
5.665287829646566
27.169253032333817
16.738672435582597
22.160122738352356
8.076903348245434
15.018910025087548
16.096537345996364
27.874331844057885
6.435238453670025
12.900267517577674
9.951728547690804
22.53257041378896
4.149516231724429
7.092843194677704
8.189006658333344
9.72962771557835
10.446609499577544
6.3278279211785335
13.409924350847499
6.950885743156766
15.420598956184161
3.4531886309752844
6.696900037073674
21.569396788822
9.254374591991501
13.509454565482661
2.7018908421829124
13.741297088801032
19.228050034015926
7.521593876045915
10.729517380995715
23.440809554439085
11.135562053508
3.72860781214195
10.600845894456224
5.372213138478313
16.693415800513513
4.168237686044496
8.56815579937865
29.63088392052931
6.925633943518639
10.257970076047515
11.639516449896773
35.557187116319376
7.042565127858314
21.5815064152283
7.074670400567102
4.934209232730851
8.091128578372548
7.024467893950936
15.028681435875507
17.80461075436855
11.999441579145318
11.319977018240802
8.407162011710438
9.30004231719939
5.386770259047163
2.4481511847327426
5.994149902973599
10.898826793414772
10.164962607292836
1.8683288876661708
16.91884683899541
19.11710199007378
4.719256158863141
7.605834795439911
11.801102013857937
7.34009106649627
10.685846588857663
11.397832282178676
3.695724412103313
7.0408220352076665
6.491070437051255
15.421328729030895
11.44746677160834
2.7586656596155494
3.0010250678723054
6.91616841128784
14.754042460869664
7.49451275415232
4.231705170713448
4.552332215440746
15.724375708048859
0.2795228910820003
7.996970493822467
18.79136831960061
6.173982849698959
4.196596633237368
16.857758543281577
11.981159003059688
11.514761773380892
9.953428762865444
7.4858197773008746
3.310714512730298
8.491957178481687
12.805278640744875
11.798746584608704
11.427447880643848
4.06463307231262
4.913756187198852
7.798629331110063
8.422003460947355
14.497652902150813
11.50480775992165
21.94523395111156
0.7354994411197386
12.303024260181058
2.27698177188885
6.8874249606024645
3.057164123658621
14.630869041302548
17.471581212925784
3.7425489023309404
5.682779170081046
12.01213440480453
7.507475170511588
7.499771848874858
4.084204642883492
10.869292101404898
6.835727710540612
17.640911111133764
0.6463602280334532
10.473661717001416
2.5607339834782294
10.510117513281635
13.69661989212888
9.737711173501602
7.859438045201571
12.161253969951822
10.64335548958284
8.767415612327191
13.804095262453513
11.736210388697765
12.02932440001301
2.782894063273011
6.82117977337275
1.932289135935299
10.168503243064436
7.739934510273947
13.70996862007515
3.6100423529982826
4.662303837016552
14.869484444083135
18.415187041541326
16.543671407860437
14.134310361105719
3.4021571325018947
5.978436154200466
3.4301410406880923
1.297407441931465
5.440435860933478
11.024161459274396
9.789439033773922
1.315304376385561
1.737086567466575
2.9537179453290374
9.30834917599623
8.528235837799027
6.822316778115911
3.8863477924635106
2.0957550883239295
15.899659913888017
10.379325712342254
4.218598539958875
7.525468113417083
2.08668385263083
14.575742234225716
5.715350471951422
7.297798578506476
2.5784431287932588
5.453027470861727
8.737784249359608
2.626603405887085
18.096851405898445
2.8342842664500667
16.673253417426317
9.90836033615081
3.215059823465694
4.2210249335601295
6.278398025689242
10.542227958313243
6.539447242977438
6.147631506478849
2.94443245612359
2.3109703487196454
11.807152758263005
10.383784071324317
5.863673848491692
13.84643840188825
10.192457121486067
1.8396978474806205
11.018342320494664
12.843492375214002
11.180603796383481
2.7802937547967823
8.73282772515885
2.5377863738748543
6.448658752070716
8.379182174285319
9.775727882993412
5.888913770297198
4.921925307197543
7.559678834766167
8.555949143323923
6.283772916427577
6.618591328112002
4.394027518393325
5.878256870590701
19.101518885507463
4.832998177207107
8.696798349053172
5.778069445525974
2.956905617157717
3.9775552377146686
8.930360268689965
2.853586133565159
3.8351822981966777
6.897734064346991
2.8031254283666143
9.07572770657261
7.243358257274933
11.09301518936384
7.177219094108551
4.535663323942382
2.6869182705898913
7.213697730657986
11.263174033281995
3.0214161396525503
3.634312557058189
9.254625923534116
10.526349738418833
9.658227520743186
2.5475081256441223
10.430698635069561
4.3475500821205335
11.747863813307282
10.851753043040539
5.524394760553077
12.625287089997713
3.404878111494203
6.993641429945325
9.821693661883867
9.340283134883034
9.604753340421267
8.361406450356101
15.62441405701061
3.8238887310028358
9.22698671877424
3.6744052558678972
2.84198743896617
7.603434723584921
7.6550444733582665
5.836737869517254
9.171755069661268
7.703586033779495
6.299900825951328
4.88349446704165
5.013831914275057
6.010462042838449
7.850844724341779
4.843538175981419
16.713886546015157
1.9387351680615732
11.80624578345322
5.5993568231754
14.802017885759701
3.2132666473232634
1.3545752371911561
7.850622843025507
4.0938817075800165
6.560449723796276
12.765857422585773
4.696862642189648
1.1595229924710089
4.263598530304023
9.957396454114608
1.3122873842636722
5.621624515065129
6.676842551352661
12.243795493852314
5.284379255281421
7.390501729037966
10.629328101952844
6.588076099019467
4.8547602841289
2.3602017991928848
7.002251292479293
17.33365905805032
13.605047802311498
2.2325599258840976
3.5314809632060933
4.087205871024369
4.659084579444785
15.709110567226812
7.107874057764313
17.087274531342818
2.0252580924954193
2.827281002024312
5.57285072663333
11.310214114555636
6.474363932133142
11.174240031610996
14.405818094275292
1.972034001672274
8.040738208542994
3.6444091503190377
4.294166905402847
1.970415639681428
7.007695296278196
16.899271530444828
10.649660412187952
6.276383874018967
9.218063394518278
6.710735210559118
5.228516298666874
8.562379436777427
3.995894146717254
10.538250104226288
7.3045062736539
4.812702218381677
6.778392195588912
7.264263401461437
4.052683324151649
8.202523865890917
9.928958703345698
10.369724727940342
9.369999508660706
13.059090710752006
5.965750505049981
2.7119832848655543
9.94416989211747
8.975206538586843
3.0656222944038
16.610349206077224
5.369139655388738
9.026879474727204
4.2819195303032895
3.1354726909083572
4.70175416082499
10.392254079236997
5.505503129951513
11.231779961637297
3.215311973127735
17.26368492776595
7.478950084853803
8.730529582669972
3.9619578960608957
2.9996241254711498
7.030764945425584
1.6931706408670641
6.551481106700815
2.986901849301429
2.175134850277624
6.972413334759483
8.088971988807788
9.961464357857036
6.395859609407962
5.239621218429362
6.54601214625881
7.41671250580493
5.601304559676511
7.740916645982107
3.3705202635570735
4.091023020663697
10.601356000076729
11.243065168127789
12.325266754193311
10.341111280945169
9.458661264241018
6.82934952694326
11.241486781934336
10.988175293127414
3.5502761775990517
1.707770405804416
11.555365720924396
4.483442971426579
7.398060649953813
4.642532117786786
2.153698168545065
8.020453831408735
6.161670007584161
1.4213833856727962
6.2865663255712585
9.05845428744763
7.282831434906106
14.273161476605795
2.289615668648524
1.40436225410929
7.896225776637739
11.044220796054292
11.422875539270091
6.139007404086666
8.97616506116504
232.294
35.09072563383784
27.59796257946663
52.87990658900911
89.27440719137512
66.95665543869997
62.74196841291333
9.828382959038127
55.81450432131691
40.06330194604917
152.86548348863056
41.313092330746436
122.09208116294491
164.37507768289817
60.37175299792209
45.88499059947583
82.70419613470196
74.79213875099938
105.46286331245462
124.1715897640709
97.82207745440584
207.86901853468027
141.23272354836809
320.9289385899405
268.3921796568674
89.01025051028226
183.90348289343032
216.44541961696362
213.51895734813152
74.48737152188444
189.5980378166543
37.90217440751921
133.42579996980254
199.18671151121114
119.06666954235526
417.2699471816401
67.82759217379972
78.61706293705561
187.28782154604394
188.85817594428443
403.61120191395304
291.6200673431076
316.1152670670531
221.83979915126244
318.4152764792472
163.0292846820862
148.99360279101035
260.46293913656524
94.94359495770982
160.57664095930528
245.43748076467202
275.0987865873486
144.0687320186504
296.0831282441238
267.41567072102407
151.17995751066474
266.9899513405964
233.13930607106477
329.8840068493246
368.8712779942025
75.64841374430156
177.98367162729053
370.6429558768831
104.43505163286125
103.15731794973279
129.71925251257915
263.77197833171255
159.45470951480408
197.8561734842265
324.0676031908059
207.5890567610998
107.23131623290428
97.36842681699464
181.11285643150285
161.01434684283376
229.79226482035125
227.30930809257094
78.11010124115816
182.73152581386063
104.39457781862933
244.6777911767511
129.03868863939468
15.75486035631918
319.93838610670366
151.62822968758834
55.08832786781326
123.99566160754267
152.71156941051152
55.063130505320196
162.8265352143395
54.6572367331065
45.03976586682939
90.08715273882174
61.3698280393168
52.77069806986107
68.14128513536494
208.41386721363008
138.59689336030203
193.76723054664964
108.55733261890173
360.9189421632346
58.80939743751918
16.81279791411418
59.23058421061766
90.02040037678637
82.56760385023331
164.96541381824727
39.18593679065724
110.84697739700282
68.43994224596888
152.99210761380826
66.43760884712256
17.43243256821064
105.55097376830813
90.44720957827842
117.14391308330346
38.910372978784274
56.24709234157104
90.21393201566893
71.77668319612539
121.45102003302432
91.75534061070273
97.6632515627043
24.367059869419396
16.832934494125197
50.87686230292712
104.70371335096323
93.20912803526981
88.9425627306549
77.7816772229278
27.371368704435216
29.294581878283726
16.801973097495196
40.49341256607781
18.543757926084297
24.525722952954304
44.63345261161893
23.082940518725135
13.242771251745777
54.58380627656227
52.172440528428446
51.934902599978486
46.286295625724655
49.59171855675708
22.39899655730153
78.75511715795511
45.27746166741574
48.37612040898714
105.28040774542798
29.26492590942288
56.6652894854691
43.27432248831308
64.41960932233948
17.1888784290033
68.14727885141912
47.81049382984355
19.431990049831406
51.39782653770528
78.7078911401311
44.22591679132258
22.705167929143524
56.25214424326642
34.307193173009125
38.360578217383114
83.0834807324835
8.52995851644954
54.41540825069538
23.16509310282921
14.799224931040802
20.62643965760294
19.314833266062614
41.85474082486095
46.519451686092054
78.66793572603576
58.2935672487414
50.10915770126961
65.76822049504193
16.86654445781163
9.764836649223772
75.95261238198113
37.95515816193626
38.637543547226386
31.032096143742336
17.368956077655415
26.10293376283789
42.28277316528256
36.240200007123754
20.407244458181623
20.967185059661887
70.48991846520526
7.984142604254132
29.202761063714487
17.128660054879973
26.980978027807623
4.087736389375741
32.552280638338715
46.18107340021579
23.698064527533834
45.751157070251466
21.063884860483792
76.19736988779107
50.50037539601907
49.45487797873092
13.844676178046427
8.796304883233168
10.831722296294453
22.00670397520005
43.86756660654484
36.944008775819896
13.466354066969929
39.25824724784736
8.502095931169222
27.408722355803565
30.540979574500415
38.52011777787144
22.198267691462192
5.4134189454365425
19.394067675707788
33.73973480051019
22.441345365631165
55.84972936844014
17.02090369091629
16.24468207793189
65.08385941639456
19.98146346993775
22.26918096156521
5.51681499514346
25.5337939607662
71.905038621613
23.352271628947825
43.12793527181671
25.725034640593524
14.745838982205427
17.496455395149766
14.494407590624844
24.790745636764612
20.874100064478686
32.20419357697404
24.476026951310754
29.495787598040437
31.25750424262443
12.952860537184385
8.87820078900384
34.280132526293876
21.968692549892403
29.096138394885642
12.441040575710481
14.382937205870476
27.2823795948797
26.189400741523663
22.065958636077507
26.075739888607448
40.454695365548
28.564138429852218
28.904143812081486
14.772771287841895
19.152958185197843
21.866906374896228
35.42909572303688
8.837104313194109
34.20563917342916
23.65594780904842
21.422346197159804
35.89390951513025
20.726203272295695
26.70570826586904
20.935669367320717
6.630636192827324
25.258861560679016
8.48286154317019
24.36336123541954
52.31646202845487
20.5004246949343
17.345084112422725
31.655900426061404
15.075435122708438
35.437720432755874
51.792125024284054
20.990010633463115
16.8261099961983
20.20601697756464
10.554297723209459
8.638301747079739
33.40051736221823
13.877114053450208
29.875052442093295
13.692013361035547
43.5927846104426
18.833371399594977
17.519641150889672
26.17138683031715
27.355116682155508
37.90240843169901
15.510032861296914
26.224653635603445
29.165849969234515
13.125294205243932
23.601331769890354
44.59637459403685
19.365526121106335
35.04663054698454
9.13948953070986
15.838159241829224
17.02291179178975
21.13566305663464
14.164333564000346
30.39224994147579
34.268095356897646
30.166173573996183
31.861386174061998
28.715377814113847
18.59352798162
12.604741930643867
30.934797779840046
30.741899110261883
43.971415612799035
40.59318950928019
2.8627690425148997
53.417766344726594
41.6332771503086
8.418193276323402
9.849696786157464
10.085168154146618
21.11339499066299
40.00757534548201
9.517975488726439
14.944721623260394
9.953035254830876
16.258775486292734
3.924490570729054
29.578852199963475
26.78560391342391
15.1694383709776
29.42234012882503
18.980173665444354
13.512804532095322
41.46603176097975
13.28931404943957
49.390177502115975
61.36623626636065
19.632541162141177
16.745531488567558
12.712503367262139
19.410106402975877
14.848671752008034
6.275257197904024
32.190589221612996
7.869364518213318
32.79853333245118
25.260744547351695
31.882935370347568
36.611442165112884
17.541516841825086
22.5316797709921
25.77950685444184
17.503613910747486
10.642269615058547
55.19980519385141
33.45967518129369
28.10335313880436
16.60909307456742
20.055244223780367
13.876831804204382
4.71653868040661
27.565236876554778
11.360013928915844
44.912453337577055
19.661746449347238
17.875989282800344
23.577223950913073
16.654067463735082
42.60760800513802
6.320656895620689
28.82355703244381
28.79107049087447
23.05933019557076
17.610507315145234
11.337521276805935
12.500288622892906
25.95915533664659
15.299250806165505
43.67661522161733
31.04829157132596
26.305715822796273
24.780503632704246
22.064610688641473
29.493712641236918
8.067568859014221
17.821199744266387
7.121847208325267
26.60294948816956
20.00899593712241
13.386199839324723
10.887483431232662
20.49664590838121
40.64302939628732
13.756041607306061
16.950568671818154
11.491953188936616
16.31518064899322
10.32223595626618
20.722391162234683
20.273021681549142
4.237809503032587
8.960657110473662
23.814103227533707
14.158260589206924
7.450298934535155
12.501656664637132
4.8696707777596755
12.94870552942222
28.98504764699864
11.778813351904438
20.26314761404336
33.68752834068005
15.148813678152738
6.497411284154076
25.51883197783391
19.808154579539444
12.857022985102459
21.132104421607476
34.01637828489276
29.075683714038384
13.039016747001572
10.080226477336693
20.941196976729223
2.6163536614703027
12.546475927870652
16.394663909172877
28.87576334796315
21.43105512216117
8.642165068219699
21.913778736054432
31.58907616096072
28.017787800537143
23.92931621590753
17.534396674360977
10.13706919221949
7.5131741560061664
15.40060852549358
19.35444180756007
8.975828222285251
17.859212914723912
23.482198876084706
27.322337806805674
10.597896868115548
19.15295987445026
20.705192077364675
26.030760404751824
44.66996516752807
21.55422095200013
14.700473978898623
15.255344932232926
5.081052357994208
12.277521788301637
18.449531670923026
15.72609908517398
3.9947445040168406
4.646794169045888
22.86959584167818
8.208935562813988
22.597823247720456
32.487932197857965
20.517353361029215
11.408595323058305
17.8963376965006
16.854355018470788
30.358102486278952
14.493073307706382
18.595196417828692
8.437313868500324
4.86668837592939
15.506941084322376
16.96335533017901
18.570492800477744
14.451758496822238
8.472684323793825
30.327437162913945
14.951544939237962
30.66124346311935
5.90930601609909
12.74192810439103
18.233515132293288
23.528038069713975
35.90660944708209
12.87788034100761
9.007829446164417
3.1273147584954057
26.07796510008097
24.48521695620185
11.300320656815261
17.433312613218366
16.748269224343836
18.35784963254949
7.1779299612464875
21.001585219493492
20.797313987622395
10.178404841481784
13.450952531039844
16.340274757956664
8.127483967358522
9.285523190503218
17.012858489066733
26.88181808640955
6.9673803427816665
13.223211028121133
11.814062334277487
18.547591796562735
13.41364851077431
16.56583322365484
18.913678747460022
19.22804674445551
12.778480649777677
4.730619433808103
27.724738898112005
29.737349295766503
20.60961295282551
20.30895983108779
3.353721895219964
19.06622081494558
13.122932755404806
3.50058891163667
4.647864204924931
2.6740477215106875
1.7244782860099228
10.940212797903456
6.768689419756078
10.182886205614682
24.89363696263644
5.728222094737796
20.40988542789044
19.750478432959653
19.578860249443352
10.677474368160286
24.26209563013602
13.875018522635262
6.894371439080428
12.988339561866868
27.93787664369128
16.476384791058905
17.084334977378024
15.649519487470451
19.031597183616125
11.929721359169427
3.811378924396962
16.35515722398138
12.236851684140852
20.880755937339618
16.21650050013679
10.12846463201844
20.51941523235111
20.117842087616804
20.689974365263566
2.7881170241547695
32.71653270629988
14.41665710558694
25.6175254033404
10.818901379741268
5.0606192568063575
18.571400130581374
7.2996888702527025
13.30716267516147
22.26918754313329
8.187625415837823
6.113713430476001
27.820322965617603
15.697819694858163
6.413778036947511
7.344458671288245
18.374232073443025
19.7852616945714
10.212975391155489
18.220124772763334
33.580686375398464
11.68545828659034
14.704974210855166
4.59837860507212
3.6028435951988937
9.749187606091244
7.148137216813999
2.74400269169116
18.409555126692148
11.014080607775359
16.2529248859729
5.576563091279113
13.29107015570862
22.839770498323933
12.357669554959447
20.167105777647553
16.569535636811466
13.825187611877361
21.67848978716056
12.039676421094965
15.766044434797413
32.33595316391078
6.11869122591687
10.645301976519626
25.43820148854328
8.17161290274747
17.431946178241922
37.71210596986744
22.135615116968086
13.965556060759136
24.201299391941316
15.086960498738415
16.329195191830763
8.114450735326011
11.794534889197223
22.054897655605327
13.510482515811256
10.247367524155575
15.31791666585869
11.717981300901085
13.806881345237452
12.199985397359134
19.97294778788584
16.0225226659665
16.914280922974875
19.84402655234982
3.6673583989688012
2.0330796276411665
4.136762474016241
0.9591297162657902
5.447237778924505
23.03656291032455
9.520204333217844
14.169398868335037
5.353941334028399
19.896797496551844
9.670497491960079
12.739296586174014
7.50655710394063
15.093990036784495
5.04660732776131
12.980958615853046
6.2397981876981055
14.137497130996438
25.63360482994235
9.472388674159768
19.036495746360497
1.5454613548280385
18.90884448703556
16.320094478551106
5.963578601429409
2.4855425776331583
18.491279249314047
21.852494672679537
8.094833796589622
9.724075907279273
7.181353316794894
24.99656217747623
4.80651528665259
18.32643707225658
5.3417276952020165
9.825598241659291
8.263305139369233
10.445065140795778
8.442442095051788
6.444610747646816
4.709387768978743
21.048401415437308
19.254977329825323
9.740252865400803
12.881272694377
12.491075288242225
6.112992830993105
16.51051681846011
9.105358276733508
10.443300393299316
5.76090720880687
9.942601544940585
11.373918380927806
3.9500764740213077
14.488085757935552
12.587993613222173
6.9260807171213745
7.210538294427198
19.832079111191597
11.137741700361197
8.2538535251456
3.630338113092371
9.310627005544086
2.5616116649229155
18.881247434035892
8.04120726844934
8.485556783029264
8.996890041669154
13.306876786971493
14.796222140895157
5.923892639835829
17.162629243855175
9.786978830856505
9.26484925869576
18.36005475860335
15.462021359422435
6.241973469787592
5.689760724726199
14.50510919815312
7.747827722032974
6.349745374180769
23.246667485536506
13.331062231681088
14.599762633657452
2.5920925404983155
8.303897927445457
7.944409848001274
10.380912602569344
6.671419958469154
10.055752167846574
7.8254004073592895
8.214032229930817
8.212827548924379
5.97049184630357
4.682816058631777
3.2106296564313763
15.84779315712317
10.97953341883621
7.008044651238963
8.896290705360615
10.437946444626057
7.640059022864252
9.948403992190814
6.994960916730798
8.233353312093614
9.613962817823902
2.199785284216643
19.53121344347993
16.939198103875757
5.868529006414796
15.064293357306015
3.6984576365183757
5.129643312520347
9.173726008184325
11.826350391282098
2.81074700995516
1.409692748603331
13.57697151743868
7.091450293038719
6.342987870494239
9.902564212309107
5.828009689051739
5.535801477402313
4.364459293711565
12.73194928892956
6.69931620895998
13.058781094472987
10.797169781080171
10.244161933876285
6.062142223044116
5.99846085233889
3.708107977075088
1.2904190780116531
7.602134805945487
6.328004258548309
19.562381910416164
19.640370770649884
16.297919651735736
3.567099604360432
3.432560307255788
3.466953233366526
11.231896940366768
20.60081220608927
3.526003117215148
9.725355349693062
3.932439858597537
2.7138826074900453
8.377389094149347
4.681638007324072
13.728005959680257
5.114234789154222
3.8091039214370657
0.3310054390592935
9.668895983336796
6.909463440253523
5.305056033755043
13.497776258470008
8.577693229489457
4.2292223524801695
10.192146398429145
9.203590642221679
1.5255142214314916
6.410038993383428
7.0522622100943115
12.69671910284106
9.029196064246296
8.679333584567
6.659957124847583
2.9085832760799613
2.1744803771366885
6.671780535735976
2.9989361139911357
9.302777537772839
2.9431473017219516
4.378167365647244
5.290143529742076
15.93703687418635
7.379465803207829
9.722330534185437
4.1582486585593506
15.057841612073824
12.498377192994463
13.143750734577218
3.0341021602639704
9.248358582716607
9.677841142400197
6.672707710878912
7.407852745534595
4.935679958925436
8.366012948221172
13.877419512206048
3.1496575912240385
8.672826082138085
4.992237102069799
8.486501233205912
13.805438186395705
11.679668805851728
16.41547775136336
12.068437760357801
11.990100626489998
2.9802032717679
10.101170283831388
15.079526581457218
5.1024982482475965
5.859110326650879
4.308579720960551
6.243358407978351
8.506061574782203
13.504119756531463
8.787912121389697
9.359069158518146
4.1916701785785495
9.24739617825113
11.612444873311308
8.098355876639653
4.865165318117981
5.925390089159799
3.8905919135481475
7.726120395090187
9.43860016051593
6.564508489026422
8.051527935749254
4.613404748338862
10.77556963343013
8.58111236343489
9.766284343777437
4.750158147428937
5.298751464457397
14.466861768285106
5.022204189638144
4.653874170825203
9.898555463999115
8.404683859412671
5.309113887445328
13.453724321384028
3.007607071114001
13.396659850992787
5.221345583898666
10.932890381296392
10.74414727158035
5.50124394253727
2.38192511711512
5.394581522808766
1.3710620965461184
15.849621683477052
1.7314706190871998
9.044228642843091
1.2913976194902335
3.786694813425318
10.939461019024451
5.0535401828211315
10.052793322909508
7.483465525752647
7.069010184933874
2.436914175073416
10.32041667837013
9.292975568065964
4.216493875011445
2.269388505318764
4.704337247124718
2.2461921253833608
10.845771078884312
4.219769330745916
9.925280580195027
8.131637346020607
0.9385730354527364
6.309346681468021
6.082560383040641
5.473092793330814
13.336561100598006
17.827060144615256
9.330735168272694
3.028467133748486
5.75166170744218
4.208204872947412
9.62054270815342
9.937460088851712
9.545470870615283
8.252127989076689
10.332002576647927
3.1432045626396046
12.689608528732146
5.10956899175034
6.572603216627474
2.3252516352016133
3.602051186661723
6.426917442052516
10.714605219566192
10.295130083155916
3.6843873499034694
9.374487164607094
6.453099437150565
5.705434232808181
7.498443877650994
5.7503942248384705
6.1819070403683645
9.662759246101157
5.863216034419279
10.104066134149495
4.463998585868134
5.049192266784686
13.135406266657796
7.965479899754049
10.329407927785207
4.742106631232858
7.686560542222192
11.702057816759925
6.4731892689632975
10.849586749365232
8.178113483579045
3.08492597157936
2.7348919452066554
2.855237337048881
3.791059533971538
0.745658527456225
11.266638454613156
7.145603304103719
5.997369964263246
4.142220430969954
11.38662739849818
7.910744921185389
9.735587790982807
6.649355649693655
5.2149746313666725
6.045549712855896
4.633600197470013
8.467988683546201
3.9565614552498802
4.671035344360948
4.94250595114327
9.97194098162025
11.178807137949404
9.550771465991732
5.1892293602869435
2.2679622747033474
11.632875827905481
8.908418443780562
14.628960241673202
5.243745256860937
10.319730627705274
9.316710110806122
4.828107295556071
2.6179106808801924
1.944879089163159
0.7642521181515594
2.663649541104367
3.3821747154119692
4.133230501927263
0.9579995842295936
10.314651482356478
6.117516447521574
9.736105962374628
6.516362957236196
1.3833791426783488
8.602620115796638
11.389957215420145
3.998995770390938
13.730524079884976
11.164295634560371
9.016564101878817
2.438517862810636
0.7749196456734924
3.301992913374092
3.895454096249971
4.609399163884279
6.945105286809718
5.651493450925556
11.999214723756182
7.3842221808939845
10.782916214526447
5.091058091822286
4.935252963470103
7.016994359585791
8.080711394984554
5.424794457523801
3.9475864604613866
5.059276098550922
1.4239640832152136
7.808546731391321
2.8859002668798834
12.408943914516993
