119.001
38.47980288277975
19.526330376098567
56.040608163504764
66.30022707028164
70.13564530575972
217.64879342294412
499.5908540845071
230.2667163841487
201.2949803346387
139.97769461495565
183.34218806665038
418.2627850416483
321.09905146674595
125.7554298875353
290.35825267108817
46.40268736478583
137.33582137881484
176.19539530582935
113.97273798011372
16.89584662872925
36.510974566357305
225.8029242799972
157.6353649617356
264.23867141546555
136.99711870247538
169.8747117289833
239.731224122208
149.754812745668
173.63296479672994
114.55636917103976
379.491979500198
40.159583123629446
243.20281646441248
81.91295313451648
228.29599237768832
64.33747924451444
231.3502092979707
301.89882690323515
358.5210525292113
135.66814019423194
133.5787018011701
178.4793572380313
55.9719357738629
103.77704697353326
293.81897945217855
127.56855921953367
262.8727088311153
302.38075038227873
204.7610741804341
467.13399434605725
249.5474107956461
233.15578125405924
248.3406172259796
332.7935254632352
235.44766876287738
125.3503501286052
138.3051576127575
263.1435366947634
167.61201909088746
161.02941342223883
206.10031075521832
213.7314570293266
183.22870701977698
73.87521375203379
121.45893025523996
120.85801132969387
60.772485133243755
122.20623010001025
189.50008626010572
113.6729542270713
179.28376878964562
61.63937444281873
203.91502164330814
258.88668810137534
123.9695532745389
143.32860742059745
123.52121694670622
190.15197641216335
167.53107817001853
182.9555127533976
189.8693409176903
31.13255368314898
150.88862090580383
77.33139653823042
216.52581126536353
77.50333637008325
195.58286105000752
43.79416970940423
163.33193184168832
64.75737104061015
49.93704037702978
38.62107430133469
75.87171462112182
59.41995113036972
141.10189270839135
97.44655604137455
91.64710934349225
70.02982388319013
56.341152598707495
325.1632837676049
44.267108555892165
72.39281198623061
193.23967805486168
16.289330102368464
124.7557615227128
159.2531606467805
64.79022605889222
71.50358596573709
55.213928702009184
59.24402195898136
50.032845868741745
49.26863395487803
80.09114178180761
135.8775526582584
52.301546145905576
74.05611544658863
20.175939200557643
40.41341601789165
82.13725579249903
99.12839757231671
50.72854854468348
75.98832223844025
120.31739338723685
86.51265416958104
48.15284022772862
36.71458283877363
40.188735164829176
43.25193784612761
73.93131792111461
41.54914531282552
60.30959755846971
32.84058327287536
31.304192309850784
19.26687467281327
28.96563033576086
27.152483601556877
40.825764440525106
48.99877360072452
50.64612220390454
36.298387140678564
61.12667186074457
78.56293224701251
68.79133415772624
50.800160861948484
26.28754345168639
30.988817236008302
66.25879493832426
90.69210059393069
52.09247248270744
46.397247903188735
81.19882718307929
32.20364698559045
14.65511650343024
81.21908611350574
32.452285461295894
65.66986833520635
49.572167997591144
10.362855432461643
16.39328758259895
68.69248163446423
66.95517525509595
25.443346345113287
68.98573877914481
15.050439000196297
45.32306695292194
43.07531462287194
14.742046194424384
32.68263498760026
31.830846139122833
50.205440528794135
45.42420745575373
61.56978548931468
14.687923429271228
13.657770583612775
19.821130418776608
29.212531496096112
20.133671870892734
19.900042716031106
60.18028707956416
33.75384244077324
33.49666257748341
35.339384237007124
48.81606822480461
49.652827120563316
24.161888462950117
29.95542544514757
23.566466333194754
38.25470424993369
32.650845920754634
43.91118020479025
34.64209539482258
52.871307402127385
57.22515574466244
11.85957066929368
7.874768946455739
58.63569695703082
45.20551871202284
30.05963156278216
34.30877056229004
39.19815915452384
51.20923428873635
21.750728450980404
13.082196638922941
49.708664342318436
29.320207730806153
25.452721567979584
10.177102785968064
34.31246954484748
25.72388263403296
9.294087215888098
5.711171562138396
28.223246462488316
14.68266502193438
39.118603256651426
21.23245668175096
28.39664473854033
9.65364071676465
24.618405985755476
16.60519808670591
6.135414380321094
31.152408431549514
12.542984914082975
61.13074240154513
17.70685124522136
27.97099015832541
32.303924908049986
28.597683415605058
51.124655032475886
17.775771156600435
17.044539522758193
30.70337762589993
38.53760087799324
37.03679906461858
32.59998775384396
18.77637673249841
21.27658580341236
15.470248385561856
5.22263585274948
44.77018197068538
13.40138423110704
40.955294230694676
19.031844107013296
15.14241373724521
39.420351108943215
25.647862892087062
22.51870216306639
25.638565720096288
11.874514352708717
25.687663121364015
23.492900868384474
12.182375443967402
24.745218533019507
18.88689733940569
32.68181820053729
37.242771482773236
34.498556193493414
28.050133588328855
28.41267809926665
29.16395356798977
33.24464527396739
3.866018961275249
16.6132931500161
12.355596870278001
6.55928735661145
6.466550905578547
31.051280559551426
14.712063924478727
16.887075713488784
29.954276466900875
35.45026962866638
22.168197112031304
13.054365996228833
43.78325520468075
37.44877350963052
26.809180515605252
19.029256586751337
18.69103103860345
2.501008092763233
14.77548037050866
24.90176517060587
30.11891320886408
5.115374916820614
17.677147686239138
25.501070292484858
20.527422924455667
16.069138793565365
16.142495513461398
17.796911615560866
9.200911411221801
10.587011413911416
24.801390501016765
33.574832540988275
53.92383662972021
28.414585968534304
16.31871039059782
6.216347552554886
20.427899404172344
18.563897857559272
11.052960677434516
39.45875217690801
28.55538213073101
5.018953244828316
19.242808500118127
18.77885693938399
24.988915689585973
9.702512610576216
22.149211574562802
13.990219863762666
29.93373379567321
9.118691562059803
18.848047452015418
21.147809451092694
10.300689472356078
10.915497311749569
39.028526545737314
23.72888250538328
15.257519225223696
19.589476889505818
29.77823911237386
8.228608132825626
20.862692210760247
29.264480945420004
17.25341858669273
4.971502862171537
8.11324281276872
18.191154658842322
8.272604541983965
20.26588000602154
17.785207288063557
9.06217618875918
28.437585285373988
14.419258445351511
25.412524866012326
27.937871226072936
12.863631190615102
5.881869073232381
22.70918327426261
21.897289055994374
23.875275041710523
21.970860694920063
19.826361939235557
8.621222267990287
19.205992292058472
26.969793339900306
35.97848127204917
20.238045085200024
7.145334496957546
16.277097754078643
23.55099332724201
7.98909462236999
10.671306879164757
14.306809363791832
11.993913654157764
14.884021828855541
15.103122244547489
17.30533002680998
20.51756881809603
17.74343964790244
23.11190795902937
5.796784045114024
3.975598059288332
14.858085392922575
10.883877492007478
15.028479057198165
3.9417960334048794
20.04507166816087
14.344429049398222
17.42150398559475
5.085774868301853
0.9694395257592399
20.46958689273075
29.08005274159967
18.57788763196653
19.836036016612855
32.12996974757938
0.4981929921925793
12.4384963032095
10.18597047213732
21.485112222673795
17.227726561885913
11.10344906199185
10.100108748428418
26.848607152788293
12.814605518256192
13.11274565734168
4.929599629962429
17.701859194520356
13.555194199006252
18.177757717131534
21.0989541016787
20.396468974991592
11.475968519849593
1.6693830682188775
45.93765534772955
14.727304231094783
11.1767490846535
11.470719554492605
9.51341444905866
32.760033225289746
14.127529126336759
23.892848563780937
8.349673701235973
7.9412318566472875
6.4412040314677865
7.997157166440911
18.43245343573519
6.102396225256359
9.839966067490185
16.348053856214907
23.087272938122037
20.18052284161703
4.401595927500145
16.5882602923611
19.44015846229231
13.558478690495194
14.22294668406172
8.072038385127478
16.186418109708217
30.8620914491556
21.89222449425918
18.997299188471164
33.396260548896876
20.421537786660863
1.946926018331274
4.414008668652553
16.22443711353474
8.314778860861585
11.40431633232076
10.8371205676345
8.914333777638983
9.936704207991063
5.278059550409582
13.803848238855897
15.431656035338447
4.777446503751782
29.153762684446342
12.460278394536568
12.849612894472585
12.471068967545078
35.3329226368261
16.698095162598392
12.340879832091428
7.938988040702552
4.960724123973138
9.794788328676677
24.34320462315959
9.275734068840318
18.859901138856532
23.202686786882193
20.179045962408413
18.10755905135915
6.788161690979524
22.89149762196131
17.09346097117935
10.85092381395367
10.642031547486958
17.95438736333266
10.468918824346455
8.805994412779768
22.780665610348958
18.742216930623364
2.6056499529331294
10.437528910786043
20.31204603591568
18.540403944447778
7.701415194889061
15.164456144823717
9.793898768388031
19.259576382451737
8.878508077695267
18.599262233213015
17.45681118608548
12.877957302841939
8.573536983901251
17.67312185349368
14.254906744977779
5.893138531576416
13.964927867831207
4.340153688280909
3.947079451953107
10.306446138119759
8.660810705296281
9.974793384398478
16.97296093026949
13.088418197824135
4.976942241799177
26.318445128811238
10.216839315963117
13.89784431684733
10.328568806914875
8.088723564253034
18.308857516656587
16.41954643571134
14.633553719535671
6.835808714684522
13.853860845930011
10.913467992551759
25.90113397658835
4.66808777506857
13.270998970858052
7.122220466401874
2.7314913347434513
20.964557320711794
11.452100679711474
7.907200141371169
17.4711587660476
4.420859870496953
0.4438022888815999
8.121738114417271
4.219634319290292
14.719285139553053
21.798391743214797
12.225602490869289
7.408999071114169
19.710141854433516
13.0561096285521
21.34488899965916
18.439522674582864
10.482703586914578
14.877363016104708
14.084803262678744
12.567257683698264
9.598540112710527
15.045137263894505
10.185821245293077
14.177673638650306
7.380676931851913
1.9072461819513582
7.047913572619072
3.9175537875698865
6.495047880184437
12.601746939287269
14.59586023140438
9.643031000733856
7.2540297586332505
16.971729865948674
7.514630544671996
7.926275263668475
14.63591263741431
0.5068051326125167
16.015703743623792
5.188390475175425
13.133766599978284
18.71156751202999
14.288274430293644
10.880146568506762
14.054995344213207
4.979445042450682
10.857069996920846
5.850687446850689
14.562353615493452
13.546569060658564
7.906385256335271
6.009003996836159
5.568866294478151
19.54440449035557
4.7869828845231845
5.9687887641255655
3.803147084090922
11.66543746565587
21.530752498781865
3.7124774754317706
5.802892202612539
20.100936441911028
13.346082013275943
4.357698629666935
8.732484503759013
9.927748165691435
13.448543921486054
2.2570100063835636
11.734708366794058
10.210787343385382
3.1238987590978375
1.8611664345757208
12.830163080506193
13.367992412024394
4.313509780077395
4.120726238977908
3.1418762678665484
11.705747618865642
14.102322986694936
10.725016778941342
9.682283898319888
4.099021161884058
2.848459144172744
9.868988664696737
9.820375991942617
4.207305203922926
9.226938696882467
12.310679163588107
15.98251509744351
13.73079171303638
8.00168190456449
22.68739120902555
13.916664261661705
15.668164868114003
5.609895376418065
10.981549957255886
16.00004204776812
4.104619413899504
4.504855288745615
8.273317486654502
6.721010235813235
4.356832235718003
3.291548996609551
4.609925832646256
8.442873586473736
7.344333405415447
3.831066292652237
7.268400438872345
15.799433684924352
7.799362451852328
17.970080396823946
7.200258740391799
6.474028184859282
6.265654064401735
4.309548255554739
12.439951221029999
9.54962528968891
9.042674177612106
14.97114245600168
9.353232592036727
10.927035171448816
12.400853119142168
5.763612738867327
8.574906338558094
4.659983065328295
16.85489179397819
16.69002917806663
10.036823502114258
12.833934890888667
17.699206921664693
12.962518690742453
13.19226357797742
9.787849095368074
10.49406670373005
4.751824802930527
10.019666056090095
16.879362234247765
5.928191454177782
16.84338392283609
14.170506529035341
17.878276612823193
3.559926465725301
1.14576600388458
12.224616380454835
11.704186608749302
4.0969023988072575
17.506107249820726
15.049735879089315
8.05827280804235
16.882911358037735
19.45539597006871
7.647370460497583
12.715705989225
7.672387769393008
18.16226763729038
2.2256712880902745
15.167213160495377
1.8313552256119534
11.721602945450595
8.118686403047738
7.53739063365519
1.9390850054800293
9.883312751916316
11.910059874097312
18.981194114223136
4.374165710517153
11.122093765459436
9.739272317803115
11.116185218891836
10.180524835035166
18.17858913172184
9.283082382891052
6.811120798136458
5.159445243436933
18.984968500923102
10.396823563333156
6.664116907991609
5.458348786768464
3.682774969736246
9.284797798324757
12.365387103900725
8.258922721520543
3.528837093877671
5.971742563298561
4.621631907209127
6.261882520238203
4.937917643002953
7.564304935654962
11.121844303443027
6.436118781164481
9.80146011473962
7.394442678179198
5.04188699750417
1.81775958717372
8.911974641688007
5.152515925817726
12.953982637475313
12.22538328755254
16.864249671939938
4.4295493678782725
2.764905507285073
1.0709775406028883
2.494991276250931
5.680079397908612
19.1816234225675
5.0184068489970395
9.763138570940903
8.777054314384785
6.610731568366315
0.23753080259612494
3.7242548219277736
1.8595580164126326
9.535492174448263
12.271030016604302
1.0477164056518005
10.636138323891446
6.5621583924235924
15.727604354261386
6.457724659670077
0.7730298964715052
8.762551842363656
5.73212122166927
5.887424662113586
10.221913291510914
13.252934194895033
3.138965540835811
12.610596446734998
9.582725343986027
3.4982076319057613
9.252662898926955
12.13923605244542
6.980167345535999
3.584831049793416
3.4486672038704
17.956330150664364
3.667791364381439
8.943063204274376
2.017087845092471
2.6549009102847045
9.044107107992499
9.798858894988447
2.4701519671519176
3.6647235667525484
3.008715899215969
9.69331706822583
11.446865241657589
12.830482605142922
6.800913205909652
9.774529597790414
5.4266255191512816
3.975420577534739
11.449795057021399
10.197205448094088
8.216240727896468
12.016004480528734
6.368548034046941
9.28353950654751
2.6096468178030863
8.39918846669
8.121040591989832
1.4357219551010485
4.819409145205468
10.178259803225247
3.4917869928617895
4.527818097247492
12.749551950670407
11.656403368902666
2.691934255170197
4.056114825435301
2.6592505051702187
9.544796959928888
5.458727463727632
6.875614690903843
5.200210687955442
4.856622904721823
3.164440699819176
10.270943529595746
4.261415501426577
5.351169002979206
6.750586294321867
11.76973611231756
6.875119878347274
8.13146837633125
6.175130217089501
5.102589493403078
9.537335898322002
5.111345915399054
8.556109566026212
6.190694014036949
9.545456375492373
1.1500453705179907
3.504984682259054
11.50336814098471
13.714445055532439
2.5692235466758517
4.048852055228544
18.644972349010107
9.252884909884484
13.789152867526447
2.8150822176073715
9.172841903947058
4.525572150256489
2.1261681600132745
11.286360503410352
5.531640540730931
8.72070309386529
7.319657084578302
10.394759189523214
4.69771027524015
7.889555214927969
13.076908268028193
15.602921114283372
4.157115252084765
2.5041368138872975
4.429195493471712
7.589822229069004
4.680662020744075
4.49319810341977
7.6772137857003315
7.052222817244944
5.153483957811756
3.4593236032134866
13.166987071868867
2.824966195289834
6.683809817568284
11.03366051619399
7.33954391977865
7.475037856918586
6.15929087881238
7.280984567525551
6.123356729341007
2.838858495310769
2.9484988764544005
3.241665632946908
6.101305183454462
4.44955715920108
5.27263270708187
8.836012903447385
3.165844153265344
8.443706164630349
1.6798995387591524
6.505824414861708
7.6778599208670695
10.731426567189462
8.733610931758957
2.7198686361045357
12.495398458580116
3.796034991626526
5.485348546382399
7.070418246421342
8.529343008596783
4.795995355160781
8.990826092051323
5.652948652078725
8.180247473988448
2.332463682093011
4.8546524741166
9.32659104637458
5.319794128405208
4.1886988435252075
8.669413827571741
3.451593599044374
7.218321033622681
5.0965145334001996
6.505674559240383
12.85176689704236
7.753587030770962
5.8138600418739355
1.1318063050122016
3.1135322550409414
9.702006397354308
3.6333136795240533
13.315746302490245
1.9298306052802003
7.298498691863395
6.875760800783829
5.9280461537908415
13.197700832613771
1.7331592458946314
6.611681278139516
3.5478908535490445
3.188856249050446
1.2448178979013602
7.683622537196291
3.2170235888335466
5.563442825491726
4.3691264949165385
4.2740126872200985
10.452315348492
2.4437080318099813
5.15947600699873
8.726516778866419
10.367008115461557
3.681593852776484
14.334634685764984
1.4063582503193115
5.637671776188264
14.000489727711791
7.711494956905791
1.5050934780234755
4.6286247418097375
4.102142553217658
1.8498560969912323
8.868915417351255
6.062871635818942
4.09548701409769
8.383807552566712
2.5304151947010833
3.73983971651267
1.668212744857109
3.0917909036062206
1.3495518332435545
6.253594843131957
3.463463318587609
1.2044708888745024
6.422134608487203
1.9805939300155118
8.815893225361036
7.197730419902207
1.8291496480409766
5.2683600910377475
3.3627821933382434
3.2052931101331823
2.454969152956911
5.7955256722290995
6.182856670604134
7.73875075558961
4.698619778485264
2.446204591284268
3.691844536067385
11.062849777858142
2.958547793008443
2.25590859503932
5.714003484549201
4.125674577021443
8.110887582447345
11.371686814816444
2.02393406370333
2.3857822650066622
3.5536994809855376
15.835170902690898
12.56948480380505
4.953940806631642
3.55172352385278
9.290239305660483
10.660112772603611
4.188233910013486
2.4335538597376503
3.4626012001071915
10.13954294389798
7.536536257767105
2.4416698400350274
4.9806943313732095
11.098908364370079
4.862967707008291
4.327267664293071
9.589481334078686
7.38423970435147
5.745757159736581
8.21894778046856
4.925858330313117
1.891954234834301
5.2226055815500345
6.90185406446706
4.5427079467584175
3.86558093864365
7.58126709609564
6.898911653214988
2.138425846112567
2.895213322346053
10.131642788921162
2.2787323418923746
1.6313451107171333
1.6321231518768928
3.315714745265168
8.174118450998106
6.30906354046144
3.173210475465449
1.3163947304241457
7.295224141283866
4.070052367063849
3.914977564059041
11.363835932055528
3.8699857922608527
5.093886967767016
4.482497602257984
1.6252357742923864
4.372072017559322
4.33280667002914
9.564406037353221
5.504923250908908
9.63610236759045
12.139279807523359
3.3057548626295357
11.781914235179308
7.946528363993541
9.766366560671193
237.035
36.305045045210505
10.04200258206525
14.362638754407312
37.61233853374417
4.156846911219273
31.9048962220124
90.70855228776648
72.66036238853854
104.13136618359741
61.661022233025975
140.3570154876096
220.2726329756436
127.32721590265058
84.7521668077755
122.52295556848826
59.33919634733187
29.564200335914407
53.67186456076859
64.53847678058207
14.155891339344633
215.68026783408874
53.44083403344036
360.5435674723918
336.254867513466
69.41036992077011
123.28132853973929
154.99764096501124
304.4743489157873
184.734093282827
113.65138705495298
149.38942892290203
172.99785459909322
150.78869361133482
161.13387476486915
418.1785374810507
32.807428392501
84.01567767495912
156.93116570748205
207.77695667671543
381.40967294337776
391.1848076468431
369.29711635479055
102.93257737106342
276.11930547801506
230.7589084169502
87.8250563547236
221.6729117312482
20.36203430091326
208.48387631249125
152.34948053849917
279.36188510799775
240.96313348132531
296.6330830180966
324.3524665102687
108.37897158695948
228.2580996626387
193.15374403100802
340.1933057305978
355.45755929377697
63.482841028375326
152.79082979907594
346.3520833643735
185.88484971983584
156.94334034941153
226.12809407975809
227.8380164642712
55.654295714272045
119.01058617019092
275.8413005564037
261.8286423339673
111.88231585274289
100.06008730510196
171.96891048083512
168.71517984682646
229.99566834079974
251.10944114723392
147.9243724795068
144.69428667433712
99.0906003094335
176.84023868534692
188.8780638851633
65.90866650660766
341.90637459665476
188.2666493193353
89.19722492222868
65.50033259980731
137.26310206286044
120.91795532325732
92.69458478246959
39.908820870984805
84.65899512499293
47.66462653584744
86.35995270297529
38.91702531532186
158.53517538962322
213.90519428345922
241.73780700531623
85.5519118530228
18.17248352094603
260.3853702363763
126.87752767842969
100.14337449852567
144.0860768534637
58.95128281659236
15.840990176897845
111.35647395358542
38.64138873794526
158.4039340067213
61.92525110338952
198.93576997413174
38.26118896256143
72.86376176642408
97.96584771438071
55.99329466734207
57.32021413870959
112.52555620483433
94.7099228437009
120.37930447396911
34.81068429305296
85.07267155522963
105.64602196276732
98.26745650570733
61.75518530525105
52.24052407562088
57.01093664818268
98.29275897458206
76.68186499940695
30.67533738876443
66.08967062167433
45.66913148912802
84.4314079851977
48.8356338887016
54.10467597961237
51.026098852349826
14.189698816747494
27.313435290471933
50.082463597561464
11.635111069613659
39.222333006006835
61.08974352107423
47.34365544838951
35.74540260856673
66.54582233857549
42.67592021626375
103.68553477185212
23.280183419155758
80.29467915227522
81.05453982080044
37.78848778743651
53.68746126597424
41.048564591087285
42.75896896308895
33.95047268868433
47.24266221247505
45.264410777355856
46.88941136533139
56.96924930877414
50.205222448133185
29.8661734209583
42.47617228843564
35.883715184126864
28.58649833136249
33.65429587635477
83.7130687748093
2.588729411711617
56.17751183063194
27.0840890734242
14.532216690006921
1.0125872208875268
38.78108067329631
23.80650600151623
57.64518080890046
65.72729639330048
68.61316913110655
58.03182759658019
58.62559255684026
8.21376819994203
7.13011178903566
88.91902042248047
41.04102638877936
37.75564768844937
20.816313168672625
8.134817196313035
9.434281337382334
25.707868769558484
33.045531894386315
31.861408615073007
25.7031225244668
87.25078426819101
16.50743755475742
45.14187586485719
7.755424937402527
38.91474880038906
20.39924888838985
27.077686998639475
56.1668028236487
39.31332022824888
33.33301978026171
12.411748214828865
85.63217185286494
53.2284094649338
41.02737688205496
8.323869303342615
3.2645228667164106
25.44873013442852
25.434866659694123
61.2437885140644
22.970439397215454
9.246622173940981
51.863428202658156
23.503224007858112
20.929268676591462
28.607817492653545
37.5433509114491
21.982559634970656
4.8037160536384595
16.869158808732994
26.30424611851494
26.320759224595946
45.43594744874145
27.444772730002637
31.786846451860587
45.22407384826495
30.002051416288623
44.707744781855844
40.4628223420201
29.334902251890057
44.80545821677146
20.345040298167035
26.408302465781645
19.470451211666933
33.147425231026084
31.373200913328326
24.78012838661528
36.12390560057565
20.443692754306763
39.19861017196194
36.916184927114244
31.62062280788818
19.213281675659157
22.302044287928673
12.67674786865699
34.79859841583703
25.7764453169099
21.75263938792339
8.767015797471997
22.94634283410426
11.688701360991281
37.54836227712695
8.798990301212127
16.20775330798976
30.978457333992623
18.563598317618194
25.63499029819809
18.266645339536883
12.344835424728213
31.800985290151356
48.77307769332401
6.142008335876912
19.772699906975216
11.4535744080235
17.37601724445622
35.09983390060519
20.820708543241125
28.20377479677538
13.207759972679195
7.754432017539145
10.289303898811523
18.469175637800042
42.9832405110621
54.33830254083681
37.81445748819775
31.940143216341472
18.444829179715086
18.88014592556649
35.83612499612043
42.307084698071506
17.05016890283284
26.852596206794296
10.690303284782853
20.91260598211451
4.295138456530324
41.066406895205716
11.195101103074496
20.613584673843384
15.47170029250782
49.183263686888914
8.120818565649035
27.28156462573016
37.38109926232625
15.360227418583472
25.257509932390892
4.99182031006796
21.85690053633043
36.501259116395616
12.977315649221763
17.226221885888496
36.17926081463934
14.685075814357251
25.63469920704767
4.824405097060676
10.614518171257764
19.57627649101686
24.6501016764757
18.03973465301947
25.71784542344285
37.80922691766466
34.207154607188386
27.031822987982416
31.81823122140283
14.897366777107012
12.636025711333831
27.26357173293902
32.93028900065421
38.31934022379781
50.016147804696345
11.83826512017479
50.116282043675184
49.69062089369714
11.639048142274964
12.652208064653324
7.912669336191967
11.451158813353105
49.08787394828799
3.9502621548875188
10.537239196255067
6.883966095683284
16.181897589380245
3.2352881482107607
32.735687015044896
19.235548945827336
7.020616892340214
40.23634022145058
35.0185999029509
21.42160557970781
31.702530121827888
7.2095707583647926
37.86125333127446
46.94570839027201
31.88424227676479
10.916831237119002
15.73757729875395
15.742713685499337
15.56199919868462
19.771614029734305
17.7768302095702
29.108080973533525
11.14985016043191
35.39106427841294
45.18250020495337
14.94711537912796
34.6746206303097
6.216808345560466
21.14545265673179
15.696573490186303
12.466733996596902
57.59154544313846
39.13469964767335
22.20714207921815
24.187941963025178
9.483422306268977
24.92755803457068
15.502267250952608
25.75271199791412
18.74409413485964
44.78314943949568
15.081898506620332
21.507624037115733
23.474088585804864
14.554091834791853
43.71415685494347
4.591820791709098
27.303095625231006
31.64479200919868
25.877581180126857
16.280706419347215
7.547973484191625
21.2250892428192
17.789594349294177
7.368119063047017
54.0682335438972
20.790470354474667
16.566645638458244
20.378640798569673
30.710373200353487
37.780317374917686
8.405392982918821
18.927117704934645
6.7592723071277785
21.623270709867906
20.134724754208527
19.95622682037882
18.133161171162584
19.217348054316414
27.307907533773
20.38557221355841
33.24525625543643
5.9350302705075695
2.0402386064425335
14.372003131247821
20.48221437711829
19.3825723441429
15.156373663358027
2.9803775439588867
18.978098243526066
21.680366885010766
16.119937201870535
16.02131993959477
14.238913177718475
1.3494526746561046
27.0697467394003
6.707700565176413
17.55646647843877
33.08768116534531
7.3856115945692435
12.351412185632942
16.302855918562106
20.63599967827405
14.257191061895023
23.604346401351403
11.768262667856929
27.24045117925976
26.090800603738003
19.584196493125702
21.01903374338526
4.846759878644639
13.303845637380263
21.75890424964614
18.653775705447824
9.311120690339552
10.7821580321737
27.580313009912256
32.305309535755875
15.771401724898068
14.168727304483891
24.71873689709447
14.532712245719525
7.779247812248241
1.7826983669756302
30.893745945152403
25.168701954775997
13.701632202187334
10.690279828778884
18.985768288397324
18.400165760842658
12.41962180603339
25.024738351147004
20.507812717244686
45.96256078199238
17.576816066211343
13.857997542788633
14.619516791872494
6.660833715866036
15.393882612979494
17.973910662000534
12.745239290148776
14.824110270615883
8.892092909706474
14.847418552080178
11.64974192874797
8.124771276996189
21.523116666838256
12.925191831721937
12.156026463157707
13.103890326394732
22.133485826325263
26.58903023709405
19.392036385291735
20.98280657429648
3.739432994447231
3.773884082350551
11.362597460167517
15.62594952750175
22.44343588129743
17.095386164595634
9.475199933803305
31.718006957459046
14.550524475160453
27.511327480629063
14.025214483815905
8.592260831584982
10.453831518842227
14.688762275663281
34.568542525196996
10.651595267594816
5.155226956406167
3.2626594989948807
26.76414105244658
26.201117064047395
10.016577373758302
21.970195965681054
13.159222834940023
10.307590831094835
5.094352976980789
12.894536611774065
23.10851690413313
7.653930151138084
21.907816344440185
12.75484131323518
8.872640411047252
9.22271379756745
19.142795231009366
24.392704292358687
8.626345353902456
10.660665254515214
12.930585313408837
17.51809449292285
11.130433701180024
20.760581135428293
23.15654916619825
15.1305996577835
14.067789937956183
11.899578986360215
18.81912325800379
23.045610382545544
18.290324471969893
14.234363557414348
8.683349742514583
22.594252624668567
10.79189735353066
5.221499653352828
6.864162489426084
6.100492060623691
4.127766614544505
16.666632631982736
13.517623423428159
7.135961971446991
21.439389922811785
12.24393116368064
11.60221822478775
27.00974497723576
9.868396393972938
2.1133336829760045
14.638397769363978
5.866804787084485
14.086405458427182
1.8674586393931
31.336250500022217
12.329972764935915
11.999520137569125
21.681414469120362
18.82412656588888
9.469442471651298
5.197973432728295
22.418915022079684
8.49919195586646
21.54053426186524
13.546628691444694
10.301345057035235
26.348835310696224
11.572686747617631
13.808140673936405
12.326378699106765
30.354132444749332
21.973271747369107
31.597436661693617
6.0330432249925385
1.816544574632169
13.726229935910986
2.8374371730381776
13.226666042363037
25.471369339347213
5.324927534459513
1.877753753838536
31.029903595483777
11.29978418942348
8.729030182317631
4.235983475647057
16.95039072792942
18.871332587373537
11.13544216464444
16.282209126302625
35.78307621123453
14.732395437919482
17.406843251558357
7.169824506246072
6.308926183960006
11.96979235153688
10.225999411475817
4.570881084988702
20.615999966911197
8.76838858206664
18.737425625595936
8.131939148479798
13.929710265359159
21.363805228318004
10.053540970095522
17.67865340529621
15.361543577830567
8.754159643891432
27.917280433198584
12.274028704072046
19.960428184250674
32.47852025168672
3.5401621725807724
13.908237498052399
26.481549156834166
9.805599986749229
16.84228426715844
38.178659360251906
22.030400792068864
13.39852019650953
21.66166331551922
18.757330862934865
12.170010340359132
15.338206536867732
3.9407198837699906
26.31190340558379
14.667289021750266
11.813008674979267
10.826968330398326
7.910813301558396
12.443424846482754
11.944734851669223
18.929339458288236
16.697287693266436
20.35941174204865
17.216156367749413
6.702232215956016
3.6329097450000174
8.622959965771217
5.268579114888253
7.908061567309454
21.0062341085065
9.003027998985948
13.808435332093637
3.544364809458599
21.14589637683362
12.239061775755905
7.981795314751211
10.439206286425888
10.6899997125195
11.124199569300737
7.2969373604608485
11.889544040001214
12.608283153088593
20.469594239871377
6.274283572460531
14.77695970261711
4.14922428300484
18.922727349500626
18.827893349754547
4.546553531414093
3.3034033279018096
18.69404507927033
22.084044648455937
9.989371436424772
7.59960337284315
9.215675384477994
24.608977292266236
6.845382048462435
19.547191402733116
8.769057700725256
5.136541781040541
4.576641092021224
8.899726058491355
9.069500303698703
9.565087544561935
7.5825406429557605
18.796274378934125
19.524063260486425
9.69352100424241
13.585359876795339
13.997477057354368
4.977088857547929
14.463116564325382
11.520992969024793
8.580875149476299
6.791902620143363
10.105198617336573
10.186984537594567
5.466632701509186
18.715781458429618
11.673721502326654
7.336445172142866
16.502245071793112
16.459412060200066
12.862943939070206
4.434542927911583
9.8540770235728
2.5138717112267797
7.87998184704877
21.259617359947644
3.1399396637121813
8.227835790736654
8.134401975280175
14.472264950383694
12.19905082711767
9.601489321201534
14.63237116727465
8.738196004490085
12.63155919583018
17.60243278141225
16.530692649601345
6.51093446084198
4.915164394976977
16.563896845939347
3.942870980307976
4.917478532709919
22.88221990360848
8.053572676533037
13.253292058627517
8.588484796074836
9.995846134878843
4.276817998372352
6.689221692406275
10.750349853314695
6.550445090440472
6.068853963473579
9.819615930747894
6.766166902755141
7.529363478948199
5.824757760473417
1.8342863484738807
16.762069338021558
10.510630955701318
7.470648829798356
10.294915854719724
10.370892084684987
5.297708187887422
8.076543168761996
4.173879262424355
9.94461221162063
6.422969504222038
2.376369479011305
18.201742430825927
14.923592423152304
4.54642356091189
14.480351395671466
2.853156093775223
3.4410936007766915
10.062420083559708
10.390410923673663
1.9537721618958621
2.511509928567211
15.753302622007666
5.238065410320708
6.587562945532152
8.409661528834688
6.529838296833856
4.938118635503945
2.669516061995244
11.507219683488882
8.692865853651456
14.660313118548437
8.901510512439001
11.523164330950616
5.148920889545098
4.704750629955688
6.253764001301177
3.294511397242129
10.80597658874942
3.2190483584105225
15.774937928103101
19.12264744288969
12.21058070004978
7.988875267569285
2.373778883466944
2.2869274721109214
12.36065729553963
18.558554508755705
5.819969467138792
8.912855733760248
4.788528814335268
2.8242808338986523
9.901152303025857
6.924892335372984
13.709429033540683
5.772027785790175
4.638482744636415
3.8380439535321633
6.883890544970171
6.019249449615543
7.74534753657689
10.843361885661084
8.1854180364202
0.9043699046881237
10.179505618346653
6.039699855546043
4.226449518147703
4.507756406680645
7.286032289162038
13.22986687935378
9.459732863052018
5.306205163328586
9.885102998031444
4.524562228029513
3.198264280165483
9.637213610131505
7.63575317712345
8.02613869070619
7.107101681812744
8.445777902313333
3.3811256093505775
12.67246413545025
10.066594349547014
7.693298505575066
2.097775704127987
13.542585092699277
9.340778135236425
9.755593986129243
0.588329600666754
5.759365200425092
11.70294554598684
6.962749749978009
4.901568906097975
4.291146510495383
7.879557152552035
13.55766212597404
1.5410112557157012
7.323382245002663
9.715268616197516
2.4425397228776533
12.154866793383336
4.22594450171167
8.563269280776101
15.39989399113795
6.57376522083737
10.73427863443617
4.22103217159039
10.34130330970297
9.949632441307669
2.6393972849920844
6.376021822609024
5.797863657298563
8.345188602729998
14.362761562721968
10.26060948674231
8.719487099408672
4.810697414249782
9.241626223280317
11.713099296064021
7.545096908853625
2.737059149820136
1.3949473682385334
5.334007958675626
2.6203546124606043
5.369457785981432
1.4695668749355997
14.821687830377519
10.199145861000032
6.254963378064102
3.996612661128668
12.932197569939259
3.029580328757752
3.5537504687483032
14.473747834950654
7.104411244993836
5.744434079969253
10.198441851968747
10.526369342308227
8.034374162095615
11.614672329796038
4.169535548898166
13.718976531422788
5.544939457307152
8.422759833360779
6.842548600162555
1.5958418206872647
7.495988543875524
2.367875131831211
4.83585767883495
11.661304402600395
3.943280111701647
5.7513213385408735
2.890017395170398
6.55394923351578
10.842780990202249
6.291344397880432
11.735631667017373
8.470599617503888
1.6628465652126068
6.196261291595158
12.485407711399505
5.601702955595387
7.568747469619921
0.912716035894531
2.7940548418015565
2.850955546521588
11.485012329729152
5.195354602776477
8.365399044333508
7.010842203095153
1.9185046287265646
6.799928799694227
2.5588121862441744
9.45617169006482
9.689689218278296
15.943372229609857
13.54603588099644
4.922076398087546
12.410210399456892
8.670144948577338
3.3726443479400348
13.184894727545954
4.5392167182570144
8.879927593559742
6.436025361750051
6.4319672228952305
9.907819601810715
5.572036632799781
5.504877564200591
4.012103194130913
4.191755256507081
3.9084796569823688
12.177414057982737
8.976009242969385
6.564429813134562
8.980657805326306
7.670936413152491
2.774755087751166
9.099864230133003
8.835156346499385
8.143907635560357
10.589132228126703
8.371585294096866
13.28104602267632
5.550028656060552
2.345359911778698
10.794211486272934
5.985623414108105
9.050109770334387
6.3676837124973105
5.463431929138766
8.574063247279499
3.484699028784562
7.107869698287762
3.156518816752033
5.987920705615991
6.688907702625232
8.39571465224707
3.4616209169310967
4.444045229442668
13.614113408245405
6.959927321779085
8.956678115129654
2.016182381073557
11.188661739063456
7.082748063062265
12.171185292972655
8.226261440938734
4.9481344908810465
4.638779379299526
6.516021874433771
6.706232102112045
4.959400558866632
6.732805919106917
5.3203068598633925
9.044543237253134
9.360244579709954
10.944746380635522
6.059328628076509
2.6883552896093468
11.24412596062674
7.424809375933033
9.636655510693386
2.006192664002463
15.211049924004822
3.451930318036536
1.009743154968141
4.724561803670688
2.3307464728566725
3.4135317777419165
4.102143646018103
1.748872226036294
2.3416558241280563
4.6641615295014205
5.768803245272954
8.373438527851844
5.7332461431225585
7.746403383550786
4.355719854419729
5.25285288474949
13.791072329265452
4.466508051914796
14.385161171558774
8.912341238967233
4.51291113153623
2.95133896368596
6.267590690673959
8.46397988819199
4.308293735752844
6.983508717184072
7.669071901133867
7.992996251578137
9.417367205081531
7.990444239222257
7.527438381309985
1.4874258692759188
4.096007099280491
7.995989781412339
4.841067470770291
7.602149946398909
2.7222855016125562
5.142546701755822
2.9385639437504047
5.654956544613238
2.7604536926066277
9.6783919087068
