243.772
4.555363449996521
53.1074826953416
48.479834208848075
80.14318781835101
64.80653903412461
56.173509502805295
114.67079777410851
151.3771738857986
227.9849975791082
383.79866207218737
579.477709503395
234.03987010155825
104.01391235445911
119.60524241728054
204.37642008425473
142.40515111580953
195.96397865292982
170.77344784171262
25.686660499783628
140.4784793730016
101.24115548801181
187.74910369344386
174.36428943381856
37.38396885969044
250.09472633347653
202.67255492934981
55.13459424190322
121.61077253372659
59.886457881215165
221.0706225443325
55.157545427530216
180.68611120078035
288.25814396469445
65.10083439505121
194.52931461669127
254.05649627258123
239.54702198855745
203.44820111395998
83.43152840547494
91.45963002284753
96.97055906549689
82.75992732492678
150.23131313461133
280.73770471565336
73.22114377200151
28.468070641692965
72.41135572354294
309.75794584430434
369.24836838674133
337.4218830320623
154.64242904685574
116.27253963350377
135.1535066630979
169.87572899348243
458.6896696062913
133.79123746530087
97.77324108250345
286.97332154196107
193.10662453780233
185.0031545272825
434.3037354894981
57.41661506204173
93.34660500688354
103.08035216929206
116.8119334446302
29.02539428831212
77.5792047634258
232.09497452729423
106.25905875698135
199.1842428918183
88.09156892733355
140.637398270521
204.58061025725632
284.82836090529776
269.18941812698984
127.10913807835051
209.27191974248694
195.26647962985612
161.56096622504063
181.0036345060378
199.3874460890018
82.16546283677472
94.23378866684261
89.96508958620763
135.25555758796202
120.2798254053643
176.43877518588556
109.24871346212794
109.34131383490876
42.17546938033325
118.80741315266256
116.21231985809794
144.89179940697747
81.55283111555848
71.9080990727878
124.73887113142588
53.141578317405546
91.71012808756352
98.13547956931143
140.4043327599216
16.931287570043
23.338102784853373
80.15235542837867
54.685475467083634
156.94041682507043
59.603073869258075
100.82258042662379
81.90613342518819
78.2692804384874
57.77629651507104
34.52075978500617
27.62107114922115
24.20044957541906
117.41678501731111
100.04082958725668
163.06711655926912
96.92989085275207
100.63512340666894
21.663369297000273
56.40519208853443
82.41985265968003
63.52562966593035
17.28264491860394
84.41962447031715
45.27878617650316
112.20562266720191
70.83550916515078
26.738237792734893
46.00467656186592
147.8140252532141
63.071264786733586
55.73309638470498
102.18267654270188
38.125966928631485
49.60302116965798
107.29601705382277
78.78778284144212
59.16107421620167
71.31524572105711
29.526911895746583
62.80724340986071
52.40883953354304
33.14957269160548
23.173158668389654
96.980766999974
68.86096267101279
65.60618297701953
59.24136918205385
3.3551567793796364
41.289814606744415
33.27333575720563
40.42052340631282
25.120476010590853
21.429964323180165
12.446055253273814
40.13428139804815
43.52171176599319
58.95481404725006
32.24389076709844
54.74233673892606
36.877875714847455
51.58707815675345
30.08105986553142
74.77725434987504
40.8589612241325
26.931897947180953
62.42204235611661
30.969074477661426
46.14958351935223
23.652174335579655
64.30171874417869
8.387160205650718
48.972942857330544
34.66916103673575
17.15355414851512
47.03942523623031
11.108834303340526
30.17161708896162
11.359063385914908
55.213769087058
35.84249807546116
39.460674489819986
19.946570029700982
13.931196680898681
23.223511180775912
45.825967684162805
38.015459890391874
27.037081269833706
25.14175706400451
19.182324284618186
38.655541424377745
35.43740515864222
21.028297498110923
19.076883265544254
49.70409840037727
63.5483969422007
18.301665518383107
28.821400293561243
58.04355014128605
49.03910664429054
28.000784747962363
56.734894884372565
42.395296487215994
53.66107983105505
28.566569506777032
43.98602147205336
55.152389375490046
11.174546948441492
14.568126037848236
68.69136187766688
13.845174991792451
28.92839955289199
12.797040120680316
7.369966814609848
23.12820692640508
16.235758122448647
19.016881770885846
12.566689653325094
37.2488115743254
26.879251981251176
18.71360091546125
40.952193303307524
20.062476314772343
45.6641036966642
16.903839544089788
19.709638712651543
23.5998888376991
25.8781189945604
29.010937865084987
34.77400546998686
29.1954278114689
18.64655082221218
21.43381790576192
21.73825867301282
20.196173719614166
40.247979512768545
36.78366400415404
39.57278658249251
31.09082790554436
28.59389407622395
26.44988101182119
33.06844995880942
21.387754222365416
25.450690226387877
18.802169035627557
30.718288366391654
8.431099079592805
22.626491192693788
36.15510236264446
21.15392877228854
19.384037688908716
19.97434250566943
37.68805467458386
30.956664784917592
28.63184147079299
27.425281046788413
15.679113065370384
36.8810088684358
27.245499786992582
10.858563036650706
26.0911632100967
13.063698979320149
20.80210817321252
21.834682543479136
28.45479951930732
37.69197121386397
10.287792223015536
29.283422363165364
20.886475439827613
26.016329638456124
30.109856795992684
16.41832171657363
11.823683804944418
29.139778974823436
32.52760871709478
29.379254944756987
19.29741585286304
13.935621176542059
13.544200331294174
11.352990757430401
17.967210448232183
20.996006757984187
30.01953358631274
31.972966747405636
16.47286356613094
38.39333914849873
41.20203679249273
21.23119840128676
33.07849087370884
18.03111933330643
33.62726685148597
13.696760550548804
18.388812326215692
19.59370516995736
39.7023996606093
25.121649715144358
28.217501534054833
16.485388450326806
11.879143084612416
10.561454981373009
28.905397307478804
28.444927077762124
46.60495257565826
19.45929956675455
17.016181428085027
26.75452305833067
13.070443489583205
29.023820204232383
18.33419996578281
35.21005544226869
36.677225867128826
59.57127106572568
21.49702550074408
17.703935751352205
65.06776340319763
58.25336761718006
46.78853591095972
12.7638164299574
26.857427958244596
22.2369802534414
19.018380962393998
14.138647438425728
58.32520394316534
24.26886961350396
69.6127941075989
40.73748193263422
45.71067548257979
17.707248438390828
42.77380553435696
49.303757560108444
20.499676340503104
20.33269678400244
37.66576278929236
39.849907032570535
34.7669959579953
28.313018559522465
8.27833072709071
33.81212311119916
42.015628084076525
50.15788271253881
38.48552661054809
9.57875251593727
9.132829348036788
39.11815578721721
22.808966600752377
36.674340008965395
36.02757976484652
24.56268798926957
18.999599736716128
16.954739578358353
27.772721842166668
6.326583595745357
21.1923890818865
22.147602572549985
25.363889350016642
30.377776110639072
16.0961236471556
16.775033464852708
30.464411492142876
15.330523908070358
22.083878514094817
13.089641445803954
43.15634683795601
20.597230685302122
8.392198254272454
11.661050508596833
18.2314430162465
7.841119350735864
23.981847769895367
43.45003955823728
9.041631561438468
26.968850622884
0.8691348226672458
2.362056377863256
5.467670755714753
21.130614412399993
1.832390853070529
13.67266932905404
14.858155081353509
18.18330646060884
8.662189411910411
10.815660348659753
10.291165413556993
35.24523575416441
19.54445388190303
28.527425770628493
26.036704394951393
10.147802156750874
21.579969502953883
24.86651904199961
18.81180552790738
12.003272758107538
8.941871913794436
12.23831260456504
9.846211078593127
19.779229088465904
7.430880045397098
24.097237870089316
23.833128897594875
26.271799891772364
27.42667505772298
34.025499192472466
6.590837118073315
23.555241382953586
31.98760093668066
6.513804673908876
22.576064253060988
13.860520725697643
27.05812659683122
27.382903187624972
15.583972161484215
15.47048518096861
19.4266473687362
8.712063269525737
33.34827860379646
15.609585270067653
8.899442312279126
10.036045327266677
29.221373033332213
13.382726322199298
11.60404205765803
12.364761180821205
22.11689653522735
13.304359042638177
30.51130952908612
10.564393145782962
39.04156180323708
14.77010963119624
19.444775616503975
15.678625068859697
16.143551638777446
23.230575650753213
33.13960871220934
17.507730770756876
23.413957840482276
11.601024898279352
16.98270016759202
19.078997702386463
22.254934825189178
9.619298144932703
16.62187105807164
14.761944570625673
19.519502094638852
6.49902354822061
4.047723713612311
19.255898408494485
25.911370913623415
49.458761869354475
30.776380068142554
23.62702362930437
17.90810310564083
20.443003913476833
31.46299293901064
7.730005296627665
12.261294577000456
7.764977843004097
12.737153822890415
24.241811282483155
48.14869124353109
21.62157501977644
7.335500119762652
12.050034903702162
18.727594722269185
9.934422160448731
12.989188013216419
12.224639075886415
13.05959469214253
9.433590556655819
22.21573694367271
27.13716636552794
32.928534709828654
13.713084799314815
6.796306821409462
21.15321564278626
14.52203304322101
10.058174651810338
10.866432964926911
6.334534891388037
17.285130979338298
13.469999632841555
13.836264026761999
20.08725603083016
12.586271156201772
13.937872807964329
9.868373629369989
7.513083523108909
26.299689487314925
15.526951143547809
19.48944439249205
19.485424615955743
15.047869611155793
12.924000726977638
16.191463355285798
17.217519910244786
9.425780333606268
16.084338624905275
4.566709243437686
10.016368588237121
11.787701751730568
26.456927024253638
4.605968981879623
20.48453066644613
9.946188429060554
17.597422771313497
31.77312566992362
13.38073775806835
13.249488628690584
18.01728305006502
5.010127785816879
9.167765812581239
1.949114164581424
4.985445955907798
12.749264688383576
3.2147760813710113
16.46220407714021
2.5082655075576823
10.211847604951007
32.68603381135496
8.716054157863379
15.986371702389365
15.794463109766092
7.600287090401689
14.854702809114249
9.997990514557472
2.8370764903188945
11.378552531374886
29.039646801850722
28.25075644446335
6.145303249306574
27.88887436876437
11.549463621042952
9.478099787492258
52.56417149326541
24.870280388178198
17.477020415738874
2.3320945294007847
2.0937039052237263
24.493114659696204
21.267194241257428
4.208852353194514
8.729414550689599
15.658839660274671
12.681109069066304
5.055927340137461
6.805725401638515
12.710482648563877
5.183030494857218
22.317374101320283
23.965850097849444
12.106148724107047
13.308180585691224
35.03218795979475
17.396167544247827
7.953273210529658
10.013661448993021
3.348113759339249
14.342427937340524
23.03059791404958
14.925162371152839
13.476454195666198
5.418249626496705
20.71894432596745
20.667146222937312
12.368886894082722
6.93870007423094
26.678141702986927
13.945431157610296
28.597210703414287
22.768757662142
10.915346425737372
17.21646287566872
3.097207178380564
13.627220222574367
14.74329966672191
9.945360009175884
4.762274475169816
18.90223620362253
10.656389424064065
19.056638513473985
19.025078182658035
23.586875274515332
7.03413241125136
2.1375677318119766
13.193902072877256
9.833563650422253
16.663117541985756
9.35903307179048
28.78385205594815
1.5644841809469694
10.500779605518732
12.728149448264396
11.670431056446557
22.2605591116016
11.183236998829296
29.93153864483936
4.9742873752018895
11.487146360494053
0.3751129472635295
9.498677782117879
7.988746643645683
25.2217597031775
4.800639474961812
28.507127929791658
22.73472232080047
13.42255277854299
10.275228036720927
14.556904207010888
10.246924944167633
11.721466713693877
31.7226463539446
13.919658166172642
22.52837555189495
6.029635543170964
12.901158691546055
22.908315943216774
8.904606366650915
11.493340342728416
25.45348412439506
4.615442530757896
15.350700907765727
13.153974984118848
10.085899881127027
6.998675937401298
12.301943119662672
17.293253778095355
24.57507056140783
20.166493138664457
7.624695017952931
31.865000165963057
21.145982183904977
13.879515057588671
9.56526372816879
14.003401185548132
16.98829453141645
16.802051847133523
27.928263579049634
16.89773036432291
6.306697439536226
20.58672687376804
54.35335318438156
8.833398182853378
10.7396331059464
10.931349214313808
12.70583107110438
22.242850108896157
4.522587496617699
5.703042070630727
7.31221165610597
24.77429926805168
35.5356699958948
26.336831373884266
15.493304558370305
11.746126855995032
10.500748637272366
9.693944655053436
7.572653994055522
16.305111022107724
11.150928400838335
10.028553452065655
6.444260512692779
3.2217592326110323
20.18022217463024
11.004293070013889
21.629370876412207
14.70365387638044
16.161165780867112
2.0266294906272453
4.625115786151049
11.991689033666157
9.061763752913645
12.520904728202325
6.719031586265167
8.5441558476348
5.299206965041455
11.116033325138972
14.383000720842338
15.388638144358497
5.252110203108424
24.464043771380346
12.45207942342802
11.978090101429066
21.809403574737296
17.9790565996478
4.894231196598089
17.671178442042958
13.097539473645302
18.51324477736705
15.290001321488974
20.631338246409538
10.67874390975234
4.8097846817984165
14.538742526401684
8.455837216239969
5.81043317876551
12.325114510759807
1.6747729789353774
11.300892789696189
6.502993450962476
18.993805609764387
16.276333494885154
10.449248968814656
18.01772510686068
16.323765010260754
1.2705460237707331
11.056267528997928
30.660708735362125
11.47983833374819
8.917051507110632
21.943383408741294
22.6482450185928
16.180787545883753
17.51744576564946
4.6154696457214754
6.080502970215983
9.772400557496171
8.38488997856886
11.32644516271536
9.821910046578086
17.223322234740124
4.732171484237677
2.8064923306346845
17.43316287419745
5.927024347765363
13.880061909300972
1.6729511423859365
9.305781109138422
8.09458646525105
5.072714847767105
6.724316335441382
14.174254077997004
6.445783138956714
12.45347320311319
5.775558303318158
12.296666775120428
4.3639380074602885
2.621831487583437
4.11541045171898
12.107432516389917
15.687930249686785
8.759818734714534
5.174419100839239
15.4584887046067
7.769936254610345
8.897811471132668
4.255625371949792
6.722948476144387
3.655175912006859
17.29438073418203
17.645039331547498
9.757600900249782
4.149914856634849
7.332918619127106
6.004963864179401
8.055709500537922
1.823550374931169
17.09874827130738
5.261110543900486
7.852719746030694
2.8350337899557507
10.097520816357479
11.840074070661899
6.366906511153304
15.34030711704026
3.320113206023503
1.1585266629841684
5.414083766881979
17.803570223102504
2.164243903009372
18.07627687646341
14.454709825798533
10.927185890716972
10.74982336621104
6.770382565728512
6.82517571328344
4.542944487644563
7.319913610307574
4.417429632335958
8.533920343611117
14.387672274498682
11.956567845776933
12.23954038817115
3.1539414030459585
5.507908554999314
3.9666162118625765
15.964822703288695
28.63551601488645
18.091911247862363
15.027742039344785
11.026943809270902
6.135869101383649
6.425269275745053
2.133870674941513
7.830769106654186
5.33161423824953
5.958185975743886
4.7513139844681875
8.818794136722213
2.6896038147260133
7.467442020374552
23.16005575843756
6.287848594703977
9.343223120198967
13.574312999951506
12.158167023733366
3.616058567797862
3.136095307081693
6.039473634736506
6.270952717844861
11.892432831712949
2.9758940138889693
11.042474169596677
4.047754527564602
5.151576802577394
7.620768666330598
5.881579247220421
14.767913199555707
8.962257457931484
17.951290341416716
8.989374534578024
9.77499486352315
7.295110943705344
8.718209196465766
14.375032185579322
12.003331959872579
6.991570723459954
10.176576531703457
10.995489851100448
4.928815429992238
3.1108299263796773
8.042047069481972
9.033094730319096
2.1982901614333277
3.4936373754823125
5.971815198547673
5.797192471477468
1.7374819936590327
8.142451560636063
14.809349929633829
5.276362026498582
7.002211712547601
9.124839253421932
10.504299565565871
9.54269937222297
7.855917481070643
2.58452887670008
3.265698844277659
10.638955388402545
2.425045275298305
2.135145225536498
10.741888832685094
8.078515340737644
4.270321872632461
5.544921751633021
8.009464244381304
11.274553106999297
9.138951690357297
10.822481394415828
3.688495732358258
8.98870958679846
2.7299509868058958
9.46030493651199
10.142468234289712
8.13956123517784
4.7072500728631725
10.465263906621725
4.200622113319769
14.848769488624544
4.313614090073341
12.256348122587173
6.587629767584398
1.6267562624736012
2.2826409784909987
9.793493667684412
2.7180960082545034
6.873833225676786
7.7087451882327
10.693142932102855
2.622621383663257
6.190403606702987
11.470842740509504
8.684935665128998
7.7013091279492265
14.505237858075072
14.675500448920547
9.096504476677461
6.647219255887169
2.9554695182834947
6.023850807189961
4.859707927309973
12.578236572477426
4.130771296676764
4.8481359815168705
3.203371475026035
14.085601355800124
11.857946884793847
7.667935588531311
4.467586078172557
0.679674749383223
7.91098325980474
5.204001464518795
8.219779136545341
8.495231176533807
4.28015498987164
13.79456855008914
1.6856983311963913
8.274575774155716
7.169125464100895
9.082327993832154
3.304940693505904
6.34807801627116
5.677523509743278
3.667422267010949
1.4460454656851203
10.946947721412233
5.585171681079817
8.696635833103494
6.957594531084152
2.778212066646275
2.4549116571800482
4.455642915569168
9.394339949054462
7.540228697769904
6.553629825963475
9.585770649536292
4.235228198109979
5.568882960826267
5.427175741906744
5.517275626286707
11.528475318929999
4.243421331402736
5.616031872255888
14.574808181402986
3.870576559422811
2.1010203457598386
8.243624096614331
3.949816281871064
16.857728064857117
5.544935564154372
4.465752066728612
4.959962372948988
8.735915430472112
4.8476960000233085
14.765364724982899
3.4479286464544843
7.902493550560648
3.0613584305397943
3.015002028026482
11.678651890815303
7.407727115362178
10.740662341511968
9.399017307882012
5.31982732295459
2.717610379338342
9.178609629938043
4.330347214780424
3.737302439865213
4.729071161709821
3.8977654441763234
11.295292696824013
5.350829545202597
4.2574018219588075
10.308649916814257
3.325893751440177
4.534233941704931
3.6781600509950287
5.835629639050869
5.625300516347652
10.12841038925582
6.378430055256356
6.9915467924048516
8.479321521017948
3.0702562459623035
7.8852208784747795
10.323417237975596
2.8784718864443892
4.689388526797457
10.256381071022599
7.463843236441025
7.628284831002375
6.093598847893154
9.47881803053961
1.6120272980533956
11.689818515320335
3.151777972127704
7.80072051392967
7.655622765410092
5.727066199520649
12.370360923745249
3.6763056480489062
6.794126216436983
5.332937721522464
1.7261576880267915
1.1410180136945427
6.650543954205901
3.7730888922379866
8.27731765646129
3.538040994298459
2.744819936477026
6.167429474382456
246.22500000000002
6.129226710387144
34.975838791506845
19.41858520231163
40.092991520873646
53.45401423968531
87.33120891850392
85.44173291267583
102.15923235300787
226.0911757017172
381.64044657414354
530.0811327490926
198.6351360753419
45.477477881127456
69.24846620824538
53.762729864972336
164.98345139170758
109.79073994408074
77.2955098247516
108.69102130986143
177.5811215015366
262.89926023150434
188.501488124316
233.21553230868815
115.7992376861955
103.14482137600265
180.12773433034496
205.68399723981372
124.6153736012446
36.878795960294646
196.93769340233607
182.65318462731756
222.3381222048918
312.39080930154745
68.32579594838981
149.30076476956603
283.59017821660717
155.32371188100447
173.57247801227797
208.69064668573756
15.60900014228076
143.180881950065
163.72462096500874
162.975665416097
72.42470835635768
31.478547132519214
301.5623693523566
98.25352240188717
75.89546237371088
170.58196688839115
152.993467027437
346.38598370584646
255.21640700079894
150.46405935774823
101.14079371555789
236.85774548990278
43.58240265718991
444.31305318517394
196.32741010643096
157.30203323552294
212.15909458082132
47.40958932771817
221.16333341095591
241.2127162879721
198.78905105240517
393.4339648967978
26.744494688864346
236.76006708917092
14.675270365379506
106.58660634177232
93.54187886851506
38.79057298943104
69.35974153582042
77.04261203567376
191.82105047337436
39.91045662207825
166.01594526393816
33.47352432047535
145.68411344506825
163.9353726652436
70.7946744245179
211.80305934609862
110.04600928235607
163.8755875102133
191.546719805461
98.77972282931275
90.0929985305158
96.66241159895593
77.2799627609206
136.87130234929998
276.24850146981447
88.44060351606917
207.5764606803222
53.428428762759076
194.33348200522818
360.33578206214116
212.10921568830096
116.18291541981793
68.97149048560891
129.47597781150247
230.66145799225
44.27623744402165
19.876783966435518
78.67306995875914
52.22570150452849
83.1018039180986
93.81581328676994
19.79260075985027
185.26892622257512
111.4392259832729
105.82574752068275
132.90353316231275
68.82570330414973
91.58995164175477
34.40827071237493
22.723376443131283
30.734391479791235
59.78511563587237
33.19631580794649
117.94125652580807
41.77378321313645
16.91683592066154
101.25078602754338
156.77281846687004
33.755919045628154
41.77232333385742
103.12620667255558
67.49182730674511
141.01839131007972
29.39041373763122
37.95670968570623
63.73396763820281
119.30679286918054
79.80861550301195
14.151481090842477
69.79914672772462
73.16364273819063
77.18717829141006
21.899993843755095
124.43364405738674
52.78033646172501
63.694231533933554
30.538716391592622
33.76917702311097
54.78652963357335
38.66999242750213
85.81745050123966
81.17616158593664
50.52252700800178
78.37078533273873
63.18953377193727
3.2430902129739607
44.923926416940645
37.28547622604799
39.824183745499845
79.97065472707848
30.54399927615319
48.91336189765872
56.60271990784768
46.68266615773458
24.683506348746977
5.72002637494171
37.449425838921485
41.196413072651346
41.812890056942734
56.71221930363971
21.78098583343858
34.19049002871328
16.53202337732937
32.45972266451875
14.650877745479736
14.173395475571297
28.16697158446935
26.285140609387113
68.68856179189095
51.55815766295569
27.027433877638643
51.84479109916276
5.20675160021428
15.805148976619806
31.28383359559546
4.550304569140427
36.7388018637866
42.75136578534466
74.81029843074091
21.858166643376027
32.61650210581697
11.873710802164558
34.8818006184853
41.66665184569666
41.42164105884264
28.98238459794896
17.604797365234393
28.96530696123989
26.76711813124009
54.27509620803193
30.238615660441035
20.35722925046395
86.16026175010745
50.671470446434455
97.86683410544717
20.221304184897445
36.68081280529931
24.624946482330582
13.58870836156448
14.183707120506433
19.825097519585242
20.5648832426992
36.16627064926062
59.886517399031135
31.293246099572777
15.400916751749888
15.351357241295299
30.080524199027916
24.252336971587372
65.76687916709767
23.909248918852164
34.45774120179394
28.97697529269816
21.64560146695744
38.484837534880896
34.06917142265581
19.796183748261
2.473010965923318
35.93089566040617
41.48902996811851
44.88366026457087
11.652577747463278
47.5260526477934
24.438268065019884
21.619823709873746
27.378239726501747
18.546777383124226
47.82664199199803
6.71978410902719
33.89012729834222
14.845101192918312
16.061731763659655
33.7227489550319
33.330488516411236
51.22394118941212
23.966439020456388
28.44362918747648
15.696612315409217
47.72415581727784
30.157281404444003
24.586827818570203
27.01523838622622
52.41558178535275
51.39028485724899
41.551182827979794
37.70491485067581
23.042290584526796
46.044049639228994
13.545504632212689
27.182883176112686
13.917050967568269
22.200755510398647
16.54763833402633
18.97352191896335
18.714235718811953
24.215593364923627
7.32806838612329
38.82610224049393
20.96043074784014
34.42806134473054
11.736181313336383
16.623950584465938
5.715148379098434
24.508464490946235
17.52503352055975
33.20217373677403
28.505435365227644
16.577622794493116
30.052953342415584
23.496542585035574
11.813599557431024
21.68219901563062
18.013171763049492
18.75553065654474
33.82790374220249
24.935265179208603
10.152371436270116
16.378370368283058
5.950404726400189
22.061049784567782
13.560085811774218
25.80179178155882
15.2459884566084
36.112805347794776
31.1935017589823
34.525043882766596
18.45282483025357
29.187661764068498
19.61178464075163
14.016584067494026
13.126205555784775
28.551324601893498
31.1708060516861
18.21145751206666
15.001545630126452
19.919474746320702
37.870494162914795
21.312669722530195
48.28852645912188
33.670763970755445
32.00368556959086
18.14319529827797
40.14381050567715
14.60746258970989
5.244778077124417
20.575391843761707
39.305230962456825
41.199845018705886
7.199218103098336
26.952058515681752
8.815387400388948
23.348758610758267
9.517653341910055
33.348862788830566
39.93112004054632
27.380351281144264
29.158030227136408
19.389825953935254
27.729857511932355
20.131696882761357
40.95304409122105
45.27229330428483
53.614025388250326
9.326370634245343
21.015270663457624
38.708928353413
19.772235207033894
19.569098373622314
25.754429952519494
4.133890173096135
41.594231522428586
43.33087470233351
44.14288250852454
34.15856958338721
17.050990032467197
24.275762871730812
29.426756091868675
38.17572641885867
30.173835945158096
35.28755715056428
15.923218681761321
19.106075748232563
23.402931123794634
15.914582600337328
26.152876314185296
14.960310031919555
6.891297991717961
8.369527975005273
25.818045435564784
16.186069203450383
9.42005803479081
31.95910746806457
10.494379115400369
33.5239688542666
12.98939173865696
11.481912544060505
12.241814120441004
13.030366855563047
19.653754321657956
44.39662065787416
22.575288798757082
35.09789468914668
33.239586576383815
20.430349790740795
20.917831630057417
12.534218225219337
12.679827487940631
10.584813362974296
44.26656276911457
27.59950893028368
7.687891794353127
19.317098168066646
10.51586415885529
36.0702413853649
25.559287805577775
38.09922635926547
19.40478658909586
17.791043712371795
25.159224209401273
16.28437844638858
6.567337567059054
8.931140330594891
8.961648423376802
9.212606072945766
25.405834578222613
27.074646996515874
34.52562043396414
8.462620692365533
52.64397825946874
18.49061706380934
44.50033952618618
13.788716556064005
12.485169543293317
29.034115312544404
29.449066068797737
7.076083626696078
30.93349983817338
18.27224513681716
10.812178815706122
12.76152528201239
25.017196030144504
38.3950279991405
15.585474193530017
6.080758751761686
19.778057556869253
33.08407882468069
13.041557583008704
31.913908427728376
16.44071504488201
20.17761769541508
14.224770006266823
23.93198753590265
14.223141658069734
16.989845460823577
32.36443964198315
36.41419401366189
21.256084727309887
7.582681341853889
5.318480230957536
32.84116197071774
16.56441959579252
26.18708464636876
16.672619779635273
15.82878844656875
26.42533925118164
12.652694083348223
17.97117261904855
27.385888150560763
6.833015612238424
11.465743079510796
15.474523593142415
27.283404698490045
10.267490800593212
7.281914829976004
12.056969458740209
28.19874540176175
27.78752368591031
16.24030601253022
28.177623841467728
20.709627516434917
24.118563395451527
4.686642891950865
19.42229654120504
24.343429521109528
27.90553606748359
7.7750698953644
17.78722149673295
17.515711048641986
20.379406829482946
31.689645326895704
12.745952590533511
7.366582347982304
2.0643303477245447
25.722032463984572
5.277023844163577
16.87800990026305
12.461109850784574
23.602594187111844
11.582122038952487
28.289646163683635
6.37266035576925
28.730726467073225
17.80924639519623
19.41555986002135
15.861477622122443
23.088919285375123
3.393237813454499
21.571818526182923
13.563241975127813
13.92578096598937
4.275866561428788
34.363128620937395
18.226125308653288
24.659397286886907
8.49915559243086
17.331464463427775
5.151031419040506
16.84939492793177
12.045597727910355
9.328842633082928
12.513464059786203
22.85554715615666
17.299408872816116
6.304342257082894
24.90444995137639
20.523729857875306
26.317845622388266
15.542751356717838
6.30125451395766
4.9329842914088315
14.946299904495884
5.500711343738142
10.994968198713186
12.283191044111765
9.36920581921797
29.467890475283077
6.590211006390375
21.70319020702505
26.48766705514212
8.47199066525191
15.495128240217797
5.200703775657917
7.223322239783413
10.41769923240302
15.114364229235704
12.010484420558848
12.942051497873189
7.894690357900772
26.481078404649104
19.704744138349653
5.490837908607974
10.961032851018759
10.620509985497174
0.7632866226717754
18.558369553442176
9.707643311623599
8.778801845907383
15.114293839531365
16.77291032550516
20.22676220738576
9.545675179449338
20.13678504567807
19.41814839491227
18.516920069574805
7.860347571200137
11.863151943972383
10.173592811230861
14.921596504337787
12.175606308778733
26.471723719650615
25.695496813830655
18.45395340024821
18.466630036353063
11.83060299706741
15.44156411246543
20.51624732915554
15.896930038912148
5.95609708116442
13.07882746221576
13.708816335861453
27.096276322941588
10.37904407479249
11.880668465420824
22.788074038560815
10.069699092267843
7.026708458758647
19.439972537525087
9.994122901853851
16.152915616564016
9.500856805031567
14.911884643721685
12.712333645266808
26.02328091479869
10.58436070807908
5.73333569736017
15.181772935299172
25.37968727983684
17.57237392205312
14.141670188555402
18.694132948303075
5.872199880843774
7.4276361673480435
16.344205082674748
8.882588022378807
17.697114651555193
13.85653679100928
14.406494569999877
35.172505360980246
0.452423751614347
7.426697696502009
19.580372933339024
26.08691433582601
1.7298695939666942
7.144190691744474
3.860058015491221
4.294183005283601
12.760850211186034
8.932017901339503
8.49472343898207
20.876122269520152
19.095794486633125
23.459344435471134
13.319547791415694
18.477972094141276
25.293234434082017
15.302715649923304
24.34099524074114
18.948905218675666
5.144164330738588
21.97837902091155
5.624476158028861
16.02359475701263
13.10731738168854
17.48592401243868
20.24410993619785
11.024369594497582
25.451955592908348
21.241968772173337
13.922024477640731
15.605807116901124
9.972462064537469
10.450692621284228
9.183741696592632
7.8395478059696515
5.5818553769438894
29.86666728162551
15.214157311087451
11.361331487410022
10.169434563748773
27.56066953142392
13.819997585508656
16.192259119652466
24.3798299604135
9.838073052367662
6.683737301325491
16.59497650727368
8.808853437945352
3.6230151918667475
11.694984913423829
17.02026561147315
9.611116870794005
25.927256044306432
9.081221871696815
11.75968938630668
7.9976640031270065
7.411989312129166
15.751739527402014
23.491635333275564
9.639530552856375
9.925573793357188
5.339717854206265
7.936504637396416
8.210755842949483
16.7474702405026
7.354527362018204
20.715266685840067
14.820270228842812
13.780603118491367
21.74284844742703
8.499628124508195
12.520992825039436
4.622034798695318
22.01762975788254
2.8818398692279588
18.675783986133375
9.13894099289882
17.40018972708714
6.575813913917564
13.599652166571824
21.152463685637322
13.864983950651569
13.62469034665456
9.434917384451442
9.093789437221421
5.56633219464078
11.90102656504722
7.35250080515499
18.504123797399004
9.933020301863705
9.657872390220861
10.317402587788704
16.62443871958032
15.447497569137848
1.0757148112743564
8.230102346615684
15.615827733278778
4.554398181926802
13.383882311734009
2.444297399048494
9.756741745019065
8.739018536137788
8.236199643828897
6.90790018543863
7.014957685699371
18.871256823995473
9.242540002182809
8.52186247213336
10.262251970458845
17.990510362194506
9.099383216383794
7.924030340923471
18.924916175701398
6.8230345438079505
6.3068431512805105
3.639339711985352
1.226046086435318
9.209795648516753
10.759069094688343
23.357290672739637
2.3109607074206666
9.318628763047581
13.738839840162903
17.198026087763452
9.671900388063191
20.534399078601716
13.747801983800656
4.404829220303015
9.77901239031266
3.8342570442516397
7.627215317869032
5.756598103270984
9.076514218417792
16.749015886436926
8.94620889666436
4.266563613964862
7.763350649040975
6.778694709062466
10.704713915933846
4.035500412418034
12.783961089324198
6.212393024862754
4.120390601279552
4.551465040281064
9.508800937626717
6.743472162559246
7.975896864766939
6.803145081952653
12.59219793152121
7.929530454047883
11.141367390131657
12.39452281513859
10.5473413365361
9.848662503609033
7.657604078821015
11.859618314053028
11.915026285252937
4.749454707221821
2.8280843763425647
7.992849595335178
4.806115169085633
9.440328465747243
6.8270220265164125
2.4660232717216863
0.3896365816970694
5.162658133939806
16.719480792763427
13.946374094930043
10.956977570385112
6.644201844848347
4.6961909826832775
14.793843501430791
3.3185822464433206
6.061217684988355
9.48201262062721
5.709345641486796
3.4087528340848308
13.572656877244409
1.7378674489629962
6.478463784720022
8.008021483164258
10.725719288374075
9.01041072350616
4.89759588222759
7.492612498669366
8.458744324078108
10.808669003490746
12.550476066818657
5.9944597914280235
6.503245485138078
3.5350749956803176
2.273118021826882
9.515864850023402
10.619772296465229
13.589780114860462
10.738732007645218
20.76644593697429
5.048764836276364
9.910019073440791
5.924197005122074
10.78563079529251
6.852308309706422
4.6887848750350845
6.650513848048841
13.514038809945347
5.082358504365537
19.01431519711553
7.654926506968168
11.083607708081937
8.084405440761035
6.181509417925095
4.108495526185618
4.617834005004274
3.476867117030151
11.6209058482776
7.9223315589816705
2.124471114952092
7.144684944756605
7.8031474755377035
7.747827577630687
10.598962708511074
10.57310028866436
0.9970902485218579
8.52167306808821
10.568623297833991
9.280306347462416
2.171107042334684
11.615080399093289
7.65083383059225
10.4882803223178
10.589066772355793
17.849327447861334
5.184940015610803
3.73549171263929
9.952303005914455
8.375531945631748
5.7440568871166215
10.89586768811302
1.8384808865259041
3.1393197405883155
3.486405672425952
8.111514344570292
5.895589202502681
13.663266491869994
1.0276407899206195
3.6791338642298648
10.984452608518755
4.355749232209664
9.210007609196312
2.1055208463697337
15.376840095991835
3.833546268604193
8.921941864691716
6.7648733830054075
11.855384990270629
11.368400784666603
7.567956572931233
2.804812466560307
7.517998896351175
0.7130617599291874
5.331297229703234
15.187806432980517
8.233309507279547
6.506756259551712
5.936944050596396
15.069015225069231
7.294404243318227
5.376513378423183
6.363132431607247
1.463191708231917
7.594407510231552
10.315442855576585
18.493242083466406
7.755288094620408
11.821059214132806
6.65655900709879
10.06914461022864
9.778971839017323
6.266002450560739
5.8814351621228385
1.3271173028915888
11.501816256651793
15.264713349193272
1.8541800988451533
1.5854314623031251
11.731836365337697
2.7172440248995633
2.7118903681465554
4.741733384003318
15.20988288712
5.931195328529196
9.280553459395357
5.307113106133527
12.702429528283885
7.013347582684529
1.4043022066481878
11.125937314670429
3.789002419727521
2.929324217947819
11.69714841370483
1.1252706893363187
7.705493136655641
8.304862509338982
11.729435708591378
1.8885433004485643
3.4792995009983447
4.169303642221151
4.429956101620427
1.558210331095277
5.086662803969427
12.526148073543572
6.881296608543834
2.1708524277484065
4.683766063430311
0.17533089905531485
5.890124901346785
3.3904258880303617
10.569504362397328
5.8765385263686305
15.226457315923545
6.344291785836715
8.491113538844335
11.212415457070636
5.513420681709094
10.378754318480592
12.706165031903035
7.709427066504072
13.159668458642447
11.36399472426572
6.442272633432889
11.349946442507898
5.355446422668805
4.214383724590836
12.081570899889226
10.703038042552054
13.671839289929919
8.401256644761338
10.400737441237604
11.072819067445069
2.2475632609173837
8.52663937458062
9.85251450198782
8.344650427973988
9.670892038688285
3.1790542389483405
5.292820266154084
6.500638398154489
2.1800979009619166
4.80071404307298
1.06395341489799
4.348579004338304
8.080914498514925
1.3838567094335932
3.9197536310147503
3.8384820410503617
2.4774025957882064
14.420378569274787
4.3830450251993955
5.814949248849761
8.291234390092969
4.804377129248334
7.414675410741016
11.648397879344145
9.15468941748894
5.340898022947816
4.867161981352802
5.705979891626309
3.5869471129734416
13.772653627969529
1.8734575313784536
17.011935742751046
7.271415272127127
7.6508218326145085
1.3398443552667356
7.247781114362008
8.389354235544662
6.492743135290445
4.66616206024065
3.447466745321707
2.2412465135918738
7.933368013766268
12.881985809132276
4.985723196283114
3.389972765410689
10.907015525092987
0.8766789955893437
11.460716075263303
7.990060065261828
1.1806282260052254
9.465189322928504
1.0720547703997425
15.66947951064817
10.434427475324377
3.1460439099354716
2.6739690214534684
5.133136731153902
4.7277375486982205
4.04172870229281
3.3577326966116074
13.050936437997866
5.901644942108568
3.9703764932928816
8.106078075362591
8.87510591256453
7.394661697143784
5.516614122393363
3.914832162095229
7.052250042128518
8.052062811328176
4.153676018045391
2.6903723479542605
14.767669792028324
9.529231721546937
1.3745974744162959
8.533951008416583
7.594591117450601
9.553360828546474
5.958751027553396
5.373514184598908
1.5195116967789244
1.4461552809893443
14.696397628758227
7.612587720108353
4.109449523382542
10.719333401956453
