73.83600000000001
21.05500972412672
32.82981450541156
33.88484048933691
68.78473148202517
19.62811892866786
65.84576721537461
163.37963135952882
313.0586990824485
71.09689518088089
175.9254871908272
33.02894138233795
100.21134969630744
74.71256134870355
8.949246098897792
71.28626086280359
130.3664377541714
136.529273293034
173.55745413856107
31.962644583596532
131.1525761906378
96.31344854236545
111.72667529842992
101.03060035500506
73.69370554133502
269.4424970173052
336.13702793664993
37.17265961124639
195.27266576368007
196.45726885931632
304.96362475644065
61.18357968925761
74.68968226653678
39.28675276723286
149.40333316428766
92.84501157491509
320.2648972421317
297.6403526668397
178.30200973300288
123.47397310056327
201.01781618243632
146.74471786757346
282.5126309189641
157.71062097575646
216.4213342983759
48.90094639615557
202.5364994800279
179.4668386686914
195.07232302465644
79.79251391090041
315.02554326377134
158.8419242328951
213.0460377687289
200.9797982091108
203.17122395727193
308.39502314040664
55.20970839815768
272.22881191833613
105.81998074384755
107.0575584478376
130.50355493979507
42.96287544108463
25.253361083143723
86.15109938505816
63.43275125885597
128.88348869975613
12.199091264455761
156.99075035508076
76.24095140261058
133.34762127330004
124.234766519031
147.27176234609806
177.2814231372761
133.92507098839639
199.14510784916934
98.67349539140024
129.53856338265325
46.06121968648742
234.35396914441537
161.57994185768584
96.3795596401671
108.4762316625783
119.28231023894041
105.5907581232863
156.85005998349584
119.60262381301354
152.51420088530395
114.92500680284999
141.11811489782949
108.04309508738774
130.13644110402828
139.72247166310567
86.76574481513518
92.3622348292026
84.59795076203878
9.102640147288264
75.0636071602665
64.35892411510864
30.59579014975097
96.24577024058007
184.8362455120383
97.43302367657212
132.42897640095308
95.36651985527251
36.82574875395072
48.16170723678578
104.37279666528757
65.58223141629117
84.78648336020984
24.162035461822516
123.29830978496993
93.31535063932853
14.54892612464424
62.86185417658544
143.87224175715818
76.6411190818292
33.6839060670749
54.624384127752364
66.93533649120032
58.242200087155666
27.9846159736639
48.33162545882824
38.65181022166652
26.18327302841816
43.916259835285196
25.349149194375215
47.88566364343793
41.45805657771503
49.066867301088784
61.04541070342765
30.72077176095775
30.366463634527733
51.7333716226831
56.67127669845192
33.597673312579616
17.05808790045004
18.29557645735599
24.410070911960815
6.360509365143092
28.17866554001387
6.476113586247095
44.36491190142406
25.427470405414955
20.787833718713248
17.843497957484086
13.812260449524521
22.482173976171826
48.13853924028753
36.84285610762185
13.049743385648513
18.8478196484018
14.137768229829001
18.615507088048744
11.939217927403105
10.190813913274162
9.433922000434038
23.203980597299097
17.067486994674095
20.57483198023197
27.643901648379977
40.547031691121276
14.510109794502585
20.65872612288571
17.20018993837693
25.835266713112624
15.834530525321716
22.902711805500452
55.451640302531004
69.48603913244747
7.292529797326501
12.891933999292238
28.69685819425347
42.91744046683188
12.367784450681544
38.08072984428091
16.312094496298137
31.56045189422021
48.92880216516342
32.49948175128854
5.58635588103124
18.873256296569455
19.15004533268151
27.176482713914286
17.275894051408258
21.69938522729904
28.097317543897415
23.956795104072317
26.63226221782354
46.69433729509706
41.051615618454214
33.547934131166066
7.504537821988104
40.234308382027216
30.72078887017792
12.549192404803275
21.969058373055127
36.260650362825004
31.700068023759496
44.28489579441558
29.38611466387703
40.388925120278074
28.267921739009267
34.03398286393656
14.647648519630467
2.9167963772221537
11.504288432800676
15.615278034786307
24.79244935339915
12.906893827034466
14.650352719070748
27.22761140040315
20.876708975882917
16.912371593015077
15.729147109979206
8.465397416885095
28.018060185301614
25.679706909927635
5.575620601449541
3.021438934454013
29.288952508438935
41.18976431353548
26.66206688748869
24.326416546902543
4.8889022950688075
38.261770086180476
37.44807552888428
22.174395164987487
18.684948366873844
27.756247296661318
15.947952600594164
30.09958820227621
46.634948715151936
20.74788709050284
19.75855419878153
15.202551418379214
13.965481440983272
18.065439040947766
43.657922544098916
48.909885188580674
18.01828579269983
17.01959807372032
31.66800584635232
34.65808398192123
1.7174656924666811
3.29899657577879
4.701387658751237
16.976771306744638
30.66453166325817
25.525010616607624
34.34593878702338
43.78418176440243
23.901051729127396
17.08467101602963
43.33453818604144
29.564047406083404
21.46134012846967
22.568588451175113
24.14830464461125
35.452387072115805
17.1256313459358
12.84111964910459
7.34987434438877
37.70700509513641
32.964647912308244
30.741630037543512
35.25300482479291
8.808229152689119
15.122184319661526
36.48400282573053
11.775411498121638
8.579610206244867
11.426089492462188
13.218370264925106
13.932382219979168
16.911050317828856
5.4038495128703214
13.978833022478511
13.969395979318751
13.837660579102392
21.60202971654633
31.781300818331264
29.57262084703322
15.823216748461562
11.770237188477678
31.618896299023113
24.076317685467508
9.235514824156752
6.001311292244963
28.343022537855344
5.920274883288203
17.877025091452275
9.503483224020801
10.836923019893684
15.394311565682228
23.811548621984706
16.65595591041798
5.564892633267064
22.20819964656441
29.53777489173485
6.922297728517977
7.0732718043278595
20.14142671916682
12.558544168330249
6.32615341475619
12.962766370949723
11.511626585658398
4.198679638227117
20.529461507295558
13.325971210404854
17.229085620367954
24.42548520653624
7.606412812643882
5.775455882265372
31.627414077442584
17.42889486587091
24.953458953371136
6.767735205932687
28.198015546004388
22.760778903702104
16.55443202388654
31.682886174352333
20.664915568433646
16.965114394757563
17.121590373459778
16.221187770775828
4.788972535702452
16.189086345972456
5.382243006121702
20.978898926712567
29.38900745644182
1.177935309453177
16.11300334091855
8.284214718510032
7.11639173776194
26.10464021789073
30.318138576908822
27.994121565233765
31.475692490045393
8.921450627139043
4.413779233415089
17.889270136865633
16.116985060730585
22.068440261912805
19.740228053948808
22.703042029036634
16.845389255185115
9.12509617362515
5.976379112120274
9.102282166944303
15.599638574871552
27.658355098073013
3.6757998541119417
17.240751991983775
7.566665342363783
3.829542657437429
9.481577386831827
19.60441589415991
14.24227318001663
18.60034783379311
5.971079477147941
13.643349528672282
11.851932822806821
18.86378948690384
22.041854423992362
6.560539422904588
16.726020483655688
13.28259857773003
9.97877907676499
25.407642452761383
21.628832208826005
2.1111968995095713
6.304618025780705
10.345975067741609
14.49797055430631
22.208049108659758
11.364593688985451
9.79911435736369
13.904622634431329
8.812961507395212
11.722640094385616
8.41716136273602
3.7019925383984646
7.6424531687194435
14.35085078392598
7.911308570466069
9.999859491837764
14.09287030745722
16.638911748255346
6.080834769725439
11.970320969139882
21.401802518767816
17.261578018507752
2.0892856259681407
8.003912421043847
7.10409144385281
10.915039707998258
10.389255171448864
12.154827148988375
13.882467570305419
18.91382263799906
21.134605103968738
19.929058473294127
20.266397548617036
16.264666778651264
15.093148182078451
3.743096369905742
7.21419915335686
3.2811498955265423
10.142154683474246
14.309024152887185
8.647874675136244
4.417847665278106
14.157797493115051
17.70964362260274
9.660188404728935
9.572296081248604
19.725574745159758
10.435297344638338
2.760594810504645
16.038015795330608
23.521043179130356
3.7433590804901344
18.434513371277184
13.500012820378258
7.451295769833925
6.87345816894412
9.68419841250983
12.296252096738952
16.279534683935523
4.328639013752495
23.27232971011702
6.676768666113285
17.994849785774015
16.700472507183846
3.33031857265783
10.967834499073927
9.87561105790204
7.63862174808371
10.809843348795258
7.981404173964804
10.82048625701042
26.150010418203035
10.000684394435758
17.43638719468125
29.197626683910226
13.237619532106649
14.219241311951288
10.410027483718638
2.9930292353069285
3.3334067245352146
4.888023680875414
12.037675491421965
13.678621943896387
21.047821414379037
12.142496925176605
5.3578299404705065
17.573907341177776
13.128993709859788
11.917015289020334
1.1198619218294958
17.06563749849101
13.527587281695718
5.2997181850007875
5.8735092860428795
15.402301826297997
20.707454642593028
5.991650843476184
8.912670949611188
8.771008943402201
10.284453824066178
21.200031448253192
10.76169332118737
8.700749210099238
9.034757922227593
8.456909007492568
11.46024212319672
18.173761614665715
5.186541126187354
15.751267287402777
11.946065558965259
8.54219818925759
20.2920448362886
9.212444439715075
6.165766062427149
7.645318189049847
5.837602714646875
8.661505402808414
5.923336859489063
16.790194086306112
4.895263160179343
3.724507520784946
3.309148734313935
6.909161252157927
4.060478086780523
14.034284357331398
17.505302863592384
11.983202071425177
4.735841334417162
6.523553266456483
5.47007270643903
17.07191533633307
9.168199815726627
11.36231821888963
8.064015976742006
10.74880556245422
4.144258014299196
3.6977558469558707
8.822304584395619
7.3420590925184746
7.753231214824067
10.840314564238216
9.612949024348493
11.289409366393798
15.36000162405313
17.38482390832851
13.22521285077484
7.438504679926947
10.719289350434872
20.585910895769768
13.11650522632037
1.6243036242852527
11.174348133513966
8.258052988404511
8.183474518193938
5.539805171129985
17.13241806278737
2.2229888912230713
16.367602382464543
15.248621720201635
3.53815197946998
8.464501932896876
5.716751135864126
7.842060531460009
6.497911763019966
12.43688467554754
3.8371820904429574
16.402389450261918
8.455274666694594
13.812491544664734
1.3291752845424165
6.478842866156581
11.21545818892858
6.158412672451669
9.440729669623252
5.7399345923881935
5.365108810191486
7.794083021755903
12.408654981717651
5.060565999899962
3.2384582786989777
8.974074229101282
9.102234802298698
4.690783388120581
9.124116935626327
2.7192960070673973
7.9580659370663955
14.574426704034567
4.531529277994781
10.16168838234997
17.191928792656817
9.578072687813096
5.7886532954021535
6.733568071045859
12.26199944739342
2.818419304913827
6.541710725797911
8.710185537689204
2.7659046799958906
12.802538682386286
7.483781196544182
4.174947473585269
13.396035800769788
8.480052355044128
14.347881020241376
11.440877485729828
16.858119766312566
13.574257799478259
4.760606740983124
12.809998068880665
5.977253269915892
4.254799844197859
0.6224542607037636
14.353900692662936
11.283876535162097
5.236608084374453
8.583120555286754
5.495799739835494
10.589750147160897
6.523498195191587
9.331951789292164
20.220881856890973
14.03289173746211
13.245222881698789
7.294107040839434
13.536111147482545
5.387098846910566
10.126679942484394
0.45822745018012107
4.2943689610102425
7.328905903727932
13.651924172675576
3.333785859425037
7.611702383136627
2.128370961265733
1.1591273365151724
17.25280149997554
21.820130387634805
11.817955603047585
10.502308158549177
7.455622997122132
9.009919729718934
10.017466007892494
11.351101029418045
10.485770630436123
19.524703370823104
9.089335393109385
4.0730533161622
9.65058894096916
7.736488994659014
14.8954824454537
19.976632167994598
9.118193413876131
12.078293150928653
10.405094849609645
11.732974971951084
8.784722549326668
1.8223993976424688
8.02642608669402
7.948066495468392
8.38966460286119
2.9385131837583285
6.497549951135387
14.490464946485798
10.096896002222994
12.56231533476588
13.91630099850436
10.89931242244421
4.800639736756176
12.143921655427787
16.788264946010063
11.447685618513052
6.037038811113571
2.7454551317207705
21.72808976339101
8.579407034242472
1.8653837185800313
10.281965286633357
7.207182603401093
6.779880589412245
4.2214769734660225
5.841313951609835
5.357591792714546
11.060817498450458
8.595861496823321
15.189777622144364
6.930535751198154
11.733561435729463
14.350172343535572
18.933172737012256
4.032245632518205
5.527049069417751
6.295929384485858
14.151769147424181
10.861166290432509
13.078834611449988
2.411749344610927
4.872956553865805
3.8152391323425183
5.150326239597066
6.160643962382906
4.031032365562432
3.3271838865412593
14.646275150920326
14.33455017316511
2.8781298303294567
7.248359354997955
13.450498975425745
10.185421542729717
6.5704592451217225
10.697617413498103
3.0276942966729745
2.792700818227439
1.540004336556429
5.856431029109903
5.006781843082797
2.162940925544196
10.56058252600604
6.93720095837703
6.567251986819755
11.870216385165005
14.396391440711833
15.04595640229796
15.869387817363775
3.509271586875439
2.1454307315041903
10.686538209057359
1.8745561739585503
7.4312963181758915
0.9722422278538009
9.876688013749966
16.912951769673107
6.549474706229653
6.569962729923856
5.6207321623128355
11.215035000886491
9.424870364366086
8.64173380510566
6.086828169157141
4.659338251237644
3.8878012490223988
6.245235149131947
4.284915537823319
14.282009646892956
13.76951175748563
6.553473479364231
2.810737510060389
4.510011372330759
6.032724544896704
4.182585564327251
6.497039963208955
3.351103891234055
4.5771285686120065
7.6837041737926395
2.186681186459477
7.088421622712161
3.7732911511257567
6.4570293929053655
14.036524964111548
8.881748994375341
2.93452881165084
3.7841360155763417
6.960221651264356
3.6409269440185486
4.353048101630928
6.793727877666737
5.226038122127031
9.175830496795033
5.135344481612907
4.071912422573875
6.931261845910401
9.680090599342364
14.415875907336751
7.344306177771376
3.7250518042241554
5.077409218942032
13.284511816856547
4.697222463963079
1.9264255945797075
2.640085868132833
4.6394536078804
6.989798689425968
5.298307536865127
7.375233485697613
11.877475065939132
12.22343653009951
10.17814277291775
13.915159634927592
7.962426069430184
3.47363211507382
6.5219395938229985
1.614455695638617
6.586681045423127
8.416021803204002
13.54146491687109
7.749693734262931
11.069967219339725
4.9634633508443375
5.497327824896937
12.27527139742759
8.673001344893294
7.987224223512611
6.742091272263414
8.898358577126015
6.221245276930797
4.803824187571504
2.140466399240477
1.572405135001657
2.751914344228873
4.171056964033744
7.174106770212132
4.946092916346904
3.434271671669465
2.312184894702251
1.3408096177970792
1.6372085476697444
4.541357271555865
2.212418953527712
7.136711940828021
6.644346578013451
6.090828087628264
4.744092208359046
7.073572291409768
3.313957756558782
8.224075161320668
4.0556066253699
15.898367936328164
10.849187132521731
3.3376925580125714
3.1021821728815677
3.054187780743968
20.72179443775404
10.797783887537967
11.422500690325696
6.215622701380864
1.0049744346740246
2.0520026325177207
3.3541151048361404
3.6417945508171536
8.067746482124894
5.966405640069025
3.437835884909413
7.172746994420147
4.388953242351731
2.2017180116567805
1.735304493074783
3.1268592633490746
1.9327645291685325
4.630860123387825
3.8114578676635595
6.947228274925438
5.109935136880542
6.152499999501261
5.018386340679924
4.790930997631896
6.090824820458223
4.894793548330948
7.883193608656864
9.56056593343002
1.717336619094513
5.5449024457583285
1.0187933133883538
1.8146856549695751
4.027446160574169
5.839036643348673
7.2799898008988775
5.049673770346895
5.847622451037107
0.9140977562678609
2.9580482141849926
2.147902131759973
3.2845238223635307
5.383230548073064
3.71079459626338
8.222709551309778
2.2266070678133167
9.913143983013514
5.1373050031093515
3.147494947580925
1.2216986228810163
2.1284676136972953
6.340873207961426
1.8925087599008383
4.253013728096589
3.0189229665792903
4.615504295136022
5.4326776156609835
4.969348912970046
0.8054151432042443
5.506808656458088
6.395456354170507
2.4001460177649347
4.554789279520729
7.4234808176863805
2.3542796739631817
7.862458127773786
5.938470033099112
5.264328073024756
3.847549216986135
11.378564487634065
7.978339167850798
6.2249837161306925
11.383609245936816
2.9863545033533887
2.5805443664083993
2.837992535471795
4.291349715855176
5.622973738606832
0.7456382615794814
0.7371214864841524
3.794794059597801
4.756459761573612
5.628604501197183
1.4193183086755448
2.488273922319812
5.688322308455342
5.956461341728256
4.705403040789038
6.86656741793965
3.791033692225294
3.809610061708787
4.1471094420822
2.261485658206121
10.003886372968516
12.890010050920443
7.086909644587331
3.605253208313664
9.09912892039256
13.120936197775892
10.454195368718198
8.279810415612044
10.806699911867884
1.9176665032426945
6.284764637549435
8.521765709131671
2.0005024830479567
5.353299909825461
2.3544937929242886
0.42236077055438753
7.016072040569264
4.353789840912909
7.329382139858586
7.210166265978001
3.1650716597692328
6.09268135570156
6.2535500181932635
4.217595182755384
6.146422054087906
4.909249652868075
2.7330443503566486
0.8230576604278916
2.1041225191731443
3.006492669174912
2.5369639701438405
6.513765982435701
9.156315608104327
4.727761317002878
4.358653536348006
4.277812066558673
5.135269453180309
3.896068169326785
3.9550597037962905
2.611959154032263
3.2689524984026983
1.820848452569341
4.8939474179322575
1.8053347480994613
6.413777667911241
5.7269700780304085
2.8058920905335425
6.472771607429894
7.396557144415238
2.56392371271285
5.070427233876523
5.7184086304605595
1.7999763552143468
2.291840926716398
5.141470837935556
3.966658090377272
1.172041285781908
5.993823199420789
9.685575355738752
6.793610604839687
5.094754903486026
3.869316217865909
5.309014339350406
1.5033858654813397
4.703910396287729
5.572198133171789
6.916826357340501
5.464073274307987
5.644354818497579
2.8168083453853394
1.5068130954605266
3.8939190446574727
5.116957550146497
2.970634595859271
2.684581019862812
4.268680231011485
3.907945136701131
5.277088267103688
3.8145600225637386
5.138841359455034
0.1194667681178927
2.744207991550254
5.796407336001501
4.343979707614625
3.722621095474617
5.0307124430106125
2.763296062375672
4.367692628341656
1.6067106509261702
1.2878398222520142
4.539619444524201
4.2356423398259935
3.391573457220215
6.6653150075716825
4.734623893914764
7.530376407709868
8.290878704485856
4.299388148259711
0.5267628502324694
5.006696076049811
4.4660101376914145
4.400191223175922
2.8237402486413354
2.2606509335150164
8.103749217055904
0.7222926073166316
7.580061482006216
7.3143333067477565
146.863
152.15578723000434
137.5225558879527
104.05372942748247
65.29299729619996
116.82675664575332
25.158036557856498
43.34489434980888
49.877549918242615
93.07590709007764
235.6961259249878
178.55073176663973
174.82589412989816
180.2458401447726
149.09593848753934
105.09600323955463
66.58887849089949
197.57934684298667
39.787788502155614
200.03574964042434
66.44217878055213
117.49485603207883
183.6121828577212
98.034379777612
93.18241636147711
260.0406540642715
123.14164171711192
185.15029852411158
137.16417672717793
73.18902133922515
201.92137394886126
141.3063760155073
302.9911512669762
231.46912918304707
114.81265482025965
247.72461546920962
70.90588556459873
262.35966222598336
171.375678474337
17.756389326091227
141.81687084651048
241.38960840865963
402.29689304484714
571.6919812040234
75.88793057393742
118.76500985239234
103.64196071966221
123.5848002814871
66.24760943567802
253.44506296409418
379.05799471332864
237.13736164619908
64.67453453983872
139.10636076893292
342.14364724078865
140.40062921839493
178.6048831713632
76.14522508396065
72.70006562012827
177.9511574146938
132.52952320942651
160.88998020956015
163.2359640403948
248.7500920426559
247.9331396606658
49.024933350194814
103.6139939361013
183.2201983765142
197.06422501163937
200.19242635874292
185.846330407246
313.99861374773076
193.43486758073564
141.43651644342665
123.55320867354547
118.07726241757035
75.26188205615775
186.2843612225573
151.068713698136
94.00440990738831
149.3617948913736
150.1196096122339
228.10561900672505
53.12165906730999
60.55253902679503
124.51918385489948
49.46704559327698
63.5386690346471
140.4138179688555
91.30849852878599
65.33962885288364
129.19120987457362
179.16542200856293
164.20567626617714
120.97625175459768
58.73829036621533
59.47518579118903
21.40416968069137
86.0517404940633
158.62006715843077
124.74770616069388
100.47742657345785
144.1727037449583
206.5364423077071
116.88859779166525
197.22087828191601
45.60761822781126
133.25229702832905
36.28018723987716
65.38428462362924
157.1559918953807
17.252208492303012
99.56841660520647
70.64557180790703
68.93339471831372
29.989266899542464
95.3306887851717
75.99976084838312
79.25408897262338
65.321915710095
53.11294367618872
19.302413604555348
11.083169739035267
89.32636458149165
45.42073584284196
52.22634755826625
22.018267969887276
68.72587856891835
17.954820300286265
33.66224393255203
36.701054642414746
85.63261233104993
51.20614702732266
62.61166072045751
28.863326597525614
128.5062121323751
59.44942407650673
41.506246777366684
65.92927863316983
36.495695302237934
47.14925117393631
43.85629943297425
67.27651206123528
49.82299142695475
59.13733405800609
54.88746600300198
12.782848306127345
67.10880830490935
39.29012013656632
21.15060157947337
21.080099150170607
29.609546775508775
27.497710072684956
51.20397274724818
67.16003999270225
60.04642461908893
83.89444078164345
20.14045175684565
25.117625842327787
26.738008164555236
66.08389592491481
8.968189512056947
51.1288038316093
16.855703235584173
34.81724232516954
16.986601753477558
63.04888701938577
81.03039532957426
97.22905308507586
32.77182973155899
28.440965192536833
38.079455956504475
31.709493092095364
31.907171393385564
4.96004021954584
21.231772115878485
31.800427805639288
5.8943449947735385
35.540938460962685
29.34097883373966
37.3323314135432
49.908425251455604
17.59446723598806
15.787754633095366
39.59734087192753
49.91173198131313
32.43256247880163
21.26841690089484
17.831463959130296
14.8889809563656
12.983922758623393
35.748062674391164
52.080462410762166
7.292632612276975
37.88760386301171
16.007974649175303
31.958002685596618
10.930206348438954
27.02822728680356
21.558062180613653
85.75533957727974
33.13270248163037
7.999305329549021
9.950535991686438
25.447046199681193
12.711789891926468
26.51710058032485
21.70947018106776
32.76815067104109
10.36529937341061
14.420160170330337
47.75155485544003
34.46910725203619
15.292666097249443
5.566779309067121
33.795784072190145
27.680484148373974
33.14443203210339
20.684605385435734
60.18381675602258
16.72038748255308
16.510409127822246
28.7713776305997
26.50502334337744
25.081589473365984
6.5450018519273305
17.653159401035357
37.16318533017713
10.122671351726664
18.820224799718734
26.745416265517502
3.4628389921715
21.200553131691642
13.341238105402548
29.39871591000836
33.8750491143574
40.0806674189536
26.022222473894487
13.927512511140977
23.392750182851508
14.231217300154233
20.65269109049473
7.69930798059394
8.44369382639422
26.481799145186365
20.431846627848078
32.32830788945168
15.79107529674128
14.252946983230537
33.57791970958965
39.63530484852576
18.392640053010442
22.384727535190983
25.62182957142421
5.886414796512648
9.330655435565589
22.57421832730021
22.876247882705233
9.00171319701146
18.69152063502908
20.96294541951655
20.834096720385812
6.582227801047665
42.454047240814575
26.710106837694518
16.25827437246974
34.8480221082443
26.248129210135385
21.98850855234775
33.72825421975429
6.130349798211622
19.08680601990944
51.24465264647182
34.906282572979066
24.6765452773899
16.991149526652304
30.342398381640397
17.936922522415465
18.903403495842056
38.767997239748816
30.808839792126356
12.868063235880152
3.8733537345768903
32.9192211497656
10.187974577660901
5.7305932303253755
3.0305894171307455
34.21780108088417
18.64266233055337
12.25008790274651
17.638603270909286
18.01340028143903
3.4024254101238744
7.016800824462305
5.275922948194456
29.04674608362617
2.2362107355594887
18.449220584044077
6.670712502427888
8.599802248854823
15.321762561947958
14.14126336533782
7.083321630281253
18.609028845472125
35.18967815660305
11.106265051021518
27.29031363163155
33.12889076266764
25.730978580412373
41.253520550000424
24.779995834157038
26.12817582064636
26.804318130573424
25.80240021414144
21.65723451328704
11.369292497252236
35.11707829437053
7.305126936219412
9.899704604850298
14.481478447161363
5.41700957559771
22.660955139699205
35.65625001249947
9.325065774837427
11.509544069416487
20.035075497692144
37.89925983066094
53.663344900974934
26.312240912047127
22.260166819489015
14.366121145039196
13.45689596554625
9.266197824884106
3.1882137848815946
3.2472716990063892
23.331137036704142
12.700258405452402
2.0737431083638906
20.79050608554935
16.090073710042724
12.748630958527803
10.846800310381083
11.084268224973645
12.284733509589344
13.527624318112114
12.988532459809994
22.588338696322477
18.36738572553388
34.44718685233773
3.767026273013139
36.402779132053524
5.52386062033026
28.047274184959903
23.849217762596254
32.89927020208388
14.394965721943038
13.286128623569438
9.172933189506113
14.376562841399158
19.71381628963527
18.29048145233844
11.916171976703641
16.88670028457364
12.597058687787156
11.529821680580765
8.775669470169897
10.330191009474838
9.431027645448454
22.70802614695142
14.576835672030272
20.624903824972094
27.262579058532474
15.669039075199079
10.788344341160487
20.612168188101613
19.311954080809517
19.739990836631694
25.40685381155961
21.948537762311446
12.69814712732433
12.911134783765712
25.460718252833846
15.031718123272737
24.3885270865876
17.862495403427744
12.340337056124767
13.167452969289883
16.696934300886525
10.255221625722692
14.524432840093134
8.169490607255721
3.818902568845378
23.524054130245563
23.501278244210525
20.5931213171446
14.636863333003168
7.9862206735261285
7.208592045047046
9.159838664495936
2.601680751145155
13.58339389397037
14.756473537408905
20.550007010543833
6.571861390243712
14.599205435529342
17.04021058767696
38.04482333997175
19.88726090865067
23.283437363053935
14.172778715183847
14.696904559982688
16.32868592672138
11.84996802516417
16.785217114799348
20.533502615610338
2.991487333163872
8.040673276645812
3.235286835009049
16.63008376796347
18.23486924603221
10.61294842060589
11.620216064073151
13.873874483631923
3.583863480731899
8.060097795285238
4.486780623711796
22.915187891373147
17.934284870574984
15.193931396488166
13.044291404966987
2.3107344829976992
3.321224257944554
7.140267532292994
13.996882978487596
13.138618974352124
18.94073869292833
9.423857381500698
13.607945008963028
17.043459963677577
10.827743935395501
7.274496578799572
5.169472949823032
19.162662227883732
11.414258821060987
17.207295360018374
23.942244432536892
15.55450232336735
12.51675227761597
16.0815165271339
18.967624725750166
11.532548965740006
5.628821644748269
24.230812409646852
20.464140540223823
17.293170570078566
17.08588422269522
28.45742826039053
14.400059981904752
8.374045989344815
8.357773034329576
2.8920729245346237
7.394853669588787
25.81683024887466
5.582970193416685
6.526664523335588
13.671056181221278
9.797031617526125
15.577570845358233
8.14795169055051
5.502597646399476
3.7841194112260643
3.513574417639553
8.861808342042272
24.82080630023348
16.530465420232787
5.610790455331812
19.24256374591917
15.332520224031391
6.714960045658841
6.980932464744983
7.245448048959905
13.698871090875336
18.861302058058477
8.20751073028687
7.401039965596246
5.457245829377199
6.500971186379457
4.6646995717239985
9.404987446540385
10.880917931121346
3.231577779434361
15.099997114317695
10.013886155532036
16.75662353960403
4.775954145790147
11.846788382372527
12.609463537092992
21.573309459189435
10.746947675048778
8.104311530434636
11.910048663424682
2.6566528075305276
18.94826674623136
15.793839510479588
7.8131325735949515
14.200085665329805
24.586852098576255
2.7464117212267576
8.677705332891996
14.464286438323862
19.204818327547127
15.084842409112712
5.198769371352608
7.724641128833678
3.714363580946324
18.05973891130401
2.2661322650911786
20.998501611580476
3.0219512540564044
10.577118878762988
13.211713405730553
3.0478819172367992
13.974306459391128
8.953812249266484
13.06340792929575
9.563077642915323
10.110001106362821
4.567100092703894
7.766311837841171
16.443380176415662
5.925463777414805
22.574870563526584
9.880761904938828
3.532174241638753
6.927559208204655
16.58811598350757
9.367474743853105
15.375359284928518
8.45859428325872
11.987823581436286
4.248556414197031
13.833259579965773
11.242652525856206
19.07356753645817
6.5113821703787975
15.269902918685396
4.96228732470628
4.898205679792581
6.962591933225346
13.892268503479826
11.867950513547639
18.251819462229832
8.478513382169528
14.56108933309173
11.768490840024981
10.787590559174696
11.33150339283583
17.752384917904124
12.216686879293091
16.24601278366199
12.87447021689507
5.141902576779178
6.604539691862836
3.250734042363853
18.017191244993057
14.186767284399375
10.788990212345976
8.52441767068516
9.212558011544719
6.524656197466232
14.24925545810137
9.352998137319513
1.7383614578523874
10.97569885386522
10.967156564992472
9.652592161533743
5.92553990297836
8.89366653568961
1.7399215622681306
17.589642496300424
16.187066680623527
2.950647517272583
14.648510957969108
9.55277152978671
14.897625188806979
3.829249240254255
12.621590611808854
7.633782181279872
6.503646439404312
0.7262756547082451
6.394054564294013
6.353120065079075
2.6611997068703794
3.001881648038139
5.3134369748091625
10.697935004401012
15.978703778303462
11.464022704921787
11.125204619297284
15.865993105885162
16.132796266928377
16.668438711980606
10.632393687318736
4.874118099437324
7.653364615802435
3.976751781257893
7.342916002537536
10.360734895833184
8.561694539852596
6.828419973732522
6.403162400950373
6.914208083660984
12.530813067617574
3.0571761596609974
9.121307237906041
4.86471675141555
6.077943408865549
6.6326490283322235
1.100949203382271
6.720341087043638
4.229942620081046
2.120139953772409
10.318836892039409
7.649800072459121
15.24430238012436
2.088553280324804
8.28377232590224
11.434158076866336
10.261274132294627
13.077834320382436
6.942435475287813
11.669283580719268
10.942457820443174
15.267312917743553
13.723436870432534
8.439536983438297
10.715314456226176
5.406560965851592
9.606726880467146
8.777353328575453
3.9315778604394276
0.5058413300308902
4.062315206992358
13.84130507734502
5.5059319364206845
9.542207073597037
10.301122266554206
7.092422599941883
12.623093574113886
14.405880479051536
11.263428038593291
7.536432397709079
7.178795958215319
13.55414009286973
10.45485458268838
3.419452979549701
8.02555150057305
10.234258610119356
15.175542098326964
9.341656131585449
3.4829772267673302
7.078937671234346
4.220847298023632
8.243790109462017
4.0429148491275795
6.579460401133346
2.4399322799774157
7.723939249431282
10.28327288820184
6.4732697248676025
10.472106600305246
3.9424082409648644
7.148477727209482
4.8603252703009625
9.720862976329954
14.678830632653435
4.841792501016229
7.5062736221624204
2.5176921296955332
0.967503024422075
8.362081265977938
6.566216080782686
2.6721842714961213
1.6878347259379656
4.063420608275127
8.95089565436701
1.3722250584534452
2.219146763736519
4.9267303105628075
0.13645052311290468
7.1008149180162645
3.111636174252063
1.0387896426269385
4.034849503210914
3.2326777722282807
9.44535058240957
11.58354236333143
4.489189896840353
7.4102531541720085
16.28309380336836
15.31763151217902
18.548030523499115
13.56656695621633
6.997271662446241
8.674586718736206
5.438557562102835
6.299153014064387
8.795680296387205
10.922628048041185
4.404903168676699
6.35833606371676
12.594161387099348
6.814724381951176
5.5807883293678975
11.550070742484891
6.9400268387333535
7.197287378113385
4.154968853388771
6.4911547314420766
7.281981162697635
9.662473967033142
0.9008420472355135
9.118114053112258
8.52030730149045
5.873016721934704
6.950006971597385
4.81876606794166
7.371559037717207
9.337935453865072
2.6803509188102743
4.597902281749701
9.425802393175262
1.7755132401385099
3.735976082182446
15.48282133653596
5.33250558764489
4.7115171882699425
8.915071325281486
3.42604308325477
10.522780877499887
7.281463604561213
8.625605797589389
7.087567920136544
11.085394917401118
5.5244675362911275
3.251146196836617
4.5728923266967865
3.3848861389423965
13.170970318905468
8.016046504478682
11.967938275182965
7.222993013025017
5.742032005177224
12.38194241006791
4.512216639886321
11.480540252415427
4.965372411915879
4.24341814411585
6.226966654787203
6.603618967958562
6.050773742804591
8.770433205066963
3.471516980864016
10.26723327309438
4.439840303764465
7.49821895157407
6.090325592825937
2.69740896132045
6.866038803668476
13.22692116785325
4.670573250929498
10.80972196043835
6.20798044549244
4.245556056765507
5.636568335684391
7.86379305687569
8.530143057919883
12.253473710924947
7.938193615803823
11.199389476693012
4.894444411536416
7.77973795779967
6.8302728185379324
7.243067322374436
4.484373957608943
3.989790543354958
5.79252341693546
4.340726423543905
3.707175661186952
8.236539075202849
5.347334324804353
6.13598929820674
7.138923686999786
9.253724687436085
5.279850448431654
6.230868420466138
3.8262330323950815
2.290668502188235
8.847594571614597
8.969311394841705
8.015891145250084
10.136455008260702
6.662571162606583
2.8360062263328465
1.4273144505674462
1.8040609432344976
6.392941961174955
7.5941575452195185
9.273095459982404
4.684542375207643
1.8903803590822092
4.840932306511259
7.338599000447212
3.7295659531946725
8.988104646687553
5.383059628044937
7.264398203729798
9.725263544082503
3.370844828100836
1.8733246370937198
8.522119606532039
5.749122231436916
5.543808759028025
3.2157779381704046
3.5822668576101764
4.243603177815762
10.940851546353928
7.916785774799051
5.444542096221546
1.3744748178757449
3.4268033185570017
2.8838081108783404
3.7536655404464074
3.665345003542266
2.843994309965373
3.7727651076283304
10.229448581673493
10.296160449379247
4.223185819924605
11.981126883339426
6.402559176600539
4.104403913152149
8.493898491223055
6.459392345515767
8.296747940292516
3.9407755679549425
12.746040364725676
4.976704031626804
1.0929944003617797
7.935262450692201
6.101875806991668
8.419186845890083
5.154585894804023
6.010216528123163
3.677340574717987
7.386364243022334
2.329162345717531
3.7032287595717
2.007083967132952
4.716289089934216
7.111900796574687
4.676148646115512
6.577444204050008
3.614153488048248
2.9501729248140873
4.3034272738013195
3.294004590267426
3.485531722621979
1.3682287228838088
1.953098091970665
3.127279550438959
8.250587939099805
17.553087378601106
10.431427154614214
5.796529150333624
7.08530481062162
5.627061645785712
3.5135182625728354
2.722489241694043
3.225131770968919
4.662327678353868
8.74159265072527
5.7095907449175725
10.152751025541384
8.588179451298855
7.247449920818675
1.6030692892822813
3.3441597010106445
7.129687561948996
5.967367330843329
3.941603762643046
11.80673726729175
8.607164025896353
4.743972625346659
1.8630583120683688
5.715544119813747
3.4239421917225608
3.08957248010331
5.882949293700291
5.228022558398194
3.1493904107652946
2.7363288857792525
4.366025366859165
3.0111722235417173
4.274281028708837
6.2401042959421655
2.51734864993532
4.565677485818539
7.619121085434774
2.436120213797359
7.849897854227537
7.62619606413994
4.999618311518219
3.425485705350251
4.815024989141115
7.781061777107166
8.201797653603482
6.732972047319582
7.7255456258070625
12.798020085744593
6.003253886520273
6.826004819382642
14.237869311079306
5.965237401981256
9.355835071646892
4.3808996646638905
8.75197002534975
8.8565316565209
5.068565907632353
6.558297146936515
3.8281918669334876
3.193163346596271
1.4588817587291167
6.124683985404513
4.8586528363599255
5.69082001160381
3.7650887324676416
12.272662589720776
14.095659589480444
1.0117603177565182
8.886663033484757
5.766791212800967
13.497185274233441
8.096245702778118
7.86248349332166
7.040090890661988
2.6771332028407877
13.221516592496815
6.0501513052030305
8.647300386702495
13.005903438847918
2.7665533468257397
6.911301030530238
7.845473916132445
8.549743235345348
1.6168113057600202
4.251862165458313
11.784980492441012
2.1583682697674176
0.5928565089355857
0.5647125800618445
1.5843461644467138
3.058271972286536
6.059306119932079
6.7710895108519855
6.183002003142649
1.4511698459470521
1.989115480435947
4.090722732574546
8.70191627735098
7.4957428949551135
5.941195753010769
5.551583148640609
5.423613424931168
2.6165295439025913
4.845162902321117
7.2079598365657365
7.243803293938175
8.679461165592203
4.064171888160746
4.416549764540728
7.445002752662144
8.173271108410518
7.2507932401302915
3.2511205271868255
12.334605350565703
8.817787844966844
18.430829147680246
11.742006691557165
7.437881899658716
10.931335746462436
8.237323212979298
1.8724632944331048
2.7614396420419802
2.947369252942788
10.069966208399448
2.1250853626191137
7.0175515838311116
2.474386165943971
3.382442966390671
