226.9807
62.250257381984554
46.32923894025002
34.0828127063695
64.17787442910992
51.32721878320154
269.54766040975267
151.20267834481467
498.1002240841376
1323.0999006904606
338.81524960980323
128.7144867011695
196.96823826677985
142.39445769939138
149.35410429478122
84.51449168665508
359.9337407142235
290.81936207282865
1020.1136014011541
271.7252648026027
113.39458786176472
58.79406790852117
157.6892953250552
145.82700429853628
102.41883533743939
65.17659945304723
114.35923975777465
184.14000221195894
268.1761681210926
121.75522943672209
164.91011227046914
97.80986872084218
94.09723958935044
90.18330752221074
277.90736380015164
178.5827322706368
283.44163479298356
344.3086602543487
141.14821504291257
141.71697728910763
140.59365887661613
152.72052759227893
122.64169311121313
246.61105748352009
172.99261185731467
168.810830023771
92.54979472582458
61.11664767955657
169.953127326636
321.47721166663484
412.91809372022124
258.7007512098055
275.32676513877055
49.583285090268106
187.506997250216
91.8211116687285
50.73121998861094
203.8294954553271
222.49357728571505
162.1851091303037
72.35355918909366
169.64934076169493
222.26611400721478
236.47193313149432
41.602722692122384
268.188285979731
61.00411572765096
277.31150393524183
99.24876925159384
75.35035638987848
241.49856061351434
311.1705988201614
25.9162426286068
76.09548653668719
30.019863178733747
127.93024765487752
110.21499422391209
131.13333148555702
56.88853199600886
54.040277513482444
183.98959068448468
124.80070879177595
189.81418368168738
190.19883420165993
162.13085789955258
303.6200962739461
66.50390592127296
133.90310980704587
179.0171332064311
43.556931701159904
39.424791646370686
222.39351848370075
160.67527398004373
150.20295273694452
188.39370105205
142.345793757524
60.76706693681127
108.93441714812482
67.89761958608312
40.81081467077225
293.9455724966499
89.38155904213683
73.25374122283213
63.819447663408354
98.48734472629585
59.4482183206242
138.29085091001946
18.453806258264173
39.65038453179544
76.708896706132
115.03740680544996
152.0617295755856
135.000146915763
44.25256388536992
119.39746475509907
114.88928318677235
97.83018606242146
113.61463260541562
89.97473010057843
224.9503240985293
123.93501877269956
69.86813771157301
125.3996250101845
23.444485728708973
34.77687038603656
109.36623162164744
53.15282596465814
115.24586726664174
133.87125883370285
120.37462167580263
41.08263442750997
39.81831180094474
50.99161879411295
13.948108891308529
97.33860435271214
42.59608469952753
21.086093652094807
81.97228224169895
73.34100084380144
61.75837619813805
51.67400740155204
7.825303558088805
65.56720756508649
120.49714891642552
19.561822899930313
93.57467595665904
60.96088046896901
70.83459185306243
74.57200464337282
116.43806441743132
139.9111272534121
61.57605672589437
18.098021549690646
44.93700764819727
33.556631594466964
51.50409696313141
36.721613503234366
58.3940628992945
14.49542985066486
16.74736757303483
48.44154236192326
78.90783622285593
35.933255366604904
64.5124931146633
23.743617272507045
31.661831816949245
56.503505440947585
46.017222026896015
21.162747043969947
28.487767923013333
20.637123231457107
15.09911866944546
31.758844482445316
51.743846258897285
47.89614089921399
39.18830271085182
11.020237866374083
20.173587187237057
34.813227828601114
17.558639751234402
36.655237250679
39.43263800011993
31.485402195734693
31.26826236615247
11.20294089549062
38.25190167664176
65.83000936859922
9.927197000102343
45.56658783944822
32.382180113793495
67.28200352790228
18.269254887342065
19.046089787624478
26.672181189540098
56.66845248353827
47.048967816005636
31.17037762835289
23.306218479794413
49.226287620567476
39.17031980879509
110.3664616351731
20.564103453618372
40.4118210616504
26.25073943461026
22.290674952888565
25.407327583564506
16.633768400602015
39.35457496490225
17.770863920674653
31.768889970892825
77.01530635276086
4.939203904498515
35.201000411819734
50.99064381408875
70.2478907396906
45.30243469214346
77.73255865364597
53.83523347841752
30.68846024970486
53.25586096207408
47.73366260751335
21.44891188808192
40.65969889286895
54.8276187495097
26.23132642369363
30.455600551623252
25.308456133292207
21.7574627904713
13.77003281134947
11.508367551187604
42.662061743524674
38.43871362467256
6.997070880152655
18.13959659161053
54.5077322477701
27.265795874145326
35.565408536492626
36.67795628986704
32.302748240056744
36.91884147216866
22.06165549645573
9.513869275004241
11.937072802837143
30.793684560211315
43.4057448940473
17.875053333210907
41.19504313330664
32.42864873806957
10.72439801015349
16.557699875588256
6.63906733566755
25.50840425184254
5.252026700649434
16.308465981680897
38.23491353995841
29.666290689955595
53.12392692194178
37.18264930662301
13.966335183491607
11.776502592932088
29.795146533965983
21.105414511901774
21.4363663342805
18.52225303538409
6.401043047222912
20.024677771368776
15.947237246406717
45.79836995946243
22.164353548978436
30.47121593821315
18.603956490369427
2.099063031778446
25.23014323544273
11.362043809813436
32.93872800486838
7.8837199352029685
32.20347649128191
18.867836367171954
13.047596510407221
16.085218514121898
20.901578883570195
17.309711133515446
13.735314733765062
16.753530155780396
13.428531273016796
11.984567091473071
7.184207763914292
46.132828968173406
23.76064626563458
18.927541409888963
10.89622395717404
21.358048224199123
7.380072019882393
25.976308464417503
0.7913154435252089
20.898819620610734
9.661142283100126
21.90420170917598
33.48479495702327
4.278508418379565
22.34973129013631
31.02194214169785
7.322327042773932
35.69333548533914
21.40892199895236
22.438797944857733
11.363466863221202
8.964773849318588
15.540128123941377
7.814211979544418
6.0786148188770674
7.826255387865095
28.60461156716865
33.324179336618926
14.440554640284729
3.6697966406326104
23.518152914112484
30.70672548237152
5.750202528668663
9.51659771396905
10.166356068772762
8.48759985837453
6.766762141594966
32.19650873385869
9.042023901130566
23.559489808901542
18.625086812231338
23.447007915156266
11.779216360020625
5.98297632474967
25.98877456175737
41.69159489067115
16.671056522265136
20.309249940359493
21.093357445288582
19.953450640364082
38.913113261236624
44.483330392642756
28.537886937111992
34.41406778337037
21.71302416643089
14.089306475739386
30.23516810760554
22.017111455516165
37.959522135986845
4.076333498620157
21.48571866013685
11.921389154048367
27.85657043837627
6.791301883931472
31.280788414251866
26.88074516525086
0.6933322527904131
13.428130766848483
21.959282403359232
28.920812461184738
24.111465280404413
22.18300421024421
10.321736527814199
29.5304816261203
36.97647657305941
9.666441863337191
22.980779029381242
20.033703929850265
6.809620928873849
17.96731671013869
16.012893915197317
17.77353262506455
20.40550593085622
17.299487741231847
7.709349946866907
13.177951329570842
13.506910956296723
37.02881685722954
7.792664611304734
17.385505335021293
17.259014029170107
30.418377087279413
29.770119516956104
26.485108548683076
15.870843997467526
31.913570905373135
19.867587843415688
29.47390826952765
22.060167761686714
29.531144960667152
11.76686108649321
22.796521928883077
4.0297940299882145
36.21173977181011
14.329787365293388
6.131624149107858
10.484047514027708
18.343036324658303
9.758690998073456
17.410561361510208
10.836446364391053
24.380852656782213
7.387621625964796
29.547732758856668
13.89728154990607
6.287801226661549
6.932651900631163
18.9525299130287
13.61244453696974
28.229377073515515
13.872726505960204
28.39540122368815
11.628029491038085
25.94149620496037
3.7682643871088
10.141338724544903
37.90354876523073
21.425457251419868
20.076181329208115
27.76790418882212
8.449225395215974
24.314875370658914
21.55646768994365
15.702838084785201
26.93441122231756
24.16526060217518
20.97409319210641
23.09406207320534
3.11442277275831
20.54686998257887
4.257232022258997
18.175813738023415
18.692680465286237
7.777554301940969
23.860464752914414
7.831977844018076
10.016430015238697
14.080650780473947
14.655260653511954
26.663979612720752
20.858720390904914
14.30029205024388
14.246349045132627
11.954710757807016
12.137357001165155
17.744194085960615
5.054539250129983
30.83269488608228
9.356904006217642
17.40122497009127
15.189247789948151
8.411464928712888
3.575743359124561
8.349756356796656
34.733020394012364
20.684632733746376
21.83684107612385
16.878981080455997
13.913760600579648
29.33400566080644
4.328554565605055
9.501363096429364
4.63303074594727
14.414131604892747
16.96754790307931
7.15603931884502
11.050235723191566
10.134864164472338
10.666552776808416
15.477426584414056
33.6700323328498
18.76436337195833
12.527168400769032
15.720099329457554
22.280257817808362
26.689900200748085
27.099952597216667
6.137181265043677
8.294721319997974
11.485799367645082
27.39845797991832
23.43791424082526
2.833389174601123
8.977467908108604
7.408524636022984
25.764463261679246
12.189006231370824
7.844177683639768
7.161149876286054
11.361078378111007
16.019040443733292
23.195406428086333
10.621074396497471
0.6164864535801515
12.116357182795564
19.293151853234576
10.50090678364357
5.878298845465827
30.807094496580785
13.995131862444
28.485765348572233
14.651933874458539
14.879339379040156
21.46637270092847
13.471841334594199
16.566170894065554
5.617965593249334
25.945921069789694
18.676190292630032
7.684272530338344
18.582487340800874
20.80496649422055
4.375930858898235
3.3961923596840085
19.826389511541716
13.89989636585146
14.679654606928695
9.462092990101336
2.2089734941294275
10.47154815767708
2.634611906248402
9.936998658675899
20.179799399491355
17.626515606082748
12.943840219822375
1.7896317849334007
12.395954148546773
14.978008526509342
15.846858155364767
15.426588915353967
13.160287565723321
10.72965250634799
5.434930599289765
20.42400571331303
13.367399965122505
20.768281902638638
18.64431811867709
10.018704295788455
26.74669104464358
6.142295590516099
5.339960796810309
3.7843617901772784
9.892422870241306
10.447067139208425
7.574307680891799
7.006829004690131
14.439853275469133
2.0598457948003523
16.888899865387557
1.7350389400790476
19.649096936640653
15.937059446942733
22.92937887896843
19.677794764817513
16.428111355303457
10.515008001532772
9.067924680329526
11.933552407188927
0.7475391865318641
12.881425782238562
5.194068384423199
18.95182808588672
4.668815397385163
8.283879695792688
17.25396196084553
13.084039570486796
4.8592627865776485
6.74079279944079
8.374742907905107
20.45832823845869
2.8200346248492574
3.2886602231518864
25.665602735312003
7.484875337224487
22.70700704522574
22.1157594033175
11.73403481872753
9.110080775348544
6.174938923702189
14.315038924827673
11.547647527511673
12.512952250518016
16.771865865522496
10.55744418115462
2.515370013013451
6.036414115539337
8.231139722476827
12.661165718788773
9.279844243575043
10.3976007938825
13.557220254374885
18.221039242867974
12.84986075459088
15.394843141029112
6.8815953477952
17.691771720988037
9.360130035752961
11.479011745833402
17.175594513779146
15.878196495526003
12.78579720364374
7.0365885502395695
18.816928571109337
11.959715050881629
7.021750164366606
6.346842509403397
21.70282763013678
15.82539071053328
11.806160980466458
8.538823460558083
5.404226091893398
7.6212263219283685
12.900341669059479
11.067471572217428
3.7382397738792887
20.288999822173007
24.50254342919142
25.404090447220636
16.26298250438456
2.114466392225231
24.332052503211848
13.136072796416796
6.094144984529421
8.468726362892042
12.222602296770933
24.008803926860377
2.825228244154256
12.610616655794596
17.849396163007796
8.49438363723706
8.295765104813347
14.073446460075548
16.821707773385096
13.32958408869238
5.462851262762449
8.38060642973861
11.898170808559984
29.530218101664982
10.950714605376048
27.520525005981032
19.81540753419363
9.20194926681202
19.62691717429429
6.609643831686847
16.771409407791822
11.539254120819084
2.478544972403832
12.189294835110312
9.330028240117311
7.204673617468489
15.668468423453737
7.49158878427882
10.485494117449282
19.84677653048725
30.474738120017477
0.9745996988932053
7.022423950888734
11.1444278886141
21.316023403980097
2.578788986316583
11.372515484810906
16.052059133561066
1.6854271737822346
5.258788817398763
4.141332711792235
6.77159794662789
2.910580166831786
11.484922221144775
14.210987999832184
11.47038192899692
7.81235880212442
10.52374252378238
11.300797656848351
2.6021115646286654
11.484579566725081
13.965314299905696
6.509939617307266
12.486117005744736
7.2062820827224625
8.88510822234541
4.269783257262968
7.469018848777739
4.037756315178873
17.129881305192143
1.6048741872189
14.7131297403629
16.795643948593703
7.531422329164533
10.110916578145854
7.785289014912858
16.130131339632776
13.506797311685952
2.7649906416837116
9.982587891069201
4.78023429671518
7.686761845009109
11.567303334660826
13.007403438769202
4.389729353421294
6.09455865131287
11.699609828758486
3.132561889452082
3.618843830283005
7.670387008257232
11.925881956220936
5.794592866686961
15.753522339765512
9.44243939141145
8.27351925589544
15.62512363523729
11.620933322464028
1.6848544368849865
7.216546704773521
15.939078466544812
10.161322327773354
17.98938389180843
14.894618198122773
14.545972656567098
2.1783667442283536
8.225638086326736
4.706897298344928
2.270104910932614
10.109941246979867
6.534477859334529
12.85183667197817
3.322625285288053
8.575718544103019
4.025591159391689
19.01627552637906
13.955190517368747
11.144595661158812
2.1872326953706587
8.524727276171001
1.8281045032768266
8.338375217593455
3.4653854353416644
16.027112881761116
13.038183049980544
6.135013744469592
2.483512262301826
8.434215856134363
5.261906339535634
7.695938045901182
11.354793904607236
9.90009974333501
13.127826830910983
7.028082672706175
10.580922083712988
6.488922155793272
5.581298600166522
4.6002540766854265
5.313710109078109
7.7890359543560725
12.276854925701027
19.86922782271914
12.109810012908177
7.917487352037379
8.756033168124425
3.6794808426343364
4.729397404319744
3.130018347714895
5.038366755335058
10.136483587252474
10.026341738880388
1.2665161178946533
17.71097599028578
7.3484447289558
3.1933402457184292
1.4975612718822022
6.565743738162719
4.882155552453143
7.110273807375674
13.77770617709731
16.180344394237935
7.64954091379988
7.605211254265601
5.143634571228724
7.669503246246811
15.805076245309904
5.7202194803923865
7.547643490663534
10.050863981431203
2.56026834648044
6.240724364784331
6.613191613329324
8.76689712617384
6.866803646589203
6.819988838640418
1.7694049274403205
4.34678940311032
10.88850703435917
5.47474009594391
0.7655808753772385
1.8045746486601713
12.255810488069965
9.333184746210975
7.910742877439587
10.398524936389526
10.920677307257694
9.058195182985838
8.32848412508458
2.626446745479121
7.0384630534797505
10.213126045151824
10.33570340529028
11.691953155639824
13.165391071941148
8.414774499617907
12.159035630979302
7.669399165956135
12.067612505650388
9.141002793972994
3.8027078902997737
4.868810147785081
8.051679591985113
8.435590021453208
3.660304024543621
6.142037471555413
5.3552962381670435
8.34455061674442
8.057127903245883
8.551767828015132
5.243044720204601
17.31146715934393
5.398766746310502
10.607403206979269
11.295709927322257
6.127444775737277
9.088764204252236
2.854150491906787
3.9324545305573526
8.971746097953094
0.94486873305211
6.565780133081926
12.29801520426639
2.6768274924905517
8.103083317318974
12.303296811477566
2.0337504279245966
5.302143936046892
4.548709141142325
2.9822641906837406
6.4175871577075565
10.670871926934586
5.891019950373098
6.5595988717958456
3.6564247438384916
3.916799885675096
8.499112525532981
3.4995025583232744
4.335994368872015
6.963465454881656
0.7009599385583829
4.564470604807638
8.078494882244987
9.03779804170112
4.047513517697429
4.02191901808352
1.652475849602093
4.923055941519729
4.863796911275354
6.580050882558491
4.715706970849444
9.367287981697395
13.065382113794625
9.164653227514437
7.826647043558792
5.857455032871812
11.161052920150693
16.557531915479455
1.9550430533141427
2.0039733690754917
2.670637872010091
7.853278519986965
6.102249113911909
8.058675869749814
9.024349911116285
6.382649932223796
5.972126407457961
1.3053787365598986
1.2542911720755137
6.681053924617366
1.5659472111657595
10.336845925106047
0.4451139332800028
4.147403543837161
2.664218904128913
4.698420196399288
9.721242535419725
8.572925621372514
4.686615106679444
11.922490189369418
1.9634686737220053
5.599874593152725
5.850003511484266
7.506522882287695
3.2191079920654797
6.802289743296973
1.543485103269577
11.330628144899501
8.93266388496586
6.890641742662802
6.848346265025267
1.9535589446328148
21.573963465995732
5.725662118662598
7.495234514400788
9.3377182828018
8.359101213156537
2.804488817989445
5.0183785062295545
7.105039310686744
5.563334418071948
6.947748752591945
5.22759242466156
7.319270812152421
2.8819135489221295
6.81748151809824
3.1653387568235845
7.085465427408888
8.939988046936723
6.021121162142613
5.870632516420089
2.9140855922049522
2.783398162882001
10.791930073096895
7.938072640159725
1.6794210359244144
6.847491092636966
8.797902129006966
3.865741985857998
6.631543482610965
6.659317704162582
10.217934607861835
1.1038046389160456
5.5457011104236305
8.429182984035332
4.87742410730696
4.0776868280338565
7.554819586392088
4.650216776455894
2.7030232041491016
7.976459638783287
4.3828442780280605
6.263718125433628
2.407000039243521
5.3026175540295055
8.59047284407416
6.011528959605233
5.475707829127825
9.19061005591463
6.248811945362021
9.614263662626804
3.3004353813111504
2.8462643082218433
3.7795719873654137
2.920836954740387
7.467505747793805
3.56013317970751
4.660085567346092
7.608424851802678
7.5579980723812445
8.030382126712809
3.2371433157986287
4.374231247239324
0.7831208440413009
3.987838020519875
8.125720609918213
6.714097377753461
14.139580391855356
5.908594565371216
2.4900546184290513
2.0552177647204175
5.636510243673338
7.740487693762007
8.839003396150368
0.8257606385892563
8.637201317728735
9.77863803932881
6.617739848451818
11.12497399301708
5.587081953197988
4.862664325398191
1.4715694993829502
4.629909799344029
6.720246236470223
6.772232259335482
5.393691223312781
4.525810863645735
4.923719506109779
14.360833538360732
4.214147846245432
14.162769518933272
5.252129700775173
4.818384176920811
12.09337769297393
9.737245797182549
8.75593014385837
3.0131708156651476
4.10264279196911
6.5614112992053295
7.87803796994631
12.575820483724183
12.984303084413723
250.73400000000004
10.969845723698084
32.89385052397434
48.31637902555906
55.643332315697656
66.68257822583784
90.03537772824396
65.6468093357616
27.69062387707702
215.0889607358841
299.42262596887866
493.2889061058054
188.5721837691131
92.85491500690756
140.53815446435712
156.87961095696522
109.25137703670198
140.61337841086132
182.27711455910818
4.923440007707327
74.11376153905239
276.47682684226936
108.63471266264841
287.82848616638944
179.35792039115873
54.93673457996919
215.0718101019543
250.84292804800742
114.60134382364046
74.47771898749268
148.45535152876192
156.11317088540272
240.0248969869933
388.7915578387874
119.95463973214142
187.28033622749817
239.57263375492474
192.35309205205905
199.6810695164518
216.6451499468651
3.124053358224519
128.52823283782394
178.81218199834083
185.06425933842334
49.4807229430083
18.459476459986735
294.3686901221979
96.80312779540992
113.65768110274908
159.33838785922
156.98944332600055
386.5978973312763
276.8042241434891
199.83611345181723
152.9311362449822
196.92237081351843
17.517393882491003
449.6841539212187
205.40254996599677
148.57902997999153
254.6645070407003
77.9834747333375
163.1986070299104
184.81218267280627
177.10135283232734
298.0393691745602
80.42140937615315
193.21221887507207
77.3595062024713
134.34840257782832
67.58722083715526
38.22426448828038
55.20683781543712
91.7246723029204
153.56503741728804
45.587800291764545
122.1277026335031
97.394263766878
56.478160247782206
167.57813147098489
69.4316696732878
144.03788995055115
166.71129928913038
200.7365809079497
172.16575523216505
82.62199617129424
96.97622928933966
123.37793328963521
131.38075381626072
202.551698309968
313.8133811009708
81.54591767183746
123.04953819996811
59.76396805077917
119.13004358471511
288.16301253153756
176.35396105991634
83.65740853239852
114.380059798119
165.68930526673367
204.6800757204322
31.847427764051034
27.667138545571497
60.6155828748665
47.22594862893589
55.928140867208754
76.6552208944962
28.066400030951957
205.0115497479817
124.2583987945812
86.03264941201917
137.30288423593063
72.18510747154897
96.68987076137586
36.237099650687284
25.398635248352477
25.19466567918556
66.39778070634353
33.422913493811265
115.41747059665472
44.17017242248843
17.628433969215088
104.61585663396342
155.4432015964444
37.07437469065466
37.24124387913577
94.73473429354017
61.609448893874564
141.5528693707863
47.370644433263635
9.411059458578006
79.19775828101264
99.83324742537847
42.68174215889705
61.56575817131793
43.746783184743265
56.51827986651569
71.86742240418349
30.54253189147656
98.61386075051993
40.10466548207106
42.98869107475161
33.54234910669103
48.47851415048489
59.88217091282547
29.82758955499305
78.32553866615349
87.46523152031658
59.72673715077254
73.20719822441019
54.035516363728775
6.089200573677727
53.439780093958724
27.46313508556041
36.06242338916884
72.78574424904298
20.85809409630275
45.4900278609706
61.46096221035031
40.03172590038912
31.05633773057832
13.52396339416029
28.36987355017745
32.53620752607466
29.834835215761018
41.15705675825708
30.02061578932859
35.60366466349095
29.690085455940622
45.10314972411044
16.62694004793552
11.003492969155872
40.52860173662804
23.77638106426961
58.18588438921354
37.229239039343284
29.81258804821142
42.08867447497492
5.299917386610155
15.546818733369768
30.514028724527257
3.0073740277505463
43.3994630520158
31.736810209985574
63.174076660678516
29.980888141172617
37.24370833608698
12.923860642941683
46.723335759787226
56.32269880141701
29.92441567268359
33.59507785965609
15.427388101783281
27.707605619158908
22.029998692233022
48.557841112594595
34.5692860916945
19.900949101137716
66.48973263696251
53.56411421383661
82.7881467000236
8.688463277317027
55.060429894836524
24.894685841603557
19.561887996778406
1.39980929834809
24.3650624702675
31.071143301929574
42.1167293512768
49.774429682044776
46.309994714641135
21.074154271640012
4.454100816849217
29.2674391975651
10.935528138636988
50.923679287003836
36.10426534524718
29.630021148082907
23.028505812015585
29.00872776097964
33.85047755289043
28.886805724102157
24.153804278271462
6.264630194571276
37.723959601423985
40.151427969752746
49.54632021015042
15.712235834654138
56.58984119970292
38.17251435006793
35.8530196979474
20.242234610851142
32.05161080693557
33.94262314613807
15.142670076172129
27.829837435653246
15.09737901362352
19.870322295782362
30.22564816718079
40.62651589832328
42.24562606196238
16.68598030270751
14.143568157055945
33.52582950148332
28.61599412264597
27.293465705580843
36.14067420129996
20.72076355951334
64.70827766132098
35.58560246861585
20.008037592671293
11.151059775677332
8.69679774766233
34.091671952368365
13.926986515972644
14.733401379819608
22.365827751101254
39.37242526392783
23.855578721361805
26.56529953206325
26.868553485158206
19.153590021725083
6.76133240731605
41.249148887631755
12.737163299173599
24.709332497930053
6.212161224489255
14.774288832934142
9.667162482464176
17.040469698409094
14.144974589030337
34.60234897708601
30.499510424566587
12.606058240760524
32.25197783876884
20.660606983139136
7.91047253843466
16.843602069546076
10.08786596278857
22.057758438350042
42.69661941917693
27.4004592903883
17.513094118568993
22.384844716121545
5.845985300775582
31.15352383560207
6.750776375782949
20.707083592029782
13.013414432554946
34.863903131790266
31.039434192121888
32.8018009655653
19.072295166877613
29.499612083674965
19.863964049205947
5.771743153009772
13.581575968423378
32.24253770944377
27.290677314922522
8.346335511624435
30.748486795721558
4.461957178726581
36.25304104630686
32.558597435962945
63.838183385263676
14.712028811502678
13.22432088484162
28.884428413528443
24.87078149144136
12.291493718441027
12.073390675287058
15.079188723397214
44.492380239797825
41.804260113271646
9.221766061274378
27.573652256733325
10.308364047279033
23.46153898280756
5.810168775795658
27.294648450841674
48.202452271529936
15.478088903282504
37.432936137592186
19.4915640623021
12.14589657328424
33.812120038332246
44.95159924818798
49.52810243476589
36.04580528904207
18.414115182817905
37.879190637835606
31.145702099838363
36.28843073107994
32.38633972888784
26.917765586364858
20.971503165912843
48.35500516452924
33.29243145438661
45.98329082898421
35.36145127870955
8.295241591521997
15.159370027573376
22.50627241631882
40.77805889468633
21.722963236151962
38.139912332745126
9.11635682001117
31.501633273075324
36.57980475376637
23.27404576655029
27.108422629133027
31.335332816681845
21.75625243584493
13.591017012202743
9.60694961218643
33.3929032985756
26.523619100301314
41.12359939588935
9.84741617069309
36.76919496710653
20.209247934783104
17.651599303015722
11.265655868958099
11.27332587218172
20.80110606252735
46.6372008451421
20.750618192436175
32.94926212107319
31.454534368903374
21.867430146244732
22.541584048162022
8.634449347600766
11.673224814107751
17.48185961517876
45.223604052412576
36.6455649113646
14.21257985622346
13.430448684281883
15.043119403938922
30.630685301767375
29.158515673001695
29.2418129958957
27.480369012967635
17.209355203688904
19.505751789093765
12.50031366071427
7.766311516213365
15.305637931245625
14.513060493875141
15.369205998505654
22.510258211707292
21.109739635070937
32.62950525399453
15.536464820844296
45.56455393358901
25.715206733012607
47.948829460282006
4.976553986908962
22.50112903781426
16.98506468937245
21.71323225166002
9.407554897166861
20.688700896300258
21.140059814639102
9.857544483694342
10.567984377058574
13.4985601226517
37.747615682442415
19.546130658579223
1.8435220721427872
23.529278791935212
34.093120179366586
17.706726586719032
26.94297658423706
10.99271487567345
15.954180460489926
12.992045074820517
28.44349952072099
13.284802735717545
17.803252935158387
32.41386611254691
34.84964082066069
17.425170722219566
13.552874643190915
2.5017100648381074
31.491175276737177
22.061375422372308
25.187600923119888
12.648380964931029
17.2412255078348
23.766411190090864
16.364434700589566
11.984267164706356
18.31866676553143
18.276769751108873
12.610474613252551
28.304440539494934
12.556846942559558
14.542750122741488
13.987960327366865
21.363306592201937
33.12454502126352
32.85623178961373
12.692625785960635
25.293860368499825
17.130212254311886
24.637133930495484
8.802455295195731
28.660701963241365
26.616753549033383
24.73762018242927
11.454263094562458
9.155040728336584
12.659211922878365
23.1796939874973
25.79840047902164
12.597422096801317
12.130570939463908
5.103275426155925
30.818984364174533
2.653098835188525
22.22256956364963
11.933033803637652
30.31449624290186
9.477857555827581
23.339262414720643
14.750592503075083
31.215097175990262
8.704016220277325
23.654907389675415
15.031079847499955
28.904748698904978
4.392581293796735
25.941382247243876
9.038669589758408
13.499725518384732
9.820427074302984
30.371387076097932
17.657184993953948
27.07174804626585
10.234749461454188
16.186261828313782
4.454049873044443
14.28703068690838
16.755010176752478
15.40607624622244
18.790295259702066
15.267828345796588
29.262137712856518
18.854290287103822
32.201190260624934
16.262053274670272
19.006261552276282
8.84193204544285
10.090947203306804
6.4003021369391995
14.820179436854445
8.601369631990554
6.354707765414782
13.180625872436202
7.796502978719454
23.809617728332203
2.436426818875969
22.77760810395082
24.275169445872844
10.756428756633017
12.306486313291606
7.007569167466355
3.1211978873507342
5.4147487094404445
24.061111341635986
21.60416537108517
13.510305479667132
16.30362256117195
16.397564208502722
17.487071646188767
5.8624711756255925
19.997725741206732
17.635338363828097
5.864995090831255
20.239792226576416
12.276066417994521
8.411228150907945
12.71844607619531
15.030563731553034
19.72489870533547
6.228458913336619
17.823024811385377
15.93693019304799
23.137761874685744
12.449074491005884
6.416729716982039
11.821614606357592
10.631712871402698
20.345914253733206
31.005192403190918
16.839011713209228
18.870600660540553
29.519611250565
7.6006180206829335
3.3256085408794855
19.660366325852458
16.903493954179112
11.387177081997638
8.99258065219145
23.179744916493675
27.401299056911977
22.310876704493516
6.613315800082528
32.530879308242554
5.06368836825063
19.05889352134543
23.616724520974227
22.17137799978564
25.025951882317898
3.6028893583124963
20.93113848882841
18.71300714465031
18.92994748368691
3.166292330809125
10.293960765126458
14.160282475642617
39.74941337609338
14.821543861597961
19.881703378224
26.362338292590326
13.142050391344682
8.275550397133106
28.414387047794794
18.973725666397847
10.301714737904879
18.829687671572366
11.655693313146566
33.072770489966636
4.8488555657037224
7.291617506190306
25.572724213469414
29.16894023966494
6.583995169512359
11.575204459010317
7.27715466655474
6.900888092338016
16.645349338992954
2.5348851929730714
5.232749924237095
21.72061952061959
13.041179827399043
18.40471672460232
1.9899725918719704
11.677367491381817
16.260141624039356
21.035818904905415
26.64821341642676
15.288622267274171
5.050760458509972
24.19908738092904
5.279440082380155
12.428938920364994
16.51806398325787
16.653666401558873
24.54709259391352
5.460142757938088
30.787740748103083
18.40892997975386
9.970324112142574
12.667064570966259
14.165794207142214
6.170298279954475
7.918597756188455
12.202648893425904
1.669307293081828
29.522768944822257
11.089996438853461
10.200302830968077
10.668005154389178
30.348390654304698
16.29621180888122
18.118831723673406
24.502760877700318
9.989326109291618
6.571575596938099
15.012101133796573
10.472291897093225
3.9430045132390066
12.08408555885314
14.036648737646091
10.42229652892502
21.662348223688024
3.894339606322409
16.49487128953303
15.364952230322446
13.92014164407148
6.176617063005345
19.48883043645251
18.867805520697587
13.116368553102282
6.948488217668896
18.34804207844303
17.812845278985222
10.44305705031002
13.626187162404266
27.794745654995136
13.049138343186636
16.13633338018788
28.840128895848867
13.85224616277777
17.01838766474853
12.445092633314301
10.084647771134032
15.080680095593403
13.82534204779562
7.2691487955344884
10.395645224678907
14.037418053831535
21.538068589544775
19.656309467227015
7.876956597081915
18.754845250439164
6.923087132039568
10.95548625472355
7.270731379183968
9.04843004475485
11.155166182613678
15.64510506136656
3.593373412984724
13.030621779784296
6.46747995889202
11.485244988274134
23.659208860105895
7.709447412335763
0.8015314507105876
20.775459204357702
10.73287163464364
9.600849041629997
5.421929854584318
15.176290903599249
6.811500084033422
11.21094235847263
5.2645195657339405
5.585917982725853
19.15120223274571
10.343856214979358
6.655981470219937
7.701288499107806
15.761776688572258
11.86421517756759
10.382710522395907
17.903179642355617
8.479157278495254
4.990414593523024
2.823517653384452
5.463295303795909
9.237840131239683
18.91847093315947
16.729244425496297
13.13270083504439
19.673885097352635
10.159234073170175
4.362096789406282
11.867301300802527
25.873720381941794
21.247632806246504
4.948379870877202
6.135278313995785
7.954028971713639
7.623298162318574
5.697470433930768
8.314505528174498
15.36528510270859
10.901422804890561
6.54605004142492
15.959789334808995
3.768480530675798
5.109637356499539
4.149426449093303
11.576246423025887
11.444965203582422
8.040637831831564
7.701715940983424
11.671834406402029
6.001907597145405
2.6835660918116075
11.48649241816495
18.519056497223733
3.6022675957352677
2.998839966778998
14.988797003213064
7.123895151319579
14.705661869514653
12.777209672868702
6.538104948949739
6.986622306688135
6.9409198880426395
2.7407732946990406
6.879768465919846
6.944375730679856
10.197727486628489
6.616931105508204
3.920893872548993
4.585441163674895
7.915727262766321
17.71165281065682
16.823204688696922
7.586667010932899
3.741587331734712
7.713584497063751
13.294594872252647
5.317747705252301
7.612779021593075
13.474712706997574
7.504671375458848
2.464688007678086
10.916819380251217
2.6642559271690587
3.05801444881833
10.396470703817823
13.295822077026568
8.142767267918464
5.512936833937039
8.155939092877437
8.27667317072504
10.51165449177045
13.663509513049513
5.129258400811308
5.604810281235223
1.2443723746834645
4.145988203229982
11.186598176647689
12.325327502513174
12.30671782977251
7.188887073925819
17.57202809799632
6.307659961204438
8.96353205391612
4.1637341517374855
12.848225620304762
6.858300774994362
5.115894028488626
7.832122567186195
11.58977295539127
7.948693327486704
13.842213778995282
7.850316268139344
16.908277087335136
8.50842027072456
11.619523351906409
3.5717598639692527
10.116870698051795
4.646479608331005
13.781098919091379
7.555632601601616
2.4934092070808074
5.808528189896746
14.292438303714912
16.32069932947599
16.414827463814323
5.170915324313236
12.58991176721439
18.571692997714575
11.474585107435365
2.499142665462446
6.713460544948228
9.779834733178587
12.295778323869516
9.18627992218778
8.080880644871316
18.40815148722072
9.960555913957203
8.799363406815699
16.69563043684526
4.914642428485728
10.957802985709545
10.824415020983475
5.095164163363329
4.547938949218088
2.435692745435815
5.778168237898679
7.297347132602211
12.116999860811218
3.498303327344798
2.2977360118794268
11.74488167281834
6.118990071534311
12.15756563437915
5.402836907706922
20.263376950269688
7.72063594655183
9.359418273723577
3.5126667315984
11.654294893398387
12.764867997090677
6.890109914485096
2.3052765520533787
8.80980070141426
2.97444133550928
3.232413905472718
17.794336669413447
4.5976303816678925
2.5655727780161994
7.842257772328758
12.1352596472802
8.444151881954872
7.456464734527852
7.884760511531428
4.40426540585838
4.582504288086556
9.950736365377145
17.269890672754876
4.454398533461404
7.87562941405265
2.8162247971660492
6.968797078915681
13.717738794855032
4.51025486199312
8.737610689664606
3.461514403951599
13.789402512370929
17.86161708865543
1.4474330211804172
4.516216409589137
13.408429295687338
3.859410277347235
5.555519607730467
4.929827542718281
16.436552892252084
8.858803967802292
11.644437197482583
2.0632744301657495
17.036996129879235
10.032078504942685
5.093303753364347
8.13079201014636
5.7582230631543325
2.331104264900844
13.723393588749568
3.3574103274032967
9.924911757651236
6.671549551174371
7.872539559875998
4.599755740653661
8.366370509430606
9.007122351769487
7.321873853974632
4.5073666022125725
5.38652070947849
13.351382799176383
9.281700859790924
0.745993133747335
4.306144073491706
0.0840890947085213
6.089070415202528
2.6974297540697147
12.022802056101574
7.280669783056988
15.08769618940826
5.595333677869132
7.789416337403238
10.62263976260613
5.848859244693391
8.53978188631981
14.850009630998967
9.816935955120124
11.262857987225557
13.552282892165424
8.439750899813383
9.388176692972165
6.82547294928437
3.245878227545625
12.620358030221578
9.79416313932058
15.266831738423699
7.325675560892606
8.485821493951606
14.811576094200088
2.533704921639681
6.208026833792486
10.188198033323255
13.417669788846368
5.268511311638227
6.53017828355917
9.399833252252861
2.4342889426134238
5.430200408416675
1.765685960890432
3.6208084828849594
5.823989963087442
5.0792633408941334
4.579918490833472
4.214244162779186
5.784067666427207
2.4706808891562746
12.871489462180726
8.771887331272966
3.1807223532932367
6.5067735776809625
2.6359975225051584
8.080906014340737
11.685612887159879
10.851951814887503
6.053038407188154
1.8605843835360198
8.322970728815525
2.4499785514064643
18.317051998890147
7.096606982677195
12.322436920910446
12.408674137787052
11.677142262288134
5.8411514189684635
11.929095142998325
12.260332730830557
9.419516046599293
5.515342673174096
3.9582622507147485
1.0731404389707506
5.899374059259293
14.789858999906057
6.196091094863117
8.202751790138734
14.89403780376525
5.089615310223697
6.485920836701048
4.736928909104039
4.1753733096565995
8.382910159988933
0.3804754349673956
15.60369072718293
10.089031813555364
2.3300953150178576
0.42941317473405277
7.416210292877958
6.311379935781557
2.925594088998329
2.2525800304036556
13.93243973087698
3.8911471471666346
5.577137153295884
4.3822118476291365
8.825261282926446
12.997463610915853
9.58199436457447
2.5855867868115436
3.0348788944210994
7.194506921532808
6.664322684669872
1.0615605988951675
11.757961113992234
11.385898259894658
4.626559076678417
8.79203990525108
10.297660709522251
4.310363726153816
5.429129875393816
6.329798171982667
3.049347553525532
4.1167110565252685
17.8523761432159
1.6603046460741517
4.8686274349006595
13.024323747547667
