248.0216
31.813109401602
113.88255697886824
114.71153769977013
247.2608453866996
638.0167740683395
843.4689968740258
359.2086238296604
255.26352975686848
183.4749374152832
292.913365070876
636.6137640158647
629.7386955595985
865.3536416308896
698.6071957246505
477.44084115621735
165.12825781148214
355.7418918790141
422.861887223166
345.73030294739584
565.7370859248213
311.93976145966366
163.52662393723807
155.53386729679733
63.5861627674348
115.53662665909395
142.2199854528064
74.47609937909046
208.49197214180035
69.99765930353948
88.15148026154085
226.29040223481547
122.64214970666576
117.3441368168348
169.89886636763202
104.64613055899932
203.77401307505613
86.88011303409323
214.83620821770268
210.0442474842084
225.55427692058421
254.47500771520487
178.3763760420191
86.14214656398761
195.49658983363773
229.57981115165248
64.95735722335513
123.2579500568179
134.33659843695153
182.6563522626367
260.93850503727543
34.045814645073975
98.21431861401726
88.05790496052113
246.81804704240244
127.71224246666324
93.99836381201315
241.6499320908212
154.4721972539639
177.76988255216722
44.07475217953543
186.3810776205809
103.28614713563245
314.3322421144656
206.29699413584598
117.97166646892467
167.23522548763526
66.72268480597427
248.17652661726095
56.22694473870572
105.21115692794783
159.58464045855126
30.687871536736495
88.7377542932646
96.82394996195706
62.760313804258814
88.19402392839118
54.07203114484025
151.233043710276
79.10067047828471
77.48336031344014
126.90211303130441
139.88849452261354
36.67994627723949
125.85402936110671
100.82780389287674
29.81105297849268
139.44716205972978
245.45405393782983
36.10621586151666
79.28864518046659
106.66157284447229
116.41914267461036
103.73319699138126
37.22242537134522
166.41897978651326
63.740857099200845
134.70414285138577
128.4903605704371
96.01786011703295
245.6893130610911
174.8972128453632
73.21079460332938
69.7214874117881
81.17910592034916
106.45331489021434
32.747745398253784
85.85541249210871
88.66058582957389
95.92137157737535
86.06771415115777
112.0605081640305
52.879100409076614
107.05269435351516
45.65339771486168
100.52123362252708
45.28487030780001
56.89001358830955
63.19028230122738
18.0103236508854
125.30662370413809
107.65425392996691
57.05964896195119
53.194583219995856
98.62966205413095
42.562322457353375
69.29558562287868
39.60942572142667
31.550963373751145
71.3553035323476
75.35282537875648
63.26090676218541
37.42542039764912
120.39024686115471
63.623205125619165
51.335590249403886
34.90452676286182
96.45599046135321
87.45636956731512
40.14907363616672
49.62255002784345
12.343375230709023
78.51763901256389
88.22468138171703
56.470407515583204
67.62166681807336
58.49927551616037
81.57975197858786
55.30756007602211
17.179397843164146
53.6840986205061
4.461009961858146
47.22983520558821
92.5003543056771
103.62073663671588
85.2203836025395
66.74096181131641
38.367656833985265
18.262394965148943
32.69579762377289
27.608734046893417
40.51882864030973
36.96608526326636
25.808044865984908
46.73767226875292
50.68138538035053
61.048186892518835
18.428061317910196
27.138188962232363
23.188721058909806
71.48131551320937
16.497685891421273
21.141875440430656
36.8232814628126
27.415463758942217
15.444573254258493
74.80927357162854
68.08369233426941
74.52078615246589
16.820621096629278
18.162678637754272
67.52301441120035
22.467312576409174
40.098892392056726
21.197525591288503
12.782589145377052
36.701003495921995
17.455753281658534
23.49781562292309
15.715179066039042
22.67815827751423
21.58948117857964
22.395077000344138
28.91740766754782
50.70767250219999
38.7339120954113
31.22928250733106
35.79755348114981
30.344563847607812
11.054690774578642
110.23827291197907
5.234693544375862
50.64599985446185
48.71534044726538
21.037894582461096
33.05330362633218
43.13951877706415
52.90163669711
28.837858036632984
45.10295790212082
13.40944625664555
32.172331507165005
10.544474045091354
47.68230544922839
36.40188657354679
15.876036612383455
39.76906562640205
18.157767448440612
34.18652412112862
24.40852968594909
21.365334301138322
19.56807547328316
40.513790909621335
31.39817119829354
31.993658466721463
7.519028036448012
24.335668291817644
26.57036948484626
29.940743758299938
47.2650130951985
12.265584693825447
23.751442424243336
53.33246880499378
32.03108510998929
16.100528618262086
55.69428232051798
24.521874945579334
41.27271321425715
35.14294929878151
39.17101032615108
29.790062028465936
55.79846745677096
15.734288276412729
32.275033273142206
21.60260005344184
21.060979116881487
17.083352963334967
9.664250687196954
53.68094465077817
33.12383150086453
14.634960935285577
17.79135829382559
52.60235750792382
48.5280907403085
10.389136595429795
40.08030443226084
40.30668793175524
15.60724397810493
29.512097069419642
22.663580068625695
6.670089084544571
51.465764156537155
38.572523110745195
24.002179668881162
66.62021888318809
32.81932674370584
41.99559742620187
12.724561051762436
29.17353081232848
10.523267536125525
58.710016863915556
8.10683350814859
48.45235963989765
30.766297419410378
4.643399921846501
30.91519658323812
15.736501305414226
8.192226892793341
15.728419894232967
25.263303316479377
4.105860218309275
12.877520981014335
14.64866060886371
22.300143375852503
20.80650802829961
42.64830245175324
14.864566665399579
35.79703560461899
6.6968280265219065
11.45739728039938
18.9158566546391
22.570237828289557
14.403485040878664
16.66400670277759
12.072333840523743
40.286006219767344
30.82274840933599
7.630055832761041
14.83763270663604
3.4544510256609375
33.453449530926115
25.57071339865352
15.276195106096631
20.765212502034505
44.942718476956145
24.139706890517484
32.9851509818133
18.36807220234125
10.524609844896395
19.0232496416146
27.391186584864247
16.979398615998065
13.658024052640823
17.994839168011456
18.384277939735334
6.504583068129524
13.955889172876802
3.930652388860648
35.25885558030184
29.971669091417226
4.056856672735088
40.27183699396395
17.892000316583236
20.492789658271448
16.624863742917093
17.53087878460844
26.140325238686707
10.517960562770808
24.622978441701008
24.93316609508981
16.778339899373975
26.580716826084853
22.493480774791752
25.70548791102325
21.357172188033445
12.385327898123013
25.948231043523727
4.354794163449045
11.899458416825352
38.23283363957643
12.9666107244682
23.018129509979556
5.341036498984482
9.505676084237416
3.100193359585791
17.32309747345591
20.389727059137623
20.001953073016384
9.210341062629874
29.843358659696737
22.891825154795264
27.277430232810058
15.911608954446093
14.66764450183513
20.601606477831492
21.98042737989229
10.599465492367091
35.6877821590197
17.427954429661003
12.007021976940331
5.521160364411609
6.410837005417344
7.109734347292003
17.347096870821368
33.92190557239513
17.902676534468576
29.470408449618816
25.70781575001646
35.51786553341115
5.731605055352153
15.127039078900717
22.101721382946916
12.176767548643038
18.995863540099663
28.963316380719746
18.530535650787986
15.776424734821548
18.513876766448224
15.872080473766857
14.719278819194976
8.977442640580156
8.895319388563797
15.446056510422855
17.88909462694515
17.55230310501843
17.298770100458004
23.13581330907437
24.63074565014012
9.260406371862024
26.757027457644732
18.63503979290792
7.805012882386639
17.34169198894173
7.7692193845813255
9.683157151405338
30.345016250254762
37.61453490025094
14.322716915505772
3.0749570148219543
26.391990515703466
25.733326338962875
16.48001657906913
15.611986180725824
41.778761244058614
8.6450040301806
2.228449381453528
14.943986233684925
4.235952466156118
8.097987275260454
23.708402296015624
28.689477577793635
14.705774192613669
9.060307555579351
25.0555117451852
17.869537525545557
22.816061553076818
15.52549980397479
13.003822519016905
8.311695316747059
18.940231607121394
14.514635020342327
18.752826554129555
35.85874063482754
24.544913622549544
21.350220189711802
13.709882490564416
17.723849197384776
8.784917103138188
12.6241230794514
14.70956074749991
19.831706139145425
4.984834897823099
3.6600212497467277
16.095037363763147
18.72133162623158
7.284989413771972
18.29131969827259
30.033691269970394
5.3124314796248315
24.433021506836372
16.904600425812045
27.53185225926376
28.66680281621391
21.623363949798176
17.265951834188183
17.463472901227714
10.344086843909851
17.496404733356783
12.634163380960473
28.900750506246933
51.97538695582609
9.273012566934058
14.15911680371755
15.547599203427946
12.691119435621799
4.8897746236417055
7.10928371033216
17.35320723929437
7.654783713945651
17.39662968886939
31.463234904397478
10.132335542483798
9.716345241256231
5.950166416534988
15.297852560564852
14.545506833416443
4.341437509496034
6.110402861671756
10.432824476953723
25.31541538124875
16.555361280306446
6.512744326437522
16.717853883289145
21.532921838763023
7.164757043387254
7.223573429504657
7.3517805546255675
10.908987524312632
14.203850285731681
6.048818362528264
12.40197659277643
9.183145226023356
15.66498733383943
8.114447367801446
3.3217298097447645
8.943859799293417
19.699254215014015
12.438216722468999
14.801813517064906
17.96950550652335
13.628918136202323
28.40557080808741
26.343863603144403
16.840471323872922
28.259969805767557
24.028532060015696
11.211213117927826
12.925188052496905
8.652804684554011
10.395613898623525
16.762462278730666
21.63090947458217
4.994530543310123
4.933446346698873
15.845237057683887
19.7593178329508
9.056232037315448
15.583334214903854
7.555882143681141
4.777730672908304
5.087952600567217
19.609685898430442
5.1103781040517475
11.340846759163837
9.031328396910377
18.793685888180654
18.878434808141655
4.155128622870995
3.0962340744009995
30.0762718290718
15.591016804661278
4.057048503653322
7.949425076483964
16.927448378622838
7.092867835327786
5.847980312758049
6.070999469751472
1.3795013885061926
15.148121583698078
2.5123457497842754
7.831206778873348
19.69817255401191
12.18982492898417
5.589939150393379
1.428066701461189
4.5555746067718665
12.290521942291223
5.416879117772123
24.055003251284393
3.248887994084493
6.783034324477861
8.100184635876813
15.491939789713829
12.129827082203114
9.53503706729369
2.9386418943020605
11.803139385642961
13.345174865515846
12.779933202018032
28.332855960996028
23.078453731532985
14.114829824693057
5.020148248231255
6.155226673676118
10.413055440859512
19.86435426205361
4.077776652806458
7.977433627175868
23.779141655808438
9.256437118258104
6.235017561842864
23.842799013111772
7.976746326016478
15.079917439940434
5.422467766510874
12.969782977670196
20.360694416655384
4.650740077268963
13.06117346544461
6.820019409276069
9.268141051601267
13.259546906014592
13.736427758171214
7.480588848843186
13.942261855061622
12.257525346171839
22.31518486505711
16.85304020834406
1.9406131321175382
10.576994207540917
3.9722704474863204
3.300242449514127
20.338738526590763
17.439827455396035
4.08447080685834
16.791297215207592
7.40466254757799
9.730952324057787
11.60146722524606
10.016496992194284
8.355665457885713
12.201006148330304
5.093857380948175
5.826363687089889
15.69555288910842
17.14602578728006
17.593980829796468
5.702129297651119
10.002127933836746
13.817616972806464
12.766340003790212
2.2966255662424584
18.519748494461506
17.80013391069053
4.165383283068429
10.343552549675568
21.658308072645514
7.725210119520695
5.349877345690663
2.3195051031571174
6.862504194807975
13.57161419327011
8.905278757599872
10.272535001522153
1.0970964089228903
2.7026879711553358
23.87297143247849
20.820843721486863
10.16720169387542
8.505922204646975
4.148065034912618
20.26005041849212
6.951216703410161
7.09654682429142
16.236408532833195
10.096109012497022
13.665891718195937
0.6823672079027621
20.54209530459323
5.701954796410655
8.071330668160652
3.824662497575292
4.277426621438203
10.642842652227953
8.208817077802784
5.04506053163023
12.659658930401845
4.396083558828467
7.652391578003932
6.893153099975453
6.510492928738276
8.271957551777176
5.99565786945502
4.130627112300714
5.093939255078025
10.97172616061904
13.935489120844352
8.703190377802988
6.008397036434203
7.4572443407982
26.320638087589156
5.66267997948372
0.5080612878226679
10.26690920419505
7.787364010015304
8.543418339101354
3.8535191640975657
5.828521310181615
10.274884067817872
5.40228056039191
16.12558767037924
1.4505954772231229
6.67310412614189
1.98014867753479
12.204075441652135
10.032137036846533
4.739981727971643
13.416517511460551
11.5728834282041
12.097372598791527
5.322492817966948
3.5378437903905255
0.7876672581677358
19.150402248522674
7.522440272848884
2.561536612857784
7.529026739313926
8.184827781993508
6.161334554788421
6.23048601643663
7.006246330627732
7.5630593709117635
8.252587696071421
7.819042258497119
5.944067722896558
0.8194331426065583
5.424041847704667
8.081908741360966
2.934296460230007
3.3523209667786866
9.919138822856961
8.257827344726325
9.379605006012815
7.166642874720931
3.1025212474513633
10.61104011741532
2.6595349429419337
6.718352919634427
8.46540951687199
9.281046559848132
7.991174204890786
5.957263159289298
6.897450958728051
6.683996412209555
10.200410783469383
7.162877546892097
0.8041538297291108
14.449656609510418
4.178240587280484
6.694676614483368
8.03249116484422
2.8282721330208505
7.769874605156636
10.89087052377938
2.795650715573111
0.830120027803358
7.747389152665612
3.4091495043732616
9.549481545723715
12.659812850737932
4.761396371129983
9.229897494403735
8.82359617355685
0.7858822459690392
5.408454371969351
2.718181789580651
11.357027078494502
3.1176486987669563
2.0733469329444127
6.671515959177914
11.734883580398403
1.4460098377873376
4.734090305031601
4.547093758258502
6.633405639846392
11.29601191302956
12.715744421200096
5.82594278652834
4.40807173976492
17.613990827728397
4.066580153747867
4.698232548019256
13.350393096510654
10.280368533579754
6.243171780064237
0.9771998225146792
13.640757692101145
3.5539680287646647
7.304556114828112
6.691699724219966
25.63804590678195
6.1416148072349905
2.5100819371754057
11.865562219827252
6.2619102365169645
9.484018306575148
5.217373404410351
2.533419722132323
1.2926876593515777
5.612868328753642
8.112729631831531
12.457391315811266
5.354665106845368
8.049040958530128
8.587715545110232
7.20292522457447
12.595849749691942
10.572183036230228
5.0677703109857495
4.297123802693459
6.386565138495022
8.497886362220164
10.68597570481528
3.743235950676377
3.971912708716107
0.17320015215206827
2.9891979143767826
6.293366765825198
12.50506315884274
12.642538213155444
4.10775869805697
2.89521755327248
3.9318861890632095
1.4592856121696935
8.503999307860472
3.648769902651773
2.2829754581643096
6.154011234032163
3.9589166581846547
3.312022183311145
7.875093952658771
11.67811855632798
7.217456600514905
7.4919666838268215
1.1464142028004602
5.307482246913845
6.829486585848473
8.252499489564421
13.176035119307498
10.191689873893115
10.17811106852919
8.603018540862653
10.636466522220465
5.994774356743164
12.53837262338591
8.779817263839398
7.6105701384167626
4.453724527069888
7.452669842835238
11.077882046034718
7.419904311697363
5.427132384651009
7.962869993981477
9.580871803234174
10.609942136817217
13.13337116442371
14.497137857342944
5.205408130620092
11.43953639051791
6.404704301530123
10.248495782040903
2.0769419488493277
4.5957029947749755
6.764001619960687
9.145486932570837
8.774714843946729
6.6538145530324995
6.789156981728902
3.4602039326135814
4.702374256754435
20.044617565728352
10.4602874958207
1.7374777059275903
4.195737566844865
7.648354873346221
4.327665926932127
13.327247506881623
7.538134405703294
5.425115279582657
5.420654635574423
7.5861776473303095
9.438159009769999
6.364186981420387
2.4181072320641532
7.154856678815955
11.649768716537725
9.720294064923639
1.9168900941290674
10.436532502658663
9.219429813289038
6.144540542583045
7.105430839591814
15.188816458877021
16.765297832555284
8.245766483874032
4.363990091006304
7.505837456324338
6.851240490478606
3.7005976231972
11.899145653403396
6.7073066787261535
7.8245354848994335
6.461255859694638
9.008370389257092
6.060119429274004
5.388843606176775
6.292619520227001
9.096800113652098
14.539576898915008
10.810254331028755
7.755559158985825
8.511637977642978
5.898042808800056
9.628371238360307
6.904467456243426
4.474515515213876
11.153202112650318
10.01312361843874
5.595465050675347
3.117799476981309
4.563963132299895
7.232657484927326
15.17087257948439
7.785416299543828
4.182017782478639
1.6645507872844638
14.591759709376465
6.855532151316198
5.171737894407965
5.462890370117407
6.912274846939592
7.259670836447644
4.186167604359564
6.95239375399072
3.0253957775821934
5.33603343339727
9.596838864385093
7.822267410202785
10.649723371784763
10.02134823254539
20.28468231628153
9.993483565166288
7.652127879624446
15.745384633724196
13.491724869640658
2.500835181513352
10.111646820526241
10.489268816120521
0.995897959186831
3.6003429713460915
5.732116748308767
12.010214520147093
4.96138551187947
19.24292628348875
5.9215739756393395
6.6984328286277
13.021434352466684
13.417277517022645
12.163151813969527
19.1217831239425
11.01658872585712
5.897576648622352
2.1807662617705565
10.8857672979145
5.452767705678506
3.6349204960853125
4.547139643786596
6.9273196503060275
7.16334840245487
4.127593441482142
7.7231794768266155
8.763149353127288
1.5566609648447187
5.748374093177243
3.8115577795291125
8.942329678233985
6.648599397258446
7.830981791611013
15.558613909497645
13.306390233525764
14.407192098379896
9.127404044802496
7.573310125473539
7.663033993472262
8.145826691832674
6.63805605596754
10.829943146028413
1.1890970560048368
3.4332450714139227
13.621246481859197
18.5729078000625
12.259741696812164
11.046672216553118
3.810105798658944
2.116101081142161
9.20329102390636
7.460195864776319
16.56990613336304
5.498347805791102
11.458111586800387
7.555902004577757
0.3150080653352355
15.253215246875948
3.811893232268473
8.759983452877805
3.5714019835477644
6.569799030496887
7.724556238906356
5.396728857900324
11.237770760239364
5.455424979209347
10.65298851530824
6.5224190440557335
11.11871407165892
6.935667669037134
13.536440800505565
7.514425529867339
7.015233068931437
8.929908092645004
12.303247762349747
9.002834775396332
5.344445668964348
11.35125605091931
5.865988996759523
3.062514888182249
9.240183572691436
3.9481761597273484
7.08549678831596
14.459742851781996
10.85950649763101
7.583705971843101
8.972831763934563
6.56210643679276
7.332346011438121
7.150114865971373
9.164995910926145
6.333877556778481
5.93724467824246
5.10722460057049
3.1892352652661624
241.41699999999997
14.644381758460995
5.976396986428211
19.96388697942204
29.146382785173614
72.35873993701263
134.65640954248403
13.266519016442832
52.754895019631974
194.65155465871464
230.15653680534987
444.23332929760954
243.30491337672152
85.68123420523025
110.83023466184652
129.73182876160854
108.677693847393
130.7535226252377
171.0070827767459
7.175260996099397
77.37882419877629
264.70229198499663
110.11271095430216
296.50468473723015
198.23636247132387
30.103458382649027
203.7977855068424
231.20215813764017
71.67172179926494
72.60252394786707
178.92242188772613
148.61136089014394
176.99785680528265
392.7024481721319
178.05048959050222
242.1714870027489
186.91412617937038
224.77327820824559
190.6548247537185
217.76744155151843
31.689667211213347
151.07904443845428
183.80329641544458
205.38473208261746
50.924270372751906
7.538792634059635
299.5142931401137
91.67752006425476
112.13709446347534
161.89687185926454
162.39970435991725
396.9230418807795
281.3791938200992
225.61924881028492
171.29583052965359
201.00341067292817
68.35261943780495
393.60289591157044
258.9740544968025
113.62425012292057
202.4673901383348
102.02889958093839
208.41107655239017
119.79961661140804
74.33128089991436
229.87075809191518
218.14027564494165
109.08158716693296
161.015947566478
197.98944429258862
98.42557410312054
37.255421106172804
66.0719073266817
83.96299576801108
162.5562437445747
56.75872358831588
112.26987154526634
127.94050421460884
28.164092737778905
203.14899719568615
39.87786307917735
153.11275943083302
156.97800500875826
193.3487435621436
152.92844687413762
51.91381502423429
152.02610316016313
191.12820110545022
138.8569330332544
155.49611408730658
228.02765417334214
105.57864157293065
214.96479129700282
140.13773022969602
97.86612789079298
209.19736185582386
161.02863418093935
145.0017295592695
158.5975042742153
109.25138303348714
268.3440983537981
99.60200643845475
61.0834028478952
50.103723186226865
50.744688332756496
86.00199236082345
67.41268240362118
19.3564153852701
190.04395192757858
122.14375234940944
80.94222076667593
117.4454424888351
57.09717514811945
52.87518691387626
23.355616726679074
62.63673636834639
101.9918246609641
19.56908289289369
62.58168487446635
36.48473902932933
142.396435404506
110.09821015066298
71.50595853396572
113.4366599071351
51.70923353258091
110.21140607110772
82.15947214474502
97.17298219360953
117.32629043520095
83.50527660146992
29.07318495006079
50.956221190210634
102.29589312495553
61.80529606478571
43.8668096966906
23.68195849340907
29.2421141304455
59.80055207265398
60.34823654296051
90.15475442441699
75.34651565620274
34.98428585016042
10.83768574498577
6.85295977552711
53.4206509282618
52.98050383716935
73.71682617292895
113.32276194637795
81.68683683669225
64.0444319507153
45.389745942305254
8.019797867772347
49.21008839794743
29.871024648185077
42.473483617264506
64.50322205890653
15.14745827231131
29.947680403534942
71.5347781485543
42.27228958173341
28.509368027401358
9.28406681558193
29.854883758266208
30.892547296884544
25.034179466366787
42.109585588416884
34.77760544737487
39.27376042567422
23.434307030289403
38.25644154353575
18.21609523263302
12.009348679140096
39.53206965366953
21.062845352050292
55.45118783201796
43.08914001697972
25.693416680504654
29.25392601745579
16.062112407336205
8.758367253189107
37.95055106017349
12.479299511309337
42.168303819403164
29.32767048302022
53.89435742481558
40.98551524966091
45.02082197100697
28.740884003797674
46.02602109185263
54.04980490933793
47.3579685394707
27.707246226827497
31.23456767904394
18.90296347177175
9.36240881028709
39.12566088914876
26.09961332804105
14.51428434206369
70.64072734328049
51.4577839578163
82.91118729982688
5.5423794942451705
53.34693313450233
26.69310801740979
18.355992839276574
3.8296317036922622
24.98160841335206
35.26267839837588
38.43304402839088
49.46073248439546
38.8803423411446
23.272120672077282
12.248834967314533
35.187175810225064
5.5966087565615865
50.954794384535674
28.574834313263427
29.469853313333665
32.024438631169694
34.2023250051191
26.694860825798145
36.57134609954386
28.60741396262488
7.767039678424371
25.93061343318607
51.50716181836572
44.8886029868459
11.822895169654428
54.452882906687044
37.29240458199321
36.4355485353163
19.562132516645487
29.308779626960206
37.157699459685894
10.239525969752973
35.57625863965729
15.83418762163342
32.43716406150046
29.550003571285476
27.68064401135875
57.084091728717894
31.474555917382908
9.91934256415686
41.52828219855016
20.135717934500036
33.12434006090871
44.25700692724379
25.37025146151056
65.33669047161388
33.584851686546074
18.788127440363493
6.130214380457207
14.905782018170141
38.861559543486045
22.887324514050217
4.348406277853523
12.716671001712896
33.672282904293816
17.80788595032476
16.449984380791705
26.463946970385734
22.09236116853748
2.996227757811493
37.517317187259586
6.5003092729758
12.901295579206192
10.738874344140742
6.465461403633785
19.62329870978515
30.593550859956746
17.966090113782823
33.679541281942655
24.60973022189877
16.53926002682784
29.45204060874283
21.14378497659285
7.9628669394042895
8.8851940250408
11.963612649195703
12.693903951451158
42.666561630863036
31.570890442744428
7.362548850749411
6.569096103680108
18.585557389220167
41.54349371393027
9.375134439642435
7.909858671330826
4.035454500024985
28.383084424115
19.35245096144836
32.875907459565546
29.236684936379973
25.39518507654065
11.626246325348468
15.193184038396216
3.1969206167962523
33.9815566473773
29.46298465549251
8.901706080860661
29.845922254070754
6.4170151866367835
36.63257987281064
32.016044597034465
61.66530233658452
17.13142293991229
15.67240114306666
31.43477798213781
21.73854236992725
13.414497095073806
13.52931446349865
11.786839529503307
42.682991530868904
42.0272424912092
5.010177999135424
25.83408485726955
9.845331451118302
20.543824925380868
12.148776559528384
36.41336631698239
35.67885056142007
25.451927144123346
31.69368880201026
22.03305288778485
11.110401584350047
55.66855790595667
44.00170104872882
37.94940274026782
45.72380391064722
25.420410835898007
30.781802730362475
31.3483703722174
30.328208484812507
30.116702061879437
28.776872154717065
19.575840142480526
40.58234365869512
41.00227105852719
41.69564873574357
42.255066009059995
6.444241251348147
21.97675765314747
23.692337670209977
46.14681951298997
15.265497509335093
34.06337251218241
10.962895958626955
30.814344735027454
39.101279920601
27.068347715461375
27.34228055380737
34.82268371449618
29.11529375374808
19.397774474722713
15.455295727326455
22.303281262244365
11.304176546487454
42.17870253026716
8.279512153003457
22.513233556547732
33.152915788160875
29.710601564748913
19.284851192214568
5.168142495807358
20.003939229379526
49.39253925113331
16.967076696625902
30.69345669013792
32.23374438257742
23.479714544631427
23.89291352225896
8.046684210505358
10.063597198853119
15.24885556634255
47.27628267633552
29.732305434282768
15.717127975296677
4.46902287091041
18.0938512227609
29.941650222165023
40.189650549166615
33.003463159061646
22.372137496455416
13.687783925344176
24.27764230620745
12.423903567505954
14.93404612722023
17.655714397157908
10.231775542951368
4.715306696249738
33.58195840944492
26.931499148960025
28.379078044712557
23.82980705110872
40.72206890776658
28.31422038887068
45.26067120854609
6.369839958576878
23.751078669506025
13.732103693069659
18.945969136788687
11.242898142004744
25.76195638920674
23.110258732576497
8.712128538321368
10.783481312597432
15.213547973889824
36.21252792163085
17.64122970025271
2.5981309873598417
20.089661517376005
29.94001003037105
14.339730008056447
33.22352957352762
6.168311924092282
8.163486388012696
14.847376053977666
33.796092560677536
20.625314760624548
24.733931831997253
25.964006901082715
33.67939301568081
13.750410464202147
16.73181435625864
5.519988806085339
32.61629412030006
26.789300328002675
20.66958786472777
8.556452171851822
21.809190264175736
22.90709774307649
18.762229332672202
12.834478209733142
18.20905789494919
20.198962852274605
16.20530984461666
34.70861882939614
10.612221977893846
12.103912663440106
8.25881788239769
11.051026744767151
26.283993661756583
21.972714592572217
20.872594407086254
15.892170584528484
7.062192393348028
36.0939410712038
11.269224996346711
28.257003887128022
15.636637200578207
27.204561888779722
11.856736643018907
22.26196632325168
24.57666154218663
32.51645630664905
18.423832628585146
10.861567596889168
16.108922353554554
8.258981077635235
32.50767182579136
3.2808481702307684
21.77543505968129
13.550783989834672
32.971692989336034
9.792934317149996
24.94682838314936
15.880790577550659
25.663997728183578
13.450619376081788
22.979664836667293
15.376335989821309
24.517735273584936
4.779827210277789
25.448694758113376
8.254704312704424
10.572654122149668
11.287418972814548
27.218985463689457
25.54869490066297
23.73979321527617
5.910149667872554
6.662979773448229
16.541821561302097
26.412579727565706
27.852612028119665
19.473153891945625
15.283760403496123
20.489338856731422
19.808891164153664
21.069528851356324
38.978143126598816
12.826044717000707
18.383342969721646
8.458030796510142
9.255359693826465
3.6566211935784056
12.856896311178783
5.447377999901651
12.710663703552296
5.215727879329212
1.6401360155915243
16.723701324400754
7.627270399631422
28.741749997229576
22.81455073579386
7.300162493207776
7.976020851885772
11.517008888585778
8.809789755527483
11.159647166047511
17.311626167962736
17.25752235120317
16.343754616030317
13.730318511418835
12.760904719022772
19.832480408734952
6.721325729487977
19.67270024650039
18.84268783724066
12.736546776689499
24.267797190112805
20.129486591018754
10.354753097895868
12.842392562852979
20.45085436336576
28.09993816554236
8.366411055228308
22.982820281269145
19.02029771029509
22.16301165957549
15.752289234118422
0.9154844718408329
16.941343637047513
6.724214688167496
27.73351159752174
25.84102755984683
13.389592358502526
25.545885466271116
21.59443703690461
4.894875949407412
9.594974275468578
19.138385459444617
16.577081143084673
3.5006154043403606
13.813505888509301
15.325866396084418
20.534851724838813
17.7157788435381
12.382262196551025
28.397172298579353
9.16566511515884
19.65289134573773
21.520366570855927
26.691052102481276
28.565264761360805
7.890245073609255
27.018518087997517
24.06150850364893
13.504142111672598
5.872335651069329
13.180232700609402
17.758244874390204
39.34479970735909
13.68380737002271
19.735600117099835
30.792827028570272
16.386256405912917
16.84295655062829
39.74718100860901
30.791644840119332
11.757822533805081
29.13705421737813
22.862909633860635
20.348058816788274
12.996173425836542
17.42900842044276
13.66674791234273
18.007727917629722
12.140342736873533
22.428401313135094
19.045711060709284
8.809390935948878
5.90907009551728
12.740690171631405
14.790618598849283
13.902591747032448
19.860544694073756
18.318233370363185
8.984594861702826
5.564914842468944
21.194417717700585
17.210435014155006
20.594682785026308
13.521058374862779
11.120097948554356
18.445645785364007
11.307080110478692
10.863029499092823
19.46164589478264
19.802642569790045
35.50825079093839
14.05510488393102
22.045060305988528
26.212038856227746
18.874192695800094
17.680136822089274
22.89300325147247
8.440253820834165
5.0629268944580765
4.147039085467985
11.39069720781231
19.667902468107727
9.790181756837102
14.767404885081273
17.8545851063273
36.72267376251897
16.04323997746973
16.297575832032187
24.23131096675604
12.452074638484461
9.71215608354972
13.48550673466834
12.574077119815197
4.416386090278928
11.477848974993126
13.926419395826377
10.505427905800314
19.875677452953536
3.9233699747405866
14.19500155668846
11.714987381586393
9.432599790921717
13.299398956918713
26.83406822118845
18.66879286570114
20.48377684995643
13.593189872995564
23.255739901430328
22.26495571193429
6.444543592112972
11.925372661132704
28.220334760010424
11.065293528285391
17.68358520729587
27.169624745959553
10.796697950735435
15.54372071823291
8.265183673275931
14.000697530639599
17.58225589366809
11.087129730934748
13.34619290057223
7.673372485029645
14.715037253917224
15.915786807520696
16.41398810719323
13.715695124610564
13.357326140654662
4.885397738277682
13.570779668930397
9.881629011534287
8.691220946858712
12.988030973537729
12.420104859424727
7.4598307268106065
7.6123350429138
9.667222981724231
12.601667623282037
22.668339952011852
10.886036974970601
6.744137961784685
23.383003993744104
14.684564940298257
11.373808679706885
6.5491706810447194
14.885184640081661
6.839488497733128
11.967024572608397
3.3233189189750716
6.824431147457929
16.948318902764697
12.67705327745518
4.474306836373504
6.695155893939346
17.82551532013254
10.254947009923638
8.495800128568808
16.526610137755732
9.171017720757106
4.379425959793785
4.07452568490208
5.483592883836903
10.250467415238033
16.66467418466822
18.14858570272528
10.591367786700166
17.694847895972742
8.171518631559033
6.358359204069474
16.04775027316918
26.29583217785077
20.08240979570812
6.26954315791866
5.858898712503617
2.9417008043787827
5.074764305950662
9.946443609408604
2.4823480034760483
12.533643057877306
8.261441156176577
6.792572220344885
14.103918771903018
5.464818179655748
4.905203476174569
9.075993816951025
8.576079914484652
13.77336290779447
6.092599577584552
7.762799585198348
12.559986063352518
4.356651000325103
5.328174329951781
9.527924894577211
17.095680477110783
2.692531245363042
5.36751572193875
10.891030973730118
12.295774582717542
13.640808929598661
16.013259339147933
4.0971217050071616
1.7424112891300962
14.319312570616145
10.636253217664418
6.106373323180167
6.560723507516686
15.222279119631827
9.20615848890978
1.1185983426877235
2.1292005457682617
7.1436617197778
15.561193395623857
14.470754613977917
8.093220615577314
4.843163517235637
12.578422417333742
8.5514248922842
7.860235398453748
8.192528546139023
10.698145358326432
7.383648070898484
0.3522748955681245
13.066697398575041
3.9048117246156306
1.6058870615359986
11.218764479182253
15.578273943395157
7.894361572907393
8.173495078434337
8.629452925200777
6.476913876258709
14.198217125442255
16.17777734096144
3.1462289520163713
14.953087283667339
10.93383287451623
9.198573027121121
5.9226000984859954
1.8643872848041132
22.887450817589556
7.535398346375695
11.110618644487777
14.065901360591644
15.11219050220261
3.776781194355648
9.774003520245122
7.475677007243343
5.3786111240560155
7.12827998092311
13.420634012441628
7.959407740001962
10.601103342168594
10.786316689775711
21.581978029115792
8.572261432144437
15.984400909196442
7.6750244766899565
6.83921961404227
6.5151613368552495
9.49151693460639
9.78207617136774
4.767121113257295
11.087716484485375
12.952382481858981
13.465409300284664
11.395766061747203
4.702876525309366
7.560747247161686
13.80473202493739
6.72892574596492
6.770535232667345
9.44387310048377
8.228996687710676
14.458819095467858
9.57591809780851
7.427896311626318
17.54798275831041
9.781646903348703
8.889366385896528
16.43867539322842
5.938824140697154
10.86850969015959
11.59699165839796
5.63339807660611
6.253884437818694
2.711553155095867
4.54312558745113
9.951385033627183
7.50502796675911
7.917466566635925
6.129313983443758
11.542684165844852
10.296236034723394
14.005350529771869
2.1252946407213886
18.362516702256446
6.911838932127529
10.612267244162927
3.025476832531182
10.113573263966204
11.830851491102113
8.130166721731204
1.4230617848362297
8.745066109463608
2.84943605356202
4.519125773615865
16.579247306143277
5.862514377231712
4.092652522190796
6.339485230221844
12.028078489527728
10.288080878257386
11.201547705264588
3.119251518236093
1.1782364392503235
10.605466851614532
16.523198230498956
14.07215076011012
6.4648132704149015
11.212568986885833
4.286158745536688
4.997479599533535
8.914403617928652
5.410007867582265
3.944423886560707
1.1233320213607623
9.31239369801304
14.053587748317113
4.762713640929761
1.9551265453984903
12.566685939213032
3.228419113126318
3.2399608557507418
1.9208672138552454
11.658409168908015
13.996235163893742
13.41413025539147
4.622869530535411
17.67924088664961
11.182084470435003
4.10096649451081
9.472029918496263
6.7221756746309165
4.060356753484968
14.284770742588822
5.181251916768653
10.59868120151038
8.69244703613415
7.146297972515945
2.7942917222051076
5.396832214064971
7.191303545908191
7.180971982700546
7.145585442174182
6.359628336508849
11.47623057284515
8.464100445518115
3.054594666755879
3.9964748646038193
3.2427999772079628
7.079181429328391
7.024651997683695
11.371580679818504
11.063597694111566
19.38227925738356
2.5259027588024527
2.9652373988476324
9.306702637645557
8.392411970471356
7.736182472155758
14.181173553881916
5.527624640691574
14.7770549889538
12.84971514231121
7.114943453383278
8.566787639166076
10.938922600532853
3.516771466324391
9.532139147053037
12.323974021130221
17.143865680514104
7.011186139747086
5.281501562509437
16.260328597284307
1.5891582137831282
7.123769294060566
8.002967190871287
13.493284956592465
3.6557091854603003
8.531879294149588
10.37702772388247
4.47932895910099
3.2700560905304146
2.633748853029955
4.542225430765305
7.081906980377568
4.9478050998627
6.702828153239788
1.9698487660449988
2.2607644099814457
1.6001339931800331
10.993292372714583
9.520858639082414
2.3664910056872848
7.125242750435463
1.9492541473077776
4.200684651636468
10.186672431520453
10.546911658814842
8.451323842078846
3.39502580447291
8.086280484200739
4.293844487377216
16.589803490678786
10.257620643864986
9.518675234688466
14.550417637836464
13.96311431143997
3.2135799135287457
9.375965856714165
11.16247543214581
10.528307198262029
6.583431839752304
2.7159103072346453
1.4440602491138343
4.349785358456899
17.345347613660774
4.320958917510516
6.247563384595042
12.814483663584602
3.255506485907489
7.279859569199485
3.485664367507639
5.088408441082411
8.098768074870272
0.3610909054423597
16.05605190594508
9.601650971038149
2.3392351253902706
1.3622727282822789
8.229700979806225
3.964256765091676
4.47346947179085
2.2765250150869627
13.997853851464644
2.2006012868957927
5.080129695867634
9.158959090717477
7.592500795973225
9.356288030140673
6.730229612384921
3.9698473535892167
1.355716647505318
8.176191094715413
10.331424720616084
4.214262978752286
10.543985309426356
10.8931009026969
5.672528708764588
6.065334151669491
12.097019217268697
5.105297423409875
3.0312865190956266
4.23489255731548
3.2367641619606586
3.707508555053045
12.787907425798258
8.513910807828395
4.640335168359796
6.4618643714846415
