86.322
49.96615236812713
35.585476398870554
87.6426997012963
99.18910355848088
103.45736755323907
157.47221407896177
294.89354307794184
514.596853112136
271.21529881390893
124.06965160139396
76.89117807376454
141.44072738038662
234.12144285119405
302.54946949293884
139.02111671428915
49.45889915346125
243.80606273923516
255.35239662182002
71.377811849321
37.9179933575749
210.13923016595513
266.2577635727614
174.2004681204944
150.1429764956426
149.31809521718876
295.7706059972772
76.0170298035341
103.38092170828072
188.65823205149115
194.54923351772902
73.53309894093537
175.18866720026443
100.41632605747856
92.21307516482993
84.70040187859999
236.59737705953955
124.33576189515766
79.5621621851331
73.31472324126399
46.219658668553535
117.66004552893493
296.36686791967463
213.814456932799
172.6793399445514
168.6792229515133
107.87435302671943
127.33199125866643
134.76709885312903
218.44789352701758
529.2268208461057
258.9898313017266
46.25821303230944
392.2083222412461
99.81758096512293
229.75753065849435
169.227096300802
98.26638381653225
209.64301894188296
283.26916156389103
108.6823550271726
48.98840239537983
284.67640682181104
123.24975117998427
252.89401039453884
178.5434823334104
112.33128007920055
321.159447994386
221.17342746240496
107.68799404054943
134.5651341406527
145.12295726025425
178.61494875376562
244.84236050448732
234.53372005767525
148.64879893240047
29.61486862275348
160.77782461322013
271.47027885463217
151.14370304492573
96.46704328434552
63.724871157965275
21.698240029908938
136.94185696351963
68.3643865623872
138.28697889986867
74.19893345625111
152.1008344371305
70.89219375324586
47.7354394754793
45.56015487827089
59.13256977953442
78.60107224014895
13.861059100562564
12.295792645869133
64.05440899001806
63.3151006335409
45.02057311932503
105.39522946161442
24.81568135779643
389.97746560878625
105.73232788559132
38.01303327584133
134.62712059836363
140.46951267425382
86.6704290568506
24.310512256542587
83.61162400296064
109.24032607131726
108.26188971291913
28.378358880223107
89.6506505452432
80.25482518319133
82.18711600848192
39.694912646828854
44.72384626807841
72.36342205086777
25.68172389631806
58.331744111912904
71.49198028971999
148.7671754449797
13.85443506102402
33.02326914205349
137.6988866328501
68.51502567990802
132.6968954983097
55.26794638283226
55.603016201837995
76.33610944297214
56.86193940348838
38.748056154437386
30.51375437038423
38.87286853322085
24.933595042111495
71.39140037430612
46.667212067333324
81.19442807370045
44.57868416669279
17.63339685717284
44.54506678225925
11.063190424658185
30.699971089056547
36.13905359097753
58.128043255817836
37.30766202571596
33.26757026515805
50.17752612983839
26.215730699391145
43.678141356081184
54.75301755062149
44.9689075248916
60.986981413006426
36.354877136662516
32.381240236458666
16.537882976441875
64.58467362789018
76.76306303636372
81.42272452619903
62.49942035260225
30.963904741604836
58.82083678383401
79.69427759888039
36.718455063029175
95.88464586054353
20.864705494919868
22.898648670944503
85.60927313388432
13.208402234487385
52.17787885620721
23.22848585004116
14.938831290546165
46.97680036409836
26.630918622103696
17.288120105723376
32.5704266855913
13.41817219507283
37.46454482808257
31.22747603079858
15.29933852504361
32.17932225996365
37.888659019261404
28.052175083207263
29.144783893971514
29.490909606657695
82.99888732857235
14.648845218156248
11.76577025027289
34.410678513886154
41.26252321864299
82.89174062827645
45.778851235415466
21.961686844974615
11.5044253637128
7.421992584117731
21.94822674889913
29.783313723596546
14.392883913871504
21.69519381125559
18.781949752710126
41.55140169238612
62.108647721189655
25.75623456482523
10.356733751441437
30.379972194417196
22.169866079619087
24.90609029998778
28.70830321455866
13.729029788488226
26.562028195444203
10.048818573263837
20.01903698272792
33.09108606140769
45.59863495769915
52.44950354004251
7.460331970568445
19.730071300483182
15.199495007899321
29.73507494340869
19.716964375605613
21.27914287095989
20.803834335967217
28.836413752919427
3.7199404013066557
36.960167464472335
23.521366085460684
45.74972915130683
12.07724636164282
54.01094656832685
12.752929247608563
13.042889666608653
1.3503865485005433
25.532306531217017
31.080250495927643
27.29429481734721
10.705116572987654
8.542422232886137
26.83897879510098
34.3389938087879
14.805382496998678
33.9577162222051
44.56611934754767
21.974825479931905
45.54963745916145
3.123620166683652
10.5982241506213
14.401373781307282
22.958634529213402
22.22551049001848
23.824769403866608
16.671138978989337
56.254891797612906
15.14034427245246
24.86925272844733
9.921880897306817
37.54271128507512
35.03635631777275
20.75658734210017
24.75754624003629
28.435831723589683
5.050505523751594
13.197926900328952
10.744136601393443
9.613978794881396
18.80080693020586
13.524689423056179
27.017998242265218
32.516998864970724
10.59832172148598
4.385396390773434
8.832379159229493
21.628078475439583
30.459572239060506
42.043712554098484
19.379487496355637
10.150492747590956
24.802844123577703
19.90449654266196
16.97762929822941
49.81621322963058
17.596547032801194
8.873522234349789
18.998482308245414
16.78919357507114
14.437487260209823
9.784311728342365
23.235362890074867
12.17658491001744
14.895107627325853
19.759652643820587
18.039299297144897
19.028454072932078
17.750801143711232
27.14896322657617
23.375576537662877
33.113341392016736
23.687768863897105
46.691927701200896
32.103553012807794
9.421880834626238
19.95593873486987
31.92422131768693
43.588240467480674
13.800192836836112
22.449548473680434
23.37351706175248
39.55558489979931
17.156959996122854
23.07041714295806
24.539903545467947
15.171869097476353
12.775549564897993
10.619642775718377
34.75930640669938
36.046159211094405
15.405937587276481
36.0567898613968
17.022230449629248
21.62583239998505
8.486362950862672
23.853255594706955
30.559292628904526
16.080194401891468
18.224534174907223
7.103642801882218
15.032815399251358
6.13725700339931
30.6074237408084
27.20627956362255
11.816345803342138
27.591566663217343
22.07620312104659
22.792139141505437
25.262957223207934
17.60593099750904
28.003343541383792
7.814747887839554
14.898526250633699
24.37748638246519
22.407460427614346
13.352282527311486
42.53426727109235
14.477283865149461
12.742947654899075
9.22764409637957
12.896050462236415
14.163250395726045
28.851064238876152
7.759762393418487
11.793853083264695
22.201971294675523
5.913028638091209
16.190278578972386
8.59083984991407
24.901518155437664
13.609163354429969
9.70871371887139
6.042059582457772
39.17013233634993
16.953251791725176
33.24764636302792
25.13510830387878
37.03919383488344
12.563686097754497
22.260925938896058
13.365438354859522
13.829583342572096
9.456723878760677
12.02682442174492
8.860134595398295
18.33541659122249
23.99502787746728
10.464479567247777
26.479029485222185
16.55452848250841
16.56154928975664
24.225016289344236
17.770438339869802
6.42512620023618
16.58678873938292
11.246735718896677
16.170004887168098
39.38146090524131
27.391740748783914
2.5218878141079055
4.559191998520874
17.31977398841416
15.72887711544406
15.733121681911756
6.534070465533093
5.818213765219768
4.915378987986401
36.28360314367836
24.007499741731525
12.463070575220119
15.308203883659512
15.858420436330931
14.48853298793958
11.756677393208944
12.804218915514014
14.817806914813476
19.923654325983865
9.064665836043478
17.957394034399
8.569533314303415
38.005429347972836
8.486803259094199
16.021848994267415
12.983049509830618
14.984963985193346
29.427645177187426
24.156719314365414
5.409393118485943
2.3947996257457516
15.132743773251983
13.130330626240761
28.415754284179684
27.938809271592874
11.375849032286451
15.135369958347487
3.8659364593177887
15.479115623967072
26.92242165016558
23.095867442710098
11.304308985903235
9.416506337420344
14.593541304901485
1.827402830228918
29.239911472750947
25.939342014406282
10.977765511903641
17.294608518120672
14.098608331390956
20.32591694588684
9.70197229791804
20.083070221794134
4.982673399200773
6.205524735393818
6.29608149336365
22.19931986182914
8.337842445806116
4.824295602053684
16.985683454899487
25.56834450468506
17.737057810673498
36.576859813143095
17.23658346996033
28.08588518373565
20.297068191549638
11.333546370344516
6.964263969314077
11.534046756979885
16.18908963201041
8.966583437782079
16.964822344462895
17.49227832327853
18.2720609844949
15.74758005355975
21.56519937504834
17.30375082935311
8.913507650971386
11.746660088460835
26.13457642779232
10.33453268861401
30.898110578657377
19.014207479778246
3.3323374667106362
14.983218173503989
14.30838578791723
8.64394317152756
34.71387938436744
7.052419671808702
22.227773073587784
2.4403023122116863
4.596653767772029
8.17055939325857
34.497742623857924
7.676083736554791
6.684439244043223
15.823718949616026
15.784378436867504
32.52226380167137
1.9612635508411258
28.17183689631132
5.011081873053988
4.43085118086953
17.651333839030872
18.766814438485337
10.974830064934745
20.710035623976975
11.124431373737155
16.2839850692218
13.190378383446333
22.88287877241955
9.574277751908701
9.923860580864043
15.441365474770036
9.184577077385885
21.115216647559816
9.431073779573461
10.635141149511382
19.00356211389721
13.673577548179413
11.065083157215987
12.559871983130067
9.8913673370048
20.845877025023317
20.709025393874917
30.033586855333986
6.951890427629148
11.000356020888606
12.405224041504907
17.944177497051346
14.246815495936014
12.716185540754404
15.554849172115796
12.056082729601957
6.208009598810973
8.87529029699792
8.518137818149382
6.052501999840646
18.178568860387507
5.0680691475057085
3.6518439803958507
20.72871392985856
17.437757280859504
10.28337171903726
16.031675179036366
16.8762529963632
14.30468353822417
6.661716096613905
11.178511605556176
5.14398290042506
15.318758299024264
19.586059844177413
9.257967984849856
16.263049286791045
16.468219729120605
14.037782876989676
10.563860231166622
18.319690424406595
7.08832170375296
15.456404844367098
18.695184411447887
9.747104684506192
9.95588837520192
12.083407676432628
21.515732894298363
8.060556125008162
7.8521528088790316
3.9507915212883935
12.648847082312136
17.647300174333008
14.90594086472346
4.788089787355618
5.5353288751448195
16.89647726352698
4.678760356355
4.984468980594099
9.001341740542122
8.194000381302857
9.029274951970462
14.06130052871399
13.233858701642326
6.174302129753521
2.058992550087518
9.486966148101708
0.6724664210387866
8.993842406033334
8.555698011447655
7.4010182022268625
7.173903558615456
23.326249372683414
1.4972037964778568
4.0686436343857
13.20012265522026
8.860917521246824
7.452714012951022
3.8061343577446984
5.087422635675873
11.541988720197226
16.676921028170685
13.660563046663869
4.400623699630731
7.836648187408237
15.43244407282913
2.3899746687080854
4.092253045527972
7.092090874309731
20.18616118704949
11.940739462937033
17.288764465556543
3.026270662338448
14.66974299959619
10.559172888798518
10.917709428622612
15.143703799322733
19.566699885012554
7.401923913093334
3.4938572867469713
11.772220074418742
14.048858512678724
12.419496518589542
10.617208270698772
12.479113547193696
3.9393752436968965
11.692236270568895
4.751039542048038
13.865471391548578
11.294233607281084
3.1067310904679353
10.575112661739807
15.670968957433425
17.932424586148713
15.3869858303962
15.480658446330983
8.269218142967969
12.376790545643356
2.2006594625571427
5.361430575246352
13.105633159541094
6.164639278028031
8.399651404340142
12.08522728950887
8.501906939405659
9.560141583065565
24.89496883747239
8.249168148926705
5.39333232583179
12.581699308544039
13.474897547899475
19.599494275728
2.8327768843741565
10.96031705511002
18.764208227149844
10.164843569251612
10.576461452462793
7.0127104853161
5.964601063636581
8.52868859777881
1.7555865679194667
7.940883452902142
4.636397154893076
7.710802194284873
10.796539529383232
1.7204634938646064
22.476979106615758
13.510124204439261
9.213975941298452
3.619988879107215
20.22500451586103
6.6578221073874335
3.101410173977548
8.809720233672904
1.6092965627055174
15.940964131685186
10.736848796562066
10.280023046130319
15.130070605276037
19.051660917750354
10.065604372238528
23.448040712576656
10.286034044878154
12.170167414773738
12.885702314512066
13.032689666866453
6.283254343868951
9.217028579432514
1.8612292770497567
8.990040250155126
7.525599883577417
18.326999494849463
10.863350421993559
19.532206595441163
9.895964043679712
9.466441844512643
6.243877969459644
6.167614545063192
14.193321227400402
9.942700250564219
5.02749197926808
13.728149409472982
3.8864181745653754
7.8831651930660795
9.550670082081917
2.292133963110114
1.393491703866195
14.846730692583893
2.2768771113744437
10.498022079740425
10.901677626207123
9.987438076608761
9.695325892925949
15.983452445319177
12.27143538863349
13.76173977009767
0.7952402975988988
15.362630432025734
1.8973154154769
6.651877296626211
10.263721048390101
25.95288709570073
10.509891252856937
11.108715512098083
7.594137336999347
7.799842081414739
7.327346824164748
5.930481609903356
5.963715153778885
14.101357138053565
9.648787942556405
7.821427486969552
3.2222717138738224
3.2496998905885692
7.259894672903557
15.74219147885459
8.188049304436792
3.808617988720498
3.5518621720879113
6.668280071696145
9.521153520957478
13.52164440741728
3.824095798464944
13.742375541909677
3.4323357749200825
7.568174357656808
13.802373838755456
5.485492146522169
17.366760535149755
1.1745806137614871
4.432411979310962
6.038267877495874
2.795486415166751
5.084691994698597
4.766091829228442
8.173154070771805
9.527094024942107
12.783781997450427
11.644331223509672
4.214978023148945
3.1383257128448454
4.231198827837819
12.079187795876297
6.317758122732549
10.914631213339339
11.072521131213687
2.177088110871547
12.719589853619258
2.005748555887874
10.033365698521948
14.028445534181282
9.332758000199975
7.206814115654689
9.158775905937395
13.025274054109042
12.198099149320685
9.666782088219666
12.147344069954428
14.357023700319388
4.037274772882199
11.673174445203667
14.029683893976747
11.286346659301616
1.5901798161885494
2.5129706788574175
1.9806566921511577
4.287612785632418
3.6776835088936073
5.585927084431637
7.6464230498246915
3.570394754374378
13.197126902665575
3.846931823699546
12.4792574129076
7.046663622921731
5.090857102673256
4.991137906273672
4.522630114038081
13.67659207355718
6.049446563029655
1.613095242119825
5.015939048335409
1.5832100115151535
1.2477450438112907
3.849624915322119
2.807810385675432
10.943190695358087
8.764180823218789
7.7433351080677895
8.082043946493776
7.919628977814394
5.222889115592527
9.708486559300683
2.2848902363558734
1.75928930935725
7.651981405183241
11.34967109963268
11.901061814827994
14.429391561225161
10.933745151921737
11.666384347044847
15.987140568181086
4.6008860298785965
5.430465558163411
7.614639328147023
9.459149850283662
5.380297538048983
8.984644930550557
8.499301115980487
8.225191744511726
9.342352802568275
7.509379237909552
5.801236999906422
6.986951795899756
9.811186727966795
10.576781432802415
7.564305136388807
12.255635615818965
5.861307969337045
9.164698109642408
1.4343420253359636
9.97709725491816
7.057966143437311
12.659219852024586
5.694640024186061
4.944423644977834
8.129333775866836
5.414390196210314
9.01326059126077
15.824236405628417
5.0497325966567
6.236885019379457
8.475863969633046
11.967193642784638
2.9392490567520544
11.569345323931813
5.234366918451525
8.074224272762391
6.112272010731095
6.650273520002484
5.738322654315475
10.658547646763715
2.8821425719817424
7.484937520230756
2.224499508038107
2.3180064408281607
13.795764125964324
3.2696291508702378
5.672441711532233
9.565171987317177
2.8491861203818347
6.52115724981694
5.969770574069055
7.580904148404793
1.8262614082628803
8.786792255102672
2.4477812103458785
7.134036686117106
1.1177127553483148
5.147713457095636
6.833141962855921
1.7474304538511292
7.159405176252858
1.5926795211291798
6.644947522564116
4.495609027782305
3.4289543931426056
9.602098813684108
3.3698703740479155
10.079762511148381
4.443105772585323
6.044218667446438
6.854676712413095
2.6979074502477207
6.738250361842644
15.143724316399789
5.268633309938119
2.2841171409393835
3.4883406943335413
2.6049134929127304
6.134247741395715
4.807164509357329
12.978526181467917
3.1845685801508505
15.744055663717093
9.494484918867956
2.6201162342186857
10.717558645625383
10.22031656280309
5.093539630150297
3.2445166488447885
6.578410496074392
10.85495012109163
11.77690336278499
2.852530269346058
6.712895311535823
5.561596315130314
10.7095777639331
12.556079292721275
2.543553868879582
2.3087533465123893
2.965979050238021
4.076709463223313
5.516004086475464
10.628694850156368
8.117575894968116
2.5320268903734036
10.577998003283135
4.923397106711233
10.11381440308672
7.828499201763089
5.1617997474094475
4.412215421754261
6.24562505827739
4.583360037872587
11.087900186781738
3.209031501035401
4.389497419940047
11.535640775839687
8.32093051860227
4.845846614421798
4.174324960996683
1.6577570357324938
7.904394772671406
10.681300322290403
4.436065081991205
8.286598053970138
5.632008726409614
4.277175599195011
8.849325928687108
2.925338648741076
5.081850441972175
5.869508799700021
5.753122770720151
8.778214355978394
10.735265318789304
3.9737147038424525
7.487604190750603
7.506735146671711
6.498981868875188
7.980624323017441
4.926419399263906
4.023339015753057
8.655070597381254
8.679621184473401
4.44954849100124
6.030473655278217
9.9399378474627
4.850719358438865
8.000096508142498
2.565988334015072
4.300141166346633
5.52627078190474
8.280638832102985
5.9265625291109245
8.177651099897014
8.10536545981937
11.426200988068185
7.101908918522897
9.888835952473102
5.217028779979593
5.716899053782037
6.9681478901354685
2.9728822515499975
10.492837230267456
4.583411550211305
7.612481610859541
1.548600707192964
6.696658051646863
7.688602401242199
5.95407392866038
7.507872126412044
6.924580393351241
9.634325982518902
6.767770224636638
10.89853469028966
5.303205819174681
6.8821434380478825
2.214294357515084
2.143755525409536
3.691481970991923
5.901395867202157
5.037586350772424
3.002985131221923
1.976920013744193
8.743938864680663
3.8936856947059284
5.1490657554234724
7.120105215736999
6.246703035888778
4.628565612428079
2.3049989838667337
6.970390462879098
2.937576486694115
7.296395888790042
4.001716512517783
2.5798395419849225
4.481230821536402
5.082093430123264
4.066028644120672
7.648351588731511
170.15
34.19921165288697
32.10731862032593
52.27657840305372
68.53670900558711
66.82399702203575
43.50475077920418
71.28506964466247
92.72617471165661
104.00803248370067
149.999927926376
139.33515133335413
126.42881086954183
112.57468407381832
62.76560521214952
24.408604342440093
117.75432065864405
69.86777990316124
80.84714879316924
36.639294811325655
74.88479106381078
167.66737874227425
257.1153163172951
114.54963996670445
188.6680277875167
271.3536740226287
39.79311690258856
272.4536914354747
67.95652420582111
40.840000810558266
195.34844039579272
43.753098851223015
224.28868142595226
123.81060060429246
137.77061906635657
385.49031240569064
87.71491496033316
207.5564502666619
326.462805989034
206.92998253062063
232.5450602075415
251.34979967673462
139.82317513070402
143.76547732730262
46.358039994656195
26.744259021278666
155.35770167397214
415.26699204780573
253.87583408764073
94.52029606632267
319.0002675271496
299.51258865830255
141.04990014991364
185.68444798553284
418.5821889780413
152.23512683483492
314.10974726896495
287.271396754846
266.5010429967138
297.136044199488
225.55139595546063
168.3830538301757
309.7577653846439
105.64550497390766
177.10521878515422
71.34533343031647
256.0474379616835
212.91934153444168
59.1890690886991
107.80651825840972
217.37691762847692
147.15520572281395
128.1616011727414
74.98655989936435
137.66798217687366
92.89767227099695
89.45179341502634
128.1094048673394
228.74165797756885
46.53460673633521
201.87305734298937
121.61410205852896
70.14111399864872
247.67795584278886
80.54970144586889
150.32000030193603
78.91218167574816
126.3218585765007
150.80628378156342
42.55834715304095
118.60532449898889
45.905050634131726
82.06522718840995
100.68034290376285
95.11101918219921
89.64585394901849
193.43665614908303
157.23175722856206
199.43631255806935
97.40577302713021
311.82310144393244
30.77856648528782
19.260533097789633
54.77744651131954
127.46252482582202
83.99705521844285
133.09471201365673
61.60181601132744
96.50594617985904
66.60382809491686
129.5050090224645
121.31498473140047
43.12459831830123
105.38651553211987
108.20723140476994
129.684093050042
14.585123146434919
117.87666282923098
85.96349964901377
60.403048459734364
138.75073021602324
119.8234908871
72.46945574909088
44.9491071044902
43.45196207998148
57.11162878184857
61.54030458057534
32.288930093931214
138.19355927903186
77.00812185436816
32.178565802596914
55.14912989359182
38.141924989158824
58.70571132531256
62.145441569101216
49.64071818073506
43.62077533315696
42.580347351159986
20.220674784388805
68.77974876971103
45.590558184596695
57.98396607119376
42.781138142884124
59.12776680439155
9.319147289479723
56.4781930250587
80.82112596792857
51.13401051412379
61.1890727029998
32.022692860458676
29.738561404317124
70.83524939999013
84.88477830356953
57.311351868799676
34.54064436905002
45.591153410792536
32.24341310917953
52.80231466475031
57.586190335114054
64.32995622093807
16.268784728160107
97.60369691613084
32.57034438959857
17.946070319109072
64.67869996131112
28.67495639887
28.953189247020674
42.75070181105796
23.09924980735585
42.1985717215273
3.226448444222829
82.4124684487998
44.58779884759133
36.554964401209304
80.49831564260555
30.86331928720794
56.64437188331692
15.227344585210984
40.40434054118815
43.833683201663426
9.713805982193119
34.70360901196626
47.16352671598724
21.05254596472665
18.05093083586066
36.53134414442545
34.76755828512069
15.408251916189233
38.29082076139608
52.186024281803476
15.000424524439692
33.14407678570362
10.605003890707598
22.353695077150167
6.511327596187816
30.488404826219192
27.151691980664882
24.381760142804517
27.544461384178963
23.766807271615768
61.98603502261846
45.88042179970836
44.15534028724026
15.425862475716519
13.777098237448467
18.96930422877824
25.212480752794043
18.61818523926056
39.26648508338346
25.82908878216125
49.87079826968061
19.189740918195152
26.989388249447302
45.31002843469085
28.805644159606352
9.251511925392947
34.59015511338821
21.912990371098157
27.039079082397176
18.870818120969194
46.03437228293345
14.679381106139097
19.602435204330906
48.32172657483336
45.86550635411335
30.179645787271536
34.745090634199514
18.085500541553166
71.16660058955061
9.779301922184699
52.115968896525686
61.68763861760588
12.110653984470272
13.640750973556852
26.08661959399156
22.507972459510043
49.93145305591987
39.709811156605866
29.74206430933947
28.567225503777752
32.81391872280539
11.437823824669879
10.129897381141562
20.955409790508934
24.112953907507038
34.2836655432892
8.115903871410147
33.88423869660588
61.190877309730965
12.894855732024904
40.79806343079092
26.442481620552996
28.5132833227178
19.618667300131595
27.627795111412777
24.520073700927757
22.679146952436472
22.173201970596054
19.22017771765396
24.148389159855196
23.879261930144466
6.313900832833052
8.096032354190651
31.805030276229417
27.08113348817296
16.17337579087282
12.428383217187069
8.210488582779343
24.906295961116058
15.177576802527033
35.61994691660957
44.545745049668575
12.406657799330356
37.3934965070886
16.77394894225839
11.338032186302769
21.471653334263898
35.30666022573723
28.358801831144685
16.195012572262385
35.335824761263275
36.48523498862236
24.429207213862945
6.330290686509004
28.02498980183869
18.559377209384763
37.53291600362182
21.080651012727735
15.717725939253375
13.973272027470147
42.46905994104999
25.99281438540796
15.641855325407885
17.995804687122927
14.5087872474239
21.049450594971194
24.1515685171152
13.841096872955568
25.803021555252695
36.653284838743915
42.48966421928421
16.46310683108577
13.172229725188009
24.70166741568749
2.494990373159833
20.303792589557023
39.05030282386588
17.294331622216337
63.81449869816258
11.61375900585595
24.989603039470158
30.497931800732374
13.934779621342317
35.800957170124235
14.501972577072138
57.15861009409731
31.420763285344922
5.191252035022269
55.124424623474546
49.644677029833574
7.745199225630653
11.925054696260515
5.452862575867537
28.45775582201853
21.336411309816093
33.16064634468702
18.4895023787011
26.52883557697283
5.138213218798044
18.017346411887416
12.937385193767529
15.185976484845817
16.112101101778308
29.32124579728228
11.458131741753704
36.90448221585473
18.56277369742343
15.612259090850825
55.832458495694844
43.892247015487484
33.695602102488884
34.53206167835322
12.793092504884502
17.24728472364727
22.337067112172644
23.158686497555628
45.84133304285435
8.047372958746417
24.483475285426024
31.444417747462627
26.88843387618243
28.661107568935687
3.439552517141881
39.372944743609345
8.882014457738439
6.886496837675213
10.626983374988129
50.216901309263285
38.91484839347481
23.48665864995423
12.37144681897909
23.98280144253653
19.774990193626408
19.744865966453773
8.121728961757148
34.09951637942205
30.536613746246722
20.07380584682126
30.92470325313287
7.714791483050094
41.764159192729636
14.804319362324884
24.673445681169063
0.4976305777821614
25.54516690225427
21.906452447866233
14.181020385352422
40.628505986752835
46.9436620849443
14.914637792390296
19.171737281215567
30.62118309319888
16.326044252702594
20.208209968399082
29.06796095079482
5.717257758503048
27.815226778430354
11.134699788808428
11.536004825799997
26.209082984250017
5.152946554246571
42.64758977582886
17.85704186548868
17.830448730090193
6.9132981445263795
17.792958532691586
31.32202430424949
7.066644625740815
5.919533666384052
20.61470825373034
6.545048034611956
21.62775212069511
10.03478843371676
9.271467606651617
5.372372139081438
28.86015112029124
14.727466412694449
20.099931538434806
12.877826580631027
11.42483413558464
27.394823380429642
18.13204634302432
2.164846621294195
22.228132563973517
28.715631003186523
24.085025717215586
5.69315311293044
27.03054224841407
16.997295118865058
15.02815151860966
36.44858352327887
30.065857124914867
33.49414395339663
13.648806197618931
2.3896767296850454
29.1595278464119
11.975282429063652
12.101187159758833
17.566573214935794
25.38716811025542
4.912992034034798
13.563129828126636
1.6859250581994383
30.304656785371357
36.046284950015824
28.913100669904495
3.246308009332396
20.874102339777615
19.37735018458028
23.227429265435397
12.029511472117166
7.9139341908925465
16.710955838188003
10.03373825173595
10.600431315897811
29.121895351993167
28.725900385414906
24.77508712335305
4.491002766761715
18.26747580827514
45.80823422097372
17.059407608423886
26.86195755335374
8.134200879347611
14.927549561384446
6.063369260866629
7.636260063702378
13.538837875028742
6.834766932218173
23.855934457615362
8.628579461308345
23.462461472212777
29.584314295003576
16.936718789916736
17.27328850318919
23.9950869143044
20.448685577206994
14.205991133153043
14.232334321898641
12.047073332073278
11.9539533172424
6.361742632710798
9.698130071751233
18.458386976074063
16.883927224148913
9.5026500739638
15.36229923374747
16.592000749169095
38.08549808231659
38.87452234823511
18.186934762095945
13.189210445840713
15.401758827528985
19.139201947510127
24.071364147362925
24.626619965704112
10.422007341477727
11.48454769579122
31.179137284727076
30.217500185464214
6.712054739443553
11.68710985543365
31.84458045077865
19.752924846616015
13.379536211023067
11.35917070199357
9.378891655520164
11.968582685120884
5.614663356160477
18.116881796162854
3.7167392508019943
13.53849516321388
7.723563472456686
26.146026159556484
7.029043666027414
10.238697490433015
20.892961895374693
16.750519509144812
9.359462796847867
12.450384751072276
16.59159365446398
13.217544936104407
10.967837192286908
14.54976050920834
21.875083294683147
14.662111293429403
30.41943407588414
22.212566776787796
3.7361117960521284
18.566122364578177
14.827728955140586
17.254872532308113
16.976376797109154
19.2330655532973
13.781913065744357
4.40290874146804
12.916497304384094
17.616015235534903
19.78107005096669
6.787064357755237
20.581896728568754
20.672202112335743
20.428083766905896
8.423213554688202
14.328926862534589
8.328916683746964
13.616043627805288
14.638187969154945
12.236090048022664
28.8484092139253
24.894584667738727
22.38148744822221
8.403477583499273
9.042466789765868
9.91476393589321
14.526991607147524
11.91872662408616
22.366936498149517
11.189689871384793
26.345849965990304
11.65263903271758
15.632170054792606
20.65601508320431
10.59717403592352
25.12607511034281
15.206235021570262
28.316559008989895
14.357004514762417
3.447545670882583
14.278353191116745
8.414387428525055
12.753208714898424
13.189223756252543
13.23482149758571
5.2679991110028785
22.922779181022467
16.45112410556708
9.435735065588426
11.962773416548128
22.186618113258945
19.30603010942024
10.850643628901887
14.26401633474622
21.283965728785052
3.524440438530385
16.681837722103044
14.655037133373913
13.473376045842087
11.856660016049089
22.27663874134452
6.288731455453767
17.46693471431999
9.116438144020242
9.950137686481298
7.629906480684332
18.884501835344544
23.03173174057289
15.473098932813377
14.399216153618925
27.943448639741604
20.706936275660148
30.226277812570086
4.291946676367837
13.75143796474744
18.492394281928476
14.919084012033869
26.953254925693834
13.680631158758464
4.659792864521269
15.969825938403297
34.26045844545137
26.11590552371712
10.150817869494514
13.482183870485176
17.18905155120997
10.149471666010006
20.431314089449256
14.713802389027464
10.0099237862409
23.901694975797227
21.079760380732804
10.515409779933986
8.57332272992439
14.026575582266036
17.46174794523825
21.440056918111363
5.7351025400591595
11.390802133552448
29.374227824639583
8.905931052763675
10.945707297863763
12.017968179139324
11.895371952017104
13.243292712572833
14.176447615652512
7.523613285285964
7.603421721443558
23.637374351943457
8.131418293752693
19.39564687044977
24.367296427759236
15.631717963276273
15.14601617505004
2.5264528205739047
13.390733914092026
13.810110202121079
14.226329275074548
29.331496188006383
1.6340798411135724
9.057872960530943
14.165941528867256
34.50792068503739
4.58972118450139
6.048967757960937
8.370171569409584
5.0083227129136825
15.399344754574782
3.527025649714337
5.2661200382932565
3.711927520250508
29.329972677243973
9.93583794239353
12.458617982784611
12.71090969883283
5.71145026538221
17.102003361696838
6.509368037337952
17.32245418991283
12.539062210600958
14.126795652669403
18.590780868456168
13.568035246263175
18.252734391787268
3.8643641755257385
15.96690978242185
7.834043703671331
12.287262609057395
5.054356342443172
14.89279465789112
3.005205707540293
9.42434869696947
9.388167967517315
10.172214540353389
7.354659805951665
7.384913345093944
7.382756496345408
9.109757360783995
20.932666534646355
11.609203385120374
7.193768832685987
2.6249049105319204
10.109017428565451
0.3686902275248521
19.877504211922506
6.600352597414855
10.196092723490715
3.980050700002885
12.583998658783964
12.397873621715718
7.026807142942806
17.188720411871156
4.265778163040125
4.692644043480898
13.053301252316624
17.404394352134965
2.2207614976116936
8.129854937747947
7.316208428203785
9.02732121319349
10.079747351543055
23.527148233006123
0.6951609177107624
1.4801273328608346
14.485604819045308
2.2473410629717763
6.392707897820769
18.336853416300652
17.47250477152059
2.4439815643105263
6.675607950889424
7.452299414317473
9.878193987109658
7.762299733404464
3.547941744509483
9.815977738026284
21.582073824068004
11.278977490250682
2.9937104542388173
9.383813483032245
15.827823397293095
4.345801093029247
7.655961566076692
9.073373021546542
5.8376711997764765
11.323735181610546
4.754346241264746
16.827894138530027
18.564079739395652
8.173613436559696
12.263890701075816
2.1452819565439416
3.8912256694952334
8.253449114942404
6.70537060146837
7.973401893475889
7.09410861188368
8.309913856176244
1.2994784007758908
5.034905266109267
11.187586287729506
1.5510978520073204
11.99075264003995
10.676210478122426
7.2956199740820855
7.159622421695688
15.047163870364285
4.059895517061425
0.5595049943087219
10.028235322978619
2.4321386862067302
1.96022194626324
3.455823123812008
9.62198566490892
14.290051610090861
6.738478439571739
9.355538814268563
19.478011658673
1.78062137722811
9.197276556144947
8.367786655972026
14.692389093484676
20.628533922193704
2.088642294997095
11.587588754497382
2.42711900391229
5.473747573233776
4.916984375566147
2.503599750819983
16.023085602274303
7.943984606081026
13.165146359562849
13.020387655923738
2.642666507167389
3.90150845919697
9.396763391583214
8.803306678769893
13.664633602487
7.983458076186045
8.434554535992316
8.540459747847438
1.432110067184055
3.2916075120756294
2.3951960759012585
11.64976320109339
3.580256004259342
3.3918243506616013
1.9805883420139452
5.066086306258301
2.0540637238154584
4.795589363350073
11.097430800848025
7.822560051285188
9.515172575298829
8.819966319876551
10.028172095719706
9.420700897176307
10.18399798440233
8.9078303376052
1.225934507033498
10.565032323143429
19.61892589240418
16.836182879856906
2.6933216615564697
11.546794318419757
5.285139656010775
10.728874388773612
13.566466453452191
12.643611492990768
4.4867920903402405
6.366523228466462
8.96643526385396
15.002784832417909
6.481359567974606
3.775112281238786
9.899649174037986
14.712654574422793
17.792782689393068
9.786509201238287
10.953966304682481
5.221762138635858
2.8251439310560436
5.710340469591451
12.34778416480707
9.69741031229901
5.619683240812564
3.91440617359007
6.774879278963764
10.8814495262553
13.96640122068814
6.7133712687426215
7.25339186233767
4.379079787425555
12.65212540154218
0.8920391419568386
2.0047787082399564
6.17539268158421
2.8700015169764947
10.697869036757305
5.448449952525878
4.109612209494353
12.2697642788368
5.368298397416781
7.782585946960904
12.712456932331676
3.28163459352217
1.9196055436153698
9.89609719507062
7.294873371918458
10.18948420609825
2.7457753664735716
7.849744682330464
11.723967258386356
7.291492499076529
9.849056141223251
5.962220066790313
9.217394373306
10.899902716315966
14.298594768326902
3.4463045053271486
4.888755158764782
1.9250078393992296
6.9621255649080975
1.057221338574662
15.15533892204282
4.177393416538025
7.977764676026215
6.650698009069187
4.365551342183506
2.918487642323819
7.88348656300415
4.80782234459443
10.389518622773377
7.637401910223098
5.876890801581535
13.223639437239694
3.1688576946190445
5.84849405471218
6.38044568473374
5.197896203894381
0.783125723426824
9.244861710707106
3.6129923127573162
8.754946523894633
10.453219954383943
3.1566109580190744
7.149572848921179
8.957090427424925
11.605106546276092
11.145580267927343
19.897273157028906
7.8067957128961405
6.15521359595562
2.8807873342478993
12.691574917791066
2.08676267739907
6.288774495248432
15.060214375250897
5.1477011388600635
8.16726429105103
12.237004079763855
23.6376373154694
1.9184694448082047
3.1081106891359473
4.564655966334611
7.816481271716381
7.525563827447186
7.696651525864186
5.251975136072655
8.474681596482114
8.706290010032301
6.02816811539502
3.9616634443231185
3.479663281021153
5.115044267232542
7.67756292210029
12.05542007688789
5.557198323808367
4.383298182714791
9.910374403558174
11.476197639075627
3.277544164171692
0.8134223008191684
3.4781477276351946
14.683284598468447
3.8459221711310008
3.5758320592338544
1.672573135350229
5.274011045174475
8.766099101649333
11.217509538721332
7.231070460466203
0.31998316993100506
5.1619185050687415
3.8354003031760984
8.887556153974128
4.39617284368537
3.7576763482176854
5.250320304615624
11.474832375978826
3.0797190322953023
1.7569166412232546
2.718058958129467
5.050308449681183
7.015386899362943
2.8172681437561975
8.158619546650401
4.104946967415588
2.8292916722876247
11.368818326692926
6.331780867605306
13.189751523041219
1.5612922378325336
7.217496109790529
5.12027745303518
9.44308604380535
10.965925997542378
10.302655333868566
6.583092632285769
5.754178129809397
7.403442783556941
1.4258010415850217
1.4442385820553316
3.5369054196851475
1.0650987041998532
3.964290928376042
5.620225896576003
5.196949870058073
9.251456804275367
3.68901839276809
11.565108811054452
17.15461370704064
9.61586716173965
3.3628780505020837
10.81538182880837
6.0165587688543
3.7418572008924706
12.858914296098648
13.246076077940764
6.040184552184969
8.738598705241383
4.110445072021399
4.2769317261589235
8.636528484447261
10.612728769178197
2.4503175698483903
13.14449309638512
9.119549147021488
4.294100632817207
4.38269607068026
3.9236227537378334
3.1248344886683648
6.137726726998083
3.4324589649349804
6.3873545744025275
7.088780499529766
3.4078933799310787
6.842318140057474
2.755612383389766
6.7741389746729785
4.916806545394288
