5.869 10.338
7.473 12.294
3.316 7.962
3.052 7.926
3.729 8.634
4.757 9.657
3.184 8.095
8.606 13.494
9.133 14.178
4.100 9.103
4.177 9.418
8.088 13.078
3.119 8.049
3.368 8.473
3.613 8.855
4.197 9.226
4.237 9.338
3.704 8.781
5.796 10.891
4.470 9.634
4.779 9.699
3.973 8.978
3.610 8.675
3.425 8.668
3.794 9.055
3.251 8.439
4.120 9.106
5.743 10.775
4.222 9.284
7.971 13.172
6.520 11.038
2.210 6.689
1.819 6.060
1.993 6.459
2.514 6.890
2.718 6.969
2.191 6.470
2.767 7.200
2.333 6.410
2.068 6.360
2.157 6.675
2.439 6.638
2.152 6.465
2.175 6.773
2.286 6.465
2.703 6.955
1.875 6.529
2.197 6.480
1.733 6.181
2.777 7.101