6.620 11.914
3.020 8.168
4.720 10.128
4.600 9.005
4.971 10.132
4.113 9.277
3.800 9.040
3.906 9.103
4.843 10.325
2.715 8.114
13.482 19.010
2.648 7.838
4.092 9.453
4.469 9.552
4.846 9.930
3.950 9.240
6.974 11.979
5.069 10.092
2.143 7.341
3.110 7.981
2.381 7.639
4.972 10.225
3.596 8.505
3.339 8.228
4.488 9.706
3.102 8.273
3.074 8.156
2.276 7.448
3.788 8.812
1.775 6.816
2.236 6.652
2.006 6.527
1.969 6.821
1.746 6.191
1.940 6.498
1.818 6.194
2.871 7.403
1.762 6.302
1.846 6.191
2.339 6.837
1.975 6.728
3.199 7.735
3.865 8.396
1.763 6.430
2.262 6.590
1.609 6.196
1.315 5.897
2.665 7.074
2.360 6.786
1.870 6.290