8.010000000000007
47.76853956115955
20.7942396599607
86.47856241131049
252.07279943434483
121.82878472837164
61.51016308264695
87.50490304862359
75.06839537794538
132.15089470220755
242.54379323788683
48.15258533207516
76.41248321664735
33.956099749302936
68.74187217136182
85.31595557990818
145.8015258556258
114.83136887078699
168.12451495610085
129.8468908749577
69.78149837536512
101.82578100560428
129.1377284813905
54.62241859316514
149.2363435047915
224.1683482085968
120.91409061805624
105.97652562035604
124.74011030255684
238.3199339371214
45.47005556479104
144.36197635926294
91.83248077499121
180.8347491857779
60.538817125693214
39.71249703508533
133.4447708196457
135.5426303977739
122.04972405815785
56.97469559158673
181.168543023836
193.3359374249614
297.7726817988942
112.93372662919585
212.4874476226647
173.78855726797292
31.991442730534345
80.90064531126431
89.9192114324138
66.24554370306896
127.49762473868334
125.04134561686068
274.31025322935955
23.73295669651855
347.99660163623423
135.58636536293022
187.6275985809589
67.07134878619698
115.27847363796576
203.77725693556107
21.25917297956385
47.654539585742825
15.890650872641256
103.10702023657845
137.9202842996824
97.56261617123477
153.30027649300197
154.97033224615086
71.28294709370034
177.1351463749641
145.65909304309753
162.34397543759692
149.32149965320176
143.17470144117044
146.281390816755
144.29064333324865
51.2760876424966
119.29776739702112
189.21774976992975
79.11162026835686
102.53643180845026
110.13457741130068
246.49489002874222
163.52796735265704
76.59068808730402
120.58346344088544
46.54036268456386
65.09255777798525
60.805751032631484
140.94651563879114
84.53635666148193
189.2535124517882
31.698947454946296
125.29739341998847
55.52186177260942
45.01817086711534
172.34779091462545
42.388992451190326
84.42520635654589
157.68418059761945
271.2675876810018
120.89110434366432
73.5646781973868
53.26695445525292
18.888416990743277
120.27569888544517
14.957407339006801
47.848934101256525
121.78016496431927
13.610249834742387
24.387252356173562
37.08736439328162
94.16891022344464
58.344388045727634
56.168355415992124
28.87249970245019
75.51956869707975
35.91095970292369
15.406335578879363
26.263438870275603
26.344347959361222
93.3599464211039
94.2578635541747
34.670698743122415
33.71362391197982
13.606039646951452
40.29938845732127
56.068444245420054
16.1016915072225
49.34689411569658
53.18613599561827
6.373450978886302
33.20134679399871
24.80864461666908
35.298074874338724
51.311321391628134
66.62430744674158
37.15420031828939
43.97647225343873
38.64103044088745
44.34519126579296
77.68480232582881
10.241173488415498
26.713636412129738
11.306152900994723
45.512915045609034
80.41401406166224
46.82043727691685
48.566773056715896
77.71092656013937
61.550289983611044
24.729966464008122
92.01455396177161
30.17202922272009
12.943331825178943
63.51945696914837
54.62614649374164
18.830040450489964
66.08244408908749
4.74670567046853
64.42617328809834
21.247870673945528
23.371091724581934
26.21990829100224
45.74603759818953
19.526928432515053
39.65549939070293
42.94025492293449
34.910345805230186
41.24360779451516
43.02338815648449
26.754153807499346
4.044814423460578
52.36201168507492
35.815915888154606
12.665684012474337
29.88837733154395
47.09753327634133
14.623298738565865
3.759199929937899
31.521996023159094
39.79909361271105
10.915876068803328
41.46629602592101
35.21216118385073
5.679012596410577
23.63069795009057
30.226286414103132
59.17558571565606
18.265210758801924
25.42661912887642
14.01448018416678
34.97921035267492
24.92709671097398
9.713673601222878
26.75930106907598
22.74594841823864
7.879985622245634
39.18011173680557
36.601316026430695
56.72567831657657
24.1408219222846
16.310720415055403
39.8725894161484
20.520898832222983
47.3801726440412
50.931902720102315
25.264992150568702
19.59822991408058
31.6642580058064
24.09926732613693
14.076504994070017
56.71261413616119
16.454286853797043
60.22807730901717
24.353189131934254
4.585899277712158
13.033160320754302
28.389867258548755
27.644250072098313
18.329317782147903
7.495240095975264
16.711184779667693
16.22721352519055
5.399719238481956
17.866090770490043
22.66398551142256
29.114663189977506
27.25901964665401
15.810187892686958
2.9598360980291862
30.176490640326392
17.31803867819252
24.312118373423033
17.681076464683663
51.968236161681524
33.178515056818824
19.508626128384503
46.55276180489586
12.17187751029358
30.572310258500153
29.284226240379475
6.4927797984837206
12.74108579917843
6.888509736132228
27.430452572680196
12.54016784942488
10.345108157297494
1.6551473534133478
21.700308696114828
46.12704057187669
32.29605872390591
17.71610192182455
17.08216801689941
16.30575939011955
14.468376093380925
19.61305168871072
24.085054243532163
12.087277263311949
27.750131274494258
35.98461472934033
5.2438513547001495
34.38834931969466
25.63908443983898
11.338854813891174
18.25574598031394
9.754431193073426
15.396323276296974
35.12925439824295
19.635629500322924
0.556247291597611
16.581471520942184
34.56427274552093
31.38569833606152
14.948470036978753
15.992665563538445
37.463506972669
8.42742808731412
8.240848334683102
12.22266343498633
15.246628921769371
4.378172751159756
22.250268606123104
40.445029660381735
8.75255727045121
3.71360762948237
14.149682502664142
18.50325193061767
18.304177429341294
6.776020650491816
2.1068057689909123
18.526979365306556
17.03291422681032
6.695059828918817
7.96342246194625
18.522478811873977
18.515822401385506
8.836535297035567
17.764262154842523
3.8130113926400813
19.33548811187187
10.413002653090166
33.695124819002
14.072502839291083
6.1412347895008566
3.8980753350579223
24.47024704578128
15.33739669555633
33.75199522176635
3.114097749152455
6.955090595236591
11.888149390899095
5.426618043411229
11.29350626728841
3.4780360909703187
7.744400138022486
15.247155002344156
4.067956982423056
10.251477241220565
15.28253795355544
15.116615242202547
12.249777736578238
3.059246151402704
9.292252627366791
7.962141745863798
11.382550503277441
7.637107751021616
10.653564889498718
14.355527143208905
17.125911591543282
15.547419266334158
11.466727299867262
7.999249210047871
3.7332021615838467
11.138344880183968
29.787762100212504
5.3682210404063
11.454862026187385
24.34800632883948
10.317026584159482
30.21292489067495
11.977884083630153
23.190703119375332
11.74212201579376
5.442082202109837
22.158166989365135
10.476138985922182
8.056685295593155
9.721073722956753
10.844299969352818
53.64103540775336
13.534646644759704
10.486835019278752
7.8760755394105315
1.5509302351499883
9.420811420025604
7.623317879506
14.85898245375575
9.327279662118192
12.901834584452576
6.1283290242063
9.525348540123902
1.754413041555626
10.988590279665926
14.921392869867246
12.502452406310162
15.093119984692077
25.301883154912932
15.634281539716728
7.661314194901817
7.5974930146977195
4.173303875181093
7.447510005100307
10.787105960401547
18.179093034375924
9.092643538472245
6.806559896324636
11.259580379241159
12.91463761105981
13.966309054119632
9.946125646230806
7.45754912492678
11.618733839628192
2.300275742488465
10.163449260253968
10.828016195963418
6.888964971094708
10.463728145285558
12.602799547540068
8.703375988723401
16.216550943126048
10.695183260196456
20.57688523052344
18.04508163908475
19.090363850639612
10.98065153272259
12.929405025139946
9.001947383259704
9.861361455870265
20.425265513330682
4.227312787159972
20.647573082905147
20.60161979993997
10.204969963797629
6.199655578225204
13.451590992207684
28.681206267629502
12.14129123069279
11.28718039368225
8.305487224475558
10.785385493654225
18.51256051337742
2.2279091746816855
6.5923640939969665
6.274266903381241
10.992908652655393
2.0121162000751185
10.967669884730396
8.609712494032928
10.447770867899713
15.008817006762849
12.241923985800033
2.6415083398387917
12.205703930600203
11.716074184923038
6.0515493306245975
8.425768862305155
2.993550300615987
12.743385370535535
20.35698934426777
17.124484241145442
7.696977476462048
8.568079064858011
16.950023089290518
12.165419585677341
11.54425428719649
4.680451130778125
11.852753866885362
0.40758521324808195
19.046327522906502
2.8485327631794726
10.378142924782992
17.46007692961797
11.944211255557686
3.5313929276426963
23.018274740598933
3.9518120125738685
8.224088445786169
20.868989263553544
4.38468842733949
29.683333988203216
9.521734142749528
1.3815297960475414
2.2370630308388417
23.088173467705005
8.82504491225156
14.730849534891227
1.1983390666469838
14.850250867280437
4.339770499626115
6.819445989632146
2.470779474696307
5.815808119837794
2.85772070828748
8.930562674733602
14.006689169251086
7.91932171135891
14.786432132739142
12.476736729810153
3.8198622890998872
11.37608292212875
15.282044051281776
8.413957236685697
10.626588155538682
12.178198482844468
11.604355972033206
5.236637896871498
0.8045775418635226
10.121180071653244
9.069489667659868
5.251296917229258
13.1514231965478
6.997375008762797
4.076935016437657
12.977066204499032
4.070852312827032
14.044518231355058
17.724385020204668
3.9473604026379996
9.405839329973066
12.649699934551242
16.82533000676453
10.137470444305668
29.670302526459444
21.36937699162319
4.016515341667567
17.10516126265785
12.44085450536415
8.12355476068145
9.25121339103619
26.43436388691086
8.462231856200956
15.388299454656169
8.362757807851024
8.007623705059212
9.175699505542504
10.26772090247737
5.394529602561258
3.5762350805283574
9.568519221596501
4.590450573411628
8.420148791690824
10.416111261976072
6.663313196309916
4.941281876073594
6.6011478444727825
9.637295342191635
13.247220701838147
4.064147570117724
5.412035885514987
11.316216731643216
10.980997481384271
7.0764393580138725
8.773169747958988
5.55224992605589
8.215748832487037
9.718304058591954
5.867574018581704
5.343724168127729
4.117382101650367
4.292276888084372
7.451500094674491
10.471979490464555
4.056861380776963
6.651022713676858
5.577603271428662
6.2710358391168235
9.590682921664788
6.296383304245709
17.299650475917215
7.067135460306853
10.864838400800982
6.751261822800806
6.2496827483790955
2.757473828375821
4.49176944138032
5.3149123854998335
5.928035874576261
19.95959721079148
8.733581776725595
13.52579874968823
3.184391790618082
3.379766825316892
2.140168867958927
6.339958605312099
4.003735499563642
10.468131238188572
3.864926565623673
9.598133576622272
10.876887999006787
13.89894614151695
1.8274541263221422
7.46647213990904
12.314464530988458
3.6227783996145324
6.219031784600083
7.393986385553667
14.556854774184167
9.608810301454584
7.710224579516436
1.7295748870728456
4.285433180705138
4.108115635678046
3.393427519104068
7.486517571155354
14.845087777004958
9.198405881031174
5.7049295614221505
4.029733179980113
5.50362334682919
4.404195839246095
7.806955237891593
4.420995743631057
11.40129248811871
6.8658644465255705
5.350278764609203
8.335229534903903
10.739793725614803
10.99175497248539
10.871873603551386
15.088368039455636
7.205259674898752
8.670264130941012
7.0129766267668545
1.1658830138228555
7.656903545122732
9.514278238056997
10.941421380394338
12.902431238525054
4.799917126283397
22.40074806229325
9.285528669674878
7.218820474920609
14.476675099630079
5.482124358640879
5.767157985384584
15.640533064376443
13.712591182088875
5.897442551354811
6.3506613591784875
6.527064428247447
1.9816630154062063
7.116176557372266
15.79715954340381
12.443858244914129
8.712306373245022
11.661701729291611
7.184976629898825
3.524980883827297
7.0946590644047145
9.720039144684572
7.6891961694429245
8.248567093568568
4.4812562952044415
5.843133945760609
0.6385108774123174
8.111601094240957
3.1909185234813764
11.875482954087264
5.597200677017507
4.881343964533996
9.531667810459057
5.123870413929082
11.530234870207192
3.0411172327347473
5.732888088523495
8.571061963652475
8.660978001467145
11.355311168343448
12.684418781502123
11.526291517340155
10.298272625982898
7.572845436267231
9.46755363853219
0.3298446608622002
9.032029772698008
2.927561727168037
6.87500777316661
5.734410652279143
6.103464534660345
22.5232792028805
2.8197670879303227
3.6952973047591082
4.135884926945922
8.623628753348124
5.110002822980776
1.243008320855806
4.949249081593661
9.71469006656723
7.298152639595391
4.478998736674719
2.465220155436786
4.604216686920634
7.676633765315577
4.340012911225356
6.1482523536245814
6.621407950967045
7.502444957332989
7.814500291385295
8.606795883223365
5.840251639331039
12.710391667165979
9.241271848195192
5.328451718041688
8.879864598694185
7.784804332102354
6.990604397989159
4.3846827780591235
2.2360612456026434
5.184683834014765
6.025535143452994
3.7413273114666206
3.9422220201890856
1.8285536481331874
3.8131590574383116
5.586842806098958
2.195911892210734
4.6469837368154145
10.547606059969755
9.436778097922618
1.7912542775077474
11.181036158724286
4.310403615137013
2.524168520066606
9.592825449895232
5.440838788666826
3.164198394551765
4.686100044936878
3.9604488091200545
5.610060530010471
22.618784360229068
4.288410552109448
7.612439892246332
6.325656774309841
7.211292425108335
12.102106792089543
0.9330582166441853
4.867268316215629
9.46763396769213
6.912740801590373
5.844060461059082
8.640244414831573
8.928776031680167
4.608294812970818
6.654982067164719
2.2937874942745706
5.318324772658546
6.4455616329207315
2.8723509616234497
7.237098092279433
5.425077742386739
0.6439191367811435
4.018958434356139
5.125099156970182
8.497597623564507
4.06684895707585
0.8810567759306952
5.369171647145385
10.433207044205515
12.38874967505799
4.771023612450892
7.139268667832248
1.921961460518294
3.6052148349006323
0.7844304138446632
5.7510117372133545
5.329775511692057
5.4779032367237255
4.213544428197972
2.0408043493116224
3.2232713945745246
4.27213454727182
3.5400950539619878
4.05389998435746
2.741808909779677
5.492974077276327
12.099644097063377
7.649018198977768
5.371603351864065
10.063223010434829
8.09312595375347
7.52063999325165
10.435632859159213
6.551614162413121
5.372889095428252
2.060236478321408
18.700537775607668
5.109027812799383
3.728620363208998
6.724462425989118
7.429569401022881
6.040513540074302
8.092053961333754
9.475145642745495
6.3297994812332306
3.6162359163130637
6.422592217957381
8.821415479531561
4.805133924270164
2.7029249883206092
5.4311041250423555
7.132047448782409
1.4810986189729174
5.164442688374006
3.3873669794827643
7.34370752352069
6.7899582706876975
8.55003866612061
5.471352879744183
6.163604529363907
5.124630358536031
8.079224425273056
7.812473903463575
3.2468421670297616
7.6263521849575735
4.328327700942312
2.2799616535191873
4.924231833541749
5.319708932718674
0.653426300993634
5.965976547050831
4.117965582775671
11.253217276350158
5.27080478680778
2.3602291422312414
3.0046552494556225
13.64677802514218
7.5884358538108145
1.7487516890488735
6.017287187835126
21.908782601524468
8.910256495845607
3.0624574830143274
6.957366305929362
4.0267384303758105
4.6016059519058805
12.448545576351194
4.830594027035926
4.116244646529458
1.9680184741741824
11.432850949486156
3.2891681576956757
4.048160148267406
7.31487016770108
6.067330040168189
8.976100096489054
5.07169526636375
5.566752174977244
9.890231550998067
3.8247663770662452
10.535341027565913
6.5275692687564915
4.028503980174177
6.665384584641732
4.402605839173036
7.070445981213903
2.8898809404590686
4.943831682242235
5.09006204917132
2.255771945577302
0.41568572319714125
7.481309155729729
6.799553053683363
6.06046022656941
2.0882513476385824
6.544858547790791
1.914654856783764
5.635101154130014
4.049023397989296
3.0592638455740153
8.043346157550776
2.970424483845205
6.594664403891303
8.440831671630676
4.829993637002986
4.519521702152485
5.509057905852277
7.960256390199992
4.28944984195973
6.820784715772458
7.51540355916261
8.594266478568338
1.580528949798634
8.234508760969687
3.052736814744433
1.6721458401584077
5.148965830370495
3.4675336553223937
3.1044496509141997
9.833653962409887
6.700219544736429
3.4359188737406905
5.227478267366177
4.6870786713017365
2.135545702948758
7.866494914488735
5.6731024163168895
5.370288971408742
1.8941818185698844
3.596389672278047
6.243025771316013
6.125118167402948
5.702370973264047
1.7661109903561594
2.3771739496178066
4.567834478921176
5.151650040133856
9.32271104500054
5.096432012118194
5.5339013091694875
5.877428718755991
2.1441457649593056
7.521689308334997
4.521445668352327
5.927929878343241
2.829986141650333
5.541594567124525
3.3011714939727907
4.696459748849508
4.517821976187372
3.613295368832685
2.1204167887507124
6.576177007842262
8.731611628326235
0.7119907082869943
1.4839505510096151
6.679449796450768
2.7554361314599882
3.167108377523966
6.0336071932866275
16.44839253343731
9.385824307446569
5.523096888428025
10.290406810612476
9.922063687651328
9.523794413771503
5.814462266494812
1.6527068458907561
5.886713026696874
5.811554625335581
8.358527255241807
5.013541389246312
5.854953477222467
1.57809777163676
7.467166855901977
1.9050225932888194
3.0808329228656715
5.492405846220469
8.659963928713383
5.811505650025041
6.186387194715607
7.1295931004563355
3.4106281308487816
4.871486248738376
5.228050309410202
2.205592331174756
7.159657254443933
1.831770928180359
5.633173346466394
7.356832183659997
4.2794881926824315
8.448992973683803
0.7299665941736428
6.88259972566373
6.419079909838119
7.508926096779675
4.6531761932455975
1.0448696502088368
4.279258979485547
7.812871014270987
7.821544368502841
2.4350254254472654
2.002560705412163
8.314796080477155
5.892349807727728
0.7812740708594239
6.363408616863893
4.975086192017665
5.577787730020424
5.952856445411219
19.77638793350083
1.051854686690314
4.040130227581273
8.507960969601342
1.7546435421807074
2.511728141837889
4.504878335727072
1.6131711995204316
4.360888982265631
4.262819751665542
7.003762880363368
3.6346925858525854
6.863912665332005
2.2345693091260426
2.3474080187352455
4.310210241467962
3.1798612743717354
2.229738838579052
5.083005805626421
3.6224417034687586
5.576761373084494
4.887747090965495
5.809592284052027
10.34493157296011
6.186501410724273
1.151188661627751
2.8367870727926183
0.6970273041435934
2.51736630390093
1.7790080392143581
3.3479500479420197
5.693524852599983
2.6215910439536456
5.901016572736149
5.260754274235785
9.882416507046505
1.6810565366264718
5.833346160063665
10.909016750989514
3.232518332136224
3.4988690094514916
6.143644159890651
6.497081381483166
0.6121586349206433
2.128275469566729
8.532741893907026
3.7951232304318947
4.261689223926523
1.586250100175667
2.449563526608987
273.33399999999995
43.24983802752341
12.300488044591877
3.119743698409647
33.065774516434345
76.32713704031818
104.8719382303909
135.01726579016395
116.49600752454448
97.4714872653777
144.88793412189378
242.8878888885328
378.50605523447405
159.42197573084152
58.91052394816211
176.62438990625455
56.914140356150746
154.98013452723816
167.25482660774793
122.00393023236134
182.35426182191893
46.53742156380116
325.73459463655723
113.9883740895763
46.19498023724517
345.56932940343984
116.49210628676009
32.91853302428556
229.36935018800307
76.17548690884892
215.16351421545818
190.70187136661025
137.77837917189126
327.11853469610645
102.1686000070334
354.1016867884657
277.20218042080023
136.9784579914628
204.75235548281697
212.69477435297932
144.91045612855373
148.4063767072526
413.19625614137686
413.3067110593269
156.71514956040195
359.22967046675865
104.37059222888028
80.59566371805195
214.01221740113377
7.182961129103056
415.5883099006188
366.5462843508375
140.89402765628319
410.65929044426093
51.619965564752526
262.9678686311035
122.42988023897087
106.37839619861865
213.9300515475186
192.2702114104129
121.42507726134707
275.04927053989434
212.70493826460938
402.5559349012247
120.52585020065281
202.26469624607628
190.56232221202256
329.1720754868099
270.24733922882245
114.63314604174911
92.84925000305478
151.48135024860107
154.4899733746466
148.7611578063073
93.08040604610576
141.25242712414337
197.08265661097994
124.91918882001984
124.39926089023204
62.734530318249405
177.88347300900475
50.80688469441626
153.90689502391217
97.13005572656289
142.84611348272398
156.48471744984138
185.3361966516084
139.63328786547726
178.88545111452208
64.36488351811599
81.77251270428923
185.99962543295683
127.23463353172147
83.01552856713339
122.40679187886255
147.83484088211893
66.42404364378278
108.39672319638501
152.99620177847424
112.30237481203254
56.98820517994179
113.78465154291749
137.49652553310418
161.26263265890017
152.80245536327988
103.99552089538098
153.89328876532358
133.98964757719642
27.454740221985784
130.54687498752762
42.153259934102906
76.66898068110103
93.30970534546135
130.60849051899373
36.61294125523303
48.086907021096955
68.11009390090204
73.18790601476815
28.44895399270282
32.082971363688
34.39964456103395
56.478995874477214
25.497995599922803
34.20381112718865
126.40262252100318
28.283461668309528
87.96329497229492
75.55055816868942
53.45796190700132
57.059165882970085
70.4331403431744
67.36226252437119
39.756608021712225
99.19304449987057
58.88534841838055
128.5754762173321
52.36715070106986
69.53438389632487
68.06987569388005
60.24954720008555
38.629824340137084
99.03602697555327
54.78044585752219
37.81682531930099
22.874856525105425
100.08727643486108
68.69643146142263
32.75311625135915
73.90478041480857
43.26560924148029
36.917409737584514
16.44097880557705
27.22701858613614
68.56832046240135
34.40518993798825
63.20335369882519
77.41855917247865
38.01549136241082
61.8081322205661
23.685353967160648
88.68992941278162
19.072189372267392
40.479236508216985
45.233340885583175
56.108471784214366
58.045828683793566
74.61223193484972
102.06753152389346
55.85372191727086
84.65583981831371
30.024236343191205
46.13958053086298
21.50403706484499
36.82283193606696
26.920772641394674
21.72634489223545
54.50593753043291
22.80076910459049
37.511754566425886
8.473517928253116
78.86507147498968
40.65457884505553
15.372080657088109
26.68275216427694
27.254481312215184
72.37424382071356
24.246170570914433
24.597840144141376
15.265624768995544
15.325995630180847
4.584230987789115
55.39552089521979
48.335327269457
62.576334594901745
34.178966555022804
11.769797307176226
44.077274871072255
5.809211513053543
45.26346226307173
27.755334094256824
97.03937416152039
59.076455533911925
30.98338086589027
28.956915214096796
44.34317841426792
29.658626374699594
34.454420109648666
22.167898529040098
52.31267555742134
15.562641865248553
27.884269053550835
42.46450721826934
25.290365471742692
27.974119497884647
15.335231486034942
48.344029630853846
28.738116655850277
16.66448118935835
24.03621893350589
74.74949271652069
32.44466684648946
9.071594949564732
48.373860348124346
14.01874769052178
33.28458587703479
22.552405564642214
8.040514084218799
54.670120524687675
15.157549943109029
30.228544857106495
12.829693810952739
24.44725853392655
28.537285552296407
4.202776899715198
20.946299545201914
14.092923703697247
64.05185191130789
11.882766320405707
9.627345121186076
10.01920920193737
10.224851071609804
24.505431237396657
16.117783744707527
6.892595445631827
24.519333441735093
9.436174037311375
43.72839755071902
18.12261657492004
17.00628155384696
33.59783600338666
11.996112253753754
15.490493121631298
45.44195385679455
14.791313350279124
26.627036189535904
24.012501044640562
17.029749089829345
34.23563792542465
10.068795463324498
2.376698943866159
28.207117008532403
50.26505978367063
17.516526123067795
36.97627827560763
27.709030720866757
13.070178023887403
37.06426310535368
27.742426245514697
24.711165980809547
28.630182977537704
30.52524194755958
58.407906120251475
17.220956105579294
60.51732761497333
21.322633541348537
32.66163355451306
16.489485903795853
22.7897101017825
21.42377030769884
40.986748636928795
31.112353060476686
16.709304315903807
30.240133252386624
31.98242874057472
23.9690089104727
20.67488939011064
14.369228772305512
40.03793737002411
30.27360757460908
10.435735247426479
33.86540241225459
16.104573870589856
14.637569435294786
25.20557985705008
37.09313341916262
43.537707223226825
20.609366608980334
20.876328348622113
12.58887272535054
5.767681430616795
23.476533333698367
20.827178454815794
19.645004949630803
15.486353529383539
36.110147730320165
25.19145874985228
52.12886290591833
22.478957826128614
17.981452324933443
63.31594091258129
2.339008271111685
30.177671668212255
34.150127378497665
33.5692914965578
21.650073494820553
12.944521491361629
33.42097997230669
14.78707832365122
2.5129997743377075
24.464700444264263
23.32786183756221
44.10759599881302
24.978418055608778
14.41471741646057
31.588392577622155
12.404349055564985
59.488834213911
33.464191536342334
51.581584290176906
55.49326813049032
22.256666920495732
34.518694092864756
5.016093628537753
3.8020864473091867
22.42041309752479
12.83557500576061
48.0449757122582
20.17451070741461
18.58385127503629
37.815432596999045
25.21920246685057
21.83721792976478
15.691196759795973
14.906868199215303
16.579091461714704
16.306989176382196
16.149464297554548
24.4229951028411
23.928838728036535
18.76146694362956
19.406179278090896
11.903829261985125
16.210748102518224
17.47041549848303
43.58609099061203
3.7911982413096403
23.463130912854627
22.86449217461712
31.63714409165813
23.185086346403423
23.916977435683417
9.400728594048434
13.757853451349876
18.58212941574678
25.280099316260433
8.471735650610693
15.159969597906219
15.440427219048427
17.526307854317775
18.99058106252618
20.465020044406184
30.8382635867567
13.702700949904953
2.4964019447370833
29.25037661703333
11.850554066782296
19.222034137355532
13.376162542475123
40.06102678795192
5.906160688101038
7.747829283031057
30.585327940478525
5.621865107672532
25.772714653092724
28.222485469304292
14.701559768771357
11.454851491342176
5.373916480660656
25.502857112868018
43.99826529484922
13.225083607687552
6.6669096960489815
13.18566040472517
28.930255475484486
28.747358369905914
6.858237400181619
12.418299141437666
18.996018702632465
4.664847482011863
12.26174359521885
15.431940948307535
23.628981048313335
12.534871472060635
4.963037646181635
6.099123371551504
34.61075477564775
25.638734627788565
32.330206193312286
13.604482350238806
26.102650669544722
2.5559171287786864
29.411915241136512
6.187774578210244
21.3437980991641
24.57277666056822
7.904187736421865
1.576131902171019
15.195277877436645
28.783983111414596
6.4225971127774955
22.19263804641105
14.851401548246196
10.16508038350347
9.711901576739763
19.06704162016622
3.771817768572571
32.31947597545727
14.541620974692464
30.254943637356227
30.85849951402141
26.150439622670675
6.9871980181380495
15.856660033439638
9.90921645280317
15.906639048458135
11.514527232647199
19.75744190104015
22.954843637464414
26.097149909442457
23.51816388941577
3.5012172101523085
7.52132373094422
13.637239232551641
32.46417601969519
3.6890190741498863
30.157532212018765
17.27703444443558
14.995620310544634
24.69481576436419
20.046971631659176
4.057558785117583
7.622353367237861
38.86645806000124
21.602382189710074
28.549266390270198
20.339964604682184
21.769461518901256
18.675781352423463
17.401988607850903
21.273711537636373
6.4953626503695405
10.254216776013497
26.97756134422255
4.209303291478892
3.669315056598731
23.746464444613203
4.520657550089706
21.75284338741468
2.145467386578115
16.781338548398445
16.933829269934236
7.339733826171432
26.082026126031263
40.08532706547524
34.51247723777552
13.386335889007665
19.559918938333652
16.251529318462435
7.187665322036838
16.324296080078675
9.882200518372473
15.969193786597593
19.001813805386554
12.566102867482218
10.816048383513376
7.407367708277446
6.992147440787889
2.819504340364621
5.812975217557148
8.714725718215306
4.6749625778138295
14.189635565794608
17.332617495927593
13.880482018959968
9.640587096896212
14.862649027326487
18.032418036430382
14.955860802169667
23.04920682708629
12.965991523557411
18.129914139352458
11.455865740824597
29.109729697308186
13.279601338940363
18.32977499297734
14.73946244287889
34.862066640828616
15.578330558017464
9.364935919510769
20.831193220791118
16.3495932286636
17.887506493676767
8.518955785064449
11.16926531634225
6.3034528463183195
15.656733840689828
5.316780858171154
21.085354694862406
7.112070638549463
4.108730662124085
17.378434356681534
6.2712721982635005
11.624046201911796
4.824234712167169
15.692998000787506
12.558037880830826
15.16085181688946
11.899261609040364
21.614739530078317
9.974733344498528
21.10778048619328
8.244727146153823
24.998638993722913
18.296787390620093
8.779673657316895
24.380688207475817
29.45371759403623
2.0405735132327183
3.3459931561687117
28.367689763360087
12.888131353024576
15.14166444016677
19.75126694399045
12.484930347925788
5.01580710292908
2.99349473151398
12.080065404455336
13.898981016577965
11.37176648806274
10.247320915628695
7.596156320786554
22.48669538111071
10.9804834603051
20.9820948089555
5.175262744717201
15.39601414693284
19.859512200745932
14.035298471679761
21.11020335006885
24.94253439188427
13.639676384831345
8.293157044178024
15.355858385822716
10.823443438035431
26.83608582250495
35.62616473234083
14.54798779903569
2.295661286908067
10.424123331567444
17.338349101646628
10.315593627458055
8.820237257429591
4.494220284732064
11.52850917372269
20.888606121665436
2.4505397298633183
11.665821094794614
14.845573731796488
10.250608151712052
17.317449830721902
19.314904766418618
0.6985419532236584
17.75335365299824
7.909955537125493
19.158142811578337
9.3821799074773
12.650008843813847
6.661837905547731
14.230330905704745
8.065395758360264
6.700482418072138
7.480087837620467
9.66499413607095
10.27437658164053
5.585219238603389
10.383934182092425
24.520505350109918
10.140073999584336
13.350240472341593
11.58792292574496
23.383007163911632
16.390214482993407
11.740990027746163
21.603595133937034
12.68350696955718
8.893729419930748
11.428149034402496
11.286880318020456
14.35476230460221
2.5736997906060455
6.7692156285816045
16.251997689207734
11.070129794017742
7.443346333799582
15.471358243496983
18.64976427942742
8.701811276827584
8.64418504393835
3.4032473605343774
15.128692467793185
10.293586660811949
7.840723182238535
7.644959112485158
14.34987507309008
2.622422633509827
19.72257088172625
9.27011916027952
8.910483131758433
4.547981193410629
12.078019122341903
9.300508070877532
12.006558228985245
9.24190299714603
22.597307359830676
12.290869070454018
9.510952888142267
7.909608509654224
13.229720185602746
10.034667181784409
8.249693924444772
9.535863843257022
5.771473146907935
11.22243382901446
11.253030432483678
2.8561525714434755
5.654030612906863
22.486437333231287
17.398859740626396
15.898282763154207
16.947884910438166
13.8743888842343
18.588842692234778
5.531126583306108
9.743731909682504
7.296464587019666
6.540282423580347
6.648054053425057
8.782564361782514
23.735214333988072
5.405346834415979
9.466774745666811
10.685666099639326
6.297207626006135
7.487690654294042
5.426315951938627
5.617065811525713
18.525011345857415
19.985881634438854
4.255000046549695
1.1804996332883229
7.831569491341217
2.860216625994321
5.832134685370051
7.946479345281029
15.005235301894329
16.476434069224073
1.380919849550522
4.746622841047504
11.29986419849394
5.656518197882895
8.842982705850472
5.990988334809038
3.442484618112816
6.560139381219531
3.946741704898054
2.424221820074078
10.755579943652139
1.6854123853762204
2.825267431912868
9.742521660162812
4.076176821990624
4.446334011690284
2.0469006472333158
5.353756642071443
7.860916710453738
12.44439448763871
18.43030272639907
10.900924889532666
7.880256872008013
7.449745300533654
21.240036389996238
12.913100610126515
7.445477492172466
9.121048183856901
1.5312234696493805
8.683312912315559
12.01101716393281
18.341544939477018
6.293405421958867
7.718400453882334
7.538281542473435
9.514122838236965
6.218328474436897
5.164484909456387
14.536316609011731
6.441928325393931
6.978833485595146
5.869632147743581
3.676697644181162
9.498673170227836
21.682663417406047
8.873136438580122
11.520226220435191
9.697426231449683
2.1958952662456905
9.322300944329452
8.618311785207906
8.714516886453513
7.492049174816102
5.9983203555312405
8.318636907799178
4.750016637762892
10.44476543537147
12.881824925619796
23.46970737201055
4.744037068194262
6.334118362650817
11.049310733489017
2.849800834415362
2.0807005437645056
12.293541582236628
18.955545979555517
6.40185120305062
14.263872188877967
3.6696448867626756
10.83167530799972
7.743347511198994
6.737420945840268
19.17920836772253
7.24911476995134
9.406512060294732
6.931444706902638
6.0428962603377645
20.96012096231701
12.613359189363266
5.201091260010924
9.726191613263502
8.594702049423743
9.39131848825215
7.524855580601565
5.931985408427101
8.337323574926948
16.829566429267988
1.923308101694508
5.32936298857942
9.4700298986383
3.9948302872889094
6.29021011154407
9.556359273774962
18.50999190844041
4.827339906513904
11.028023507115018
6.742720974775259
5.501704689597135
11.09621643690654
10.954522468026605
3.449816439126103
3.508065581174673
2.2287745205414784
13.60903590493651
4.487547163633347
10.676588150485575
14.088647020936508
4.935419897600506
10.318864459295282
6.9212766617337955
9.756319245887838
5.366909185791281
6.2301136931224965
5.952073550496103
1.9260912373428083
6.650452097804745
18.040432053971326
5.530666310765424
12.332914036933966
3.6374606206066815
10.187341946103668
5.928872024851879
8.31223447906717
8.796203144962591
16.39611813818395
4.900394190667222
5.57124075089431
13.808303165759956
8.13072496659012
7.7482074446531355
7.113096051866803
2.825440840569399
2.3655307176662252
12.721044845798568
3.8709767401861224
4.122589374285621
6.050179295500215
5.263423640751337
7.131762790537454
7.341257729239634
7.746514541969727
10.106610815920165
12.104139167511507
5.913580121838157
13.201435854063256
3.366325485291606
5.382008397583262
3.3240696722726173
3.787345369681823
7.734977563225789
11.306368178454205
7.487244412432866
7.431615704835801
9.149096478142528
7.024591532765926
1.8436938012523179
4.983601404174953
3.244697455857494
5.024691010440193
8.873667055466054
10.084555760370392
6.719567510340239
8.708739722973624
8.238296932950552
7.1042772016763
8.71059189866356
14.18232611263179
7.54069075659593
6.693778582834607
6.95294856163001
11.385652773953957
9.83747017356547
6.665989277440959
7.846494802839151
12.375635093728153
2.5264673381421465
4.987882051293387
6.496875169630896
3.1593693740658844
11.143625709285239
5.897210485951378
5.756644441570318
4.348567087951993
6.9780460628584295
8.915694049359155
9.943714915632714
1.5778791167505397
4.16278949420268
4.337262486828883
3.5441278621549
6.0629818635289965
2.9808636219996445
5.300801637028631
8.146450222498428
6.151261778603065
16.62413803820543
9.975687555324292
6.979318676549628
3.759977542446334
9.38995913212255
10.232852478379362
2.7646316718306085
6.289245602046208
1.977885824610662
7.323412442618901
5.384883923751583
6.803787683348558
12.320675865938291
4.247903071787903
5.99318774979962
4.582745404271096
0.922513937703425
9.957952487964421
4.2905787812421305
6.635193102635084
14.557716619288462
3.8603612119485766
4.021243818032936
9.086943806847696
7.498261030229684
5.510626200260288
6.018397499900372
5.018022841911302
8.160930863772546
4.679526594791814
3.649120253994958
1.0880506787310187
5.714346743494976
6.239651844384762
16.330775822354237
5.3754812492160235
4.169626269800912
9.430538643340116
1.8240222752558855
6.096050146293103
10.522949232718322
6.475700134315386
6.262509512386689
5.73154464317011
2.453583334154203
13.564723050054031
10.91819532316229
7.2270667514873645
12.254425459015373
6.738264602129246
12.720011587925212
8.989816967009682
13.264928857124492
4.67392523865309
6.638984498680305
7.896062891737772
15.459629146122552
5.217296032481165
5.218199354429021
9.040490720150219
12.987203966203548
8.369299182165825
7.108483580560894
4.784246812188286
1.7937209539158823
7.137116132419098
17.126239302734618
16.526803035159848
3.1062033340259143
8.62046941598812
8.119179729160914
9.261233013595715
10.41144587157386
7.512867920233392
4.576091216537444
13.824215578335659
6.502747230074892
8.37034248358091
13.874289097475597
6.75468161390114
2.542869153400501
9.077282446285059
3.090577707108441
12.810771845789393
1.7577087920012566
7.075127406101196
7.722318950031035
5.0202289912753475
1.2975775284146465
2.0620686877335666
3.3263052705075897
3.3540139417062345
9.004995589774792
4.698769445513762
4.6220792180782135
1.2148117670393772
1.346828627482431
2.665361189658378
6.860142985428954
8.347781947202096
2.1794124422664676
9.189670220496797
0.9402584622554202
5.603781017706979
3.4761054371562343
3.7288382980383457
7.889289984140893
10.507921239747416
5.502409232437164
6.887812636878785
3.8419372048871767
11.97530172140073
2.923599834560505
11.324582458850516
10.153919925185896
2.7180272914016173
22.493647120001
16.448016049069672
7.352554144563283
5.33821537409936
6.294282020298029
9.46786998906967
3.994042554921835
2.502652595590722
9.340211540204375
3.4796817566264506
5.763636067723941
3.1015669389525757
5.248296792414595
