157.166
55.600030129377416
56.73404618874516
49.07376325913547
76.63826372587539
25.251268440814275
91.77964331860196
167.0653646900894
406.1126945839783
83.41651058604914
173.8377398482749
30.451985207996966
105.1300176759422
62.14200859365424
232.1638481131957
104.50330688848132
176.10394191193885
109.56170565756499
110.57445203655564
250.8045262060853
84.6876888190394
146.11854206819453
219.34652523734204
302.83692579351
54.20385316900779
128.09005008030502
49.01486116976938
109.26202856886694
75.8421573039073
224.94459342595476
111.90750699600626
173.05073915751552
325.2831652816046
46.98151660572172
157.61160453965792
146.7633064505365
45.698942304608124
167.9594243183823
70.89010575989462
160.59623845746614
118.73109798555785
64.88414585054595
191.22088613931012
117.72651228349937
114.75137909861942
427.2992188980602
135.578100499617
183.3574112265705
349.17800393092506
292.81993889056224
294.2828529038585
183.57356825118947
35.908805849610324
329.25618280507877
230.55672822491093
246.5563562583166
328.9268598997996
312.6220975100691
390.36912059599706
37.32125764180083
99.31645447521385
161.75111652390018
301.5036888611427
167.1464408413809
132.3486932888886
317.55073711946187
238.49043928611846
216.00646857639646
178.66055158240113
86.7796784647966
165.68283605343402
101.07893364224522
14.703709800778784
182.91787979402514
349.08164236919123
91.14203560142805
152.65888211747222
150.78150137539697
195.07511740392434
191.0191434812002
48.29592247095326
13.565128904760767
176.75544745925131
96.64771483215648
73.86119299818414
44.721593671396406
96.16457623650834
214.6328257861159
182.0078431923794
118.58818544978418
190.79494538124382
111.19257875535918
96.90341616862584
63.03562072508921
42.99590932140888
35.94076653721235
241.35462417859844
43.81972317230214
136.13239028388347
46.92247986680938
245.70754409124478
82.49295697299571
74.51765637673805
107.15620892853924
86.82348314984047
132.14900668047372
127.21023444260933
47.49165877971231
104.17470638955983
155.76556568026857
139.73049514728433
52.352845436778054
119.9675075348143
253.09206180707528
85.9181719748435
19.87546415194845
90.39336127203802
61.531504518960766
58.76181518741751
42.256737789341216
33.59657036184908
70.14294394820412
115.73969327286515
90.98252323393824
118.25967639944108
87.73394219760041
53.02560280680935
50.878989809550035
77.46929356967384
91.2397048407907
88.59462721807175
37.06713167600421
85.14672857969823
46.02982605412316
44.06961336950214
17.270696986560644
107.34405361700408
57.28934992056838
102.41053563479925
38.538792289769205
101.20527002168183
14.964954710850712
94.06909742588259
44.42075986119104
11.19986566379951
44.30536238571029
29.335154345568963
63.44895922656759
16.26074775331042
33.025736808237326
14.917687255950238
54.5434268296168
4.286598456170043
19.400484306081545
45.00242632479581
17.747202101955246
36.58765501458407
2.123942715133113
10.006206015303324
36.493335301487264
49.052287474017824
37.1053727537513
66.35698109336467
51.11550838319258
61.76235816905751
28.982292147860385
32.38534928431898
59.60289661386379
13.239261673679653
20.90166696627672
7.894734124539032
32.90573246848859
34.98524448566098
45.98674634218426
24.170922445001587
40.85558045609755
55.14573574480347
13.03336366999587
51.87161166551529
30.42880684798007
19.778903901538996
9.731066850883023
27.55914233906311
6.277925105163354
31.389959644453036
19.878430784558713
13.527688466185182
26.136437315573005
34.231521574247665
21.10360330511228
28.94221091613342
22.574339185360603
36.24436674144908
25.820512706119324
9.718934950756061
38.53039429461403
42.404767706247064
31.454137226618766
22.85869518526968
70.65061842568116
59.350999492864496
19.5383709825556
29.539348827762065
37.63463122556499
12.272808938798935
27.316947640304747
19.906286157751786
14.425768558933136
20.836945062904267
48.73116929170152
21.40912773992025
15.660205340774652
18.459729670524048
16.686475967861607
17.78041401863249
23.098242613720746
41.44556575664949
16.166811552513973
5.042097197746966
38.446044136577655
29.30618552706662
20.85142208783111
29.816913259365787
46.528478506082294
29.69612069013202
32.82089363009729
27.348922883835858
59.44424172891187
43.46995454639736
62.613581785725714
43.18147953167657
25.112169849787097
13.905648818009336
44.46973964846508
14.7750012340419
13.755245105876307
8.721351469499133
21.181195525195342
0.5344220285071166
32.079481291332826
27.1989114915263
18.125826551394763
33.66470055530941
8.856188668598746
25.721982326465678
29.46864726740904
3.9187488901501037
3.2578269846352264
63.13665758356517
53.44425051303513
29.429014783479417
19.270187078568885
2.0623877697133355
33.22405035752381
9.750253940661498
14.729393944780798
23.157684662871855
14.643645630500826
40.57671023583873
7.587095535794835
71.69207990689165
33.02942771591824
27.071621424356653
27.244321296176416
21.30642845150294
24.74269773992451
18.972520048780154
23.669095546171924
9.922100164258296
17.121431818549734
26.354015686648466
12.234291291440673
28.303579667465268
17.83344704766197
14.354822184761858
40.92247220958807
12.274691080534726
19.240542816320428
28.11919389059558
30.331553846765058
45.474018370681996
34.115200298128194
46.653735618326934
33.41904819367942
26.951867014956466
40.33884952541068
33.24488797553689
13.280158165795733
23.63570039039017
2.8198404753209196
12.411438211115566
19.45623070147196
29.094747780227074
10.916286137118988
16.26690267294903
26.342160680157676
5.467796723352313
6.669785234589994
29.488065861263443
29.108817977272047
10.995736996903755
16.293501426461305
8.404586137104609
28.895319228928088
15.529394547061825
25.854268912503727
7.2838905054472045
37.98104095015515
17.603189960344206
4.7237212713876735
44.99513144956932
25.582841117095402
27.96154254114512
25.318228686252056
10.52284644834014
28.152538372848017
49.751429313895784
8.64279175379773
36.210495530210316
22.663586351365932
10.08096090706707
28.496449584681752
24.468305833768337
14.700771618361253
16.338743955951852
37.59733906351035
30.796005015959757
20.712147104889006
48.07570472739889
14.657731295718566
44.4481528918892
11.552907606370091
56.965153547267455
15.198745647153169
7.462073158605749
13.771336632905424
18.734377733475228
14.586075986627037
16.195456133685568
22.21045263220937
10.458235965978234
10.516397947167903
14.46649820692018
28.639716558046747
11.720477717361106
18.668021295760386
19.157986561837028
16.58554708746704
25.86131862904249
19.800106864769038
34.97679742365032
32.05766265130142
14.578689751029732
13.48152799465837
6.486393846119569
9.501278900642513
56.07381560560468
27.014563573083805
17.228707225919322
30.257059074729263
8.498279285368676
25.106251670679978
16.37546761166504
18.26903677293696
25.699494707513757
4.6320947369080345
5.225113231211029
11.332922887843557
8.635233533136882
9.678986586569494
9.595353547664178
6.03466317932161
12.906869954950487
10.343678998887572
4.908472828306429
14.015437354996314
8.632115692225048
10.52860865433744
36.87430948138643
17.45011999579165
13.701696004112497
27.290585493808912
21.26917233979643
4.414245358173814
11.32702320893337
23.05133157600468
9.583553312302035
25.23725142557398
10.510508524031563
7.758438235744794
20.526468100349575
14.81355960158513
15.650841278779842
6.78062235164075
6.6803557362437145
16.41842711212803
11.01477206623051
15.23921713956097
19.92141990093974
2.9954002546725653
4.844473577274878
24.44896139434529
15.5695620612618
20.132820726209058
13.702377640122787
13.048374850248765
27.328494428352872
16.41881853027563
15.307274385119086
24.08014711095208
21.343758651984405
11.124488893138269
11.065051779954082
2.4346201291683705
1.6555952269025709
8.94529043367876
11.315006416201467
14.797766469024728
7.477032844387137
14.972271044030036
13.814968564673215
5.347633073421802
8.64907558265588
9.184779779914848
5.612165352884053
36.509624555844255
9.460597725645528
23.83873153933763
20.546203450832788
21.195129614474848
17.38968045195644
22.81066068817275
4.97885790833888
18.468660416620835
8.682681706303796
20.36727006532179
11.516617290537896
25.650723748160008
12.015313741922615
29.71723331360381
14.507595326987017
20.019832097907727
1.4400795998435878
6.756368003527985
23.180405600703455
19.028080513116468
12.316432472748712
9.770794365386509
16.812272089234185
17.223627964534376
22.182861491381406
13.252364280553321
4.827436457947432
11.703682525461028
22.77559106202269
22.7289120684543
18.402142377603433
14.570607913428102
14.163788640365958
9.723375031654273
12.054489893351004
9.465346542692656
33.78780974091741
17.37697345274616
15.849085742804883
16.001635413034244
11.194987845785121
4.704998610588307
27.90826511200488
11.05900364350143
13.895947514781819
13.027343477684573
15.289964464446033
7.6934537196304955
29.051481017534062
8.932699593902228
11.44249797834237
8.833120140728452
14.145974228748079
10.02657190824202
20.846270349847998
25.151390579585318
18.16940748266288
4.20718487388235
18.9280267519264
14.25985982362466
7.62551480757196
20.494603350110854
14.924792124055232
26.10465456848766
23.35932537807673
7.798290916266228
6.182031368269695
7.747407380340375
3.8442705506185018
12.273557453789754
21.352211128877332
10.024829086313224
17.434146232791537
13.067270409422466
15.071818702471663
19.408832030464637
13.92318856079026
6.400322625069056
5.81391635626547
11.180127201678214
10.763376796946002
3.710994707606922
11.464524369853324
10.280449620110456
8.364877023290298
7.6067563262317925
11.307923792006326
21.684530589797653
26.017252861698264
12.49589692779413
19.623748380516087
17.413422501022367
12.841590305618205
13.232295002696757
8.033535125859348
25.10683908153518
11.654179329931168
15.330192503054109
4.201848730733226
13.151235744518056
8.911260955467307
10.06955627385532
17.016061384251806
7.209408517878603
15.15236822890898
13.427910218540015
12.084061343905798
13.882116551190874
6.453725685553626
15.248577717192981
14.208083574067413
10.084470199792664
22.89121643792159
3.9344907153551274
15.905406149182665
15.890995574000309
15.902644579717306
10.35753431091637
8.618487286317112
8.798271432126073
9.573061763444999
4.1248035199788715
18.0250977341144
14.79047233983581
17.2214391659413
21.483934308595618
17.935420930950166
14.58134425965508
13.719917313373474
9.536466569404993
21.85221303306426
18.499644914258486
17.888241824640183
5.447945852599143
16.2752860310718
12.864765315025883
28.530079500950915
17.626521734893423
14.877046111297185
7.700250966567941
6.290732971156179
14.975073966351529
5.173384876128529
13.492119680064025
12.469322936177244
20.88879003190597
13.984830839961537
7.5428094752594825
10.76491384147843
18.181537134016388
8.428556848651143
11.095710726556868
5.432139628954857
11.361181930464026
17.767986136588643
8.928150808662773
9.553156385298236
19.851009832486497
3.6623739764895658
16.039956612422984
16.13630956511119
9.771423381850495
18.164613894762475
17.767191260582614
9.536640418398369
7.8927167171198755
11.859084844396412
4.887216817728327
17.37917794178305
1.5459182725048703
23.447631248000267
16.209861555581323
16.1029800554109
5.738062914214008
22.52522146354908
5.148510690589045
7.887843979526425
13.725589550804813
3.519101630318779
6.941482492897439
7.151605101132945
4.282696981516961
9.870246537091024
12.992171832077636
8.18780770114127
15.333621931661794
19.36211007751643
7.668610714654494
20.168850439829303
8.213854202659897
14.773389753803528
6.457319847328131
12.423322205083984
5.510341627404741
24.722427652293717
17.178832335318177
14.394020316069602
5.6303188325277285
6.643325270515046
4.731392837862886
37.09584556206928
20.436826802152737
11.238948481727503
4.346343214485048
6.624633124013666
18.515546929214356
10.770126438165825
7.205663028667078
4.371625509162603
9.510601594663628
9.22171205592316
7.623343565576816
14.417697478553588
5.226726072915553
2.14250769618542
18.736830235640063
10.650347669705969
14.110197142277915
10.335477519594368
7.3197032845057795
8.22721668661347
2.5544852486324636
13.314967987950956
8.587291945319716
19.106560336156527
15.814638765045993
19.5389299262088
6.525408237582173
5.47846775882692
9.169425533532326
9.743097883954192
0.7879006141573842
8.197206558349576
4.82516472270691
10.5707002647826
3.0817028829755775
2.9785432828847744
4.154410010519519
4.006940540994724
9.620980941229426
3.3489079925317955
5.349871703651576
3.645771280024427
14.14541818664137
4.403018778789346
3.3570472004219654
11.014920779043571
0.4303208497780294
5.625966346030128
4.328822051734044
10.796436425134624
9.86867052265624
5.308773359746378
11.62640462510822
13.595152636905915
11.414877448317299
4.339033320949308
9.830215144437604
13.069571864213234
11.080548985175266
10.329272987670631
12.010234875168287
6.172231134400741
7.070074006305163
9.619553634105012
5.499149689977844
6.734847005353866
15.711744190626606
2.0275183662129725
10.10871819348307
4.561446323236846
5.713893002372652
8.045073065579086
5.780749379222861
21.44994240981434
10.60381809866817
3.9178904900778737
1.4001531918980916
8.86464972420992
8.229948204218227
6.211318023406296
5.454105517889708
7.125932396623316
4.438398988017212
2.96459800587923
10.573179436233337
7.897901127496584
3.843614514246426
11.311101925815613
1.8826560803204233
8.20378818133458
12.853394163127719
11.889734393360365
1.6744172775282629
2.719304857099853
6.228281851462062
2.758605546931788
3.964014975114914
8.820335942670205
5.1989230224325835
5.584018886861477
9.385208076914413
8.354585929793977
3.828663342384899
7.243206913231574
9.515737740220446
13.84666595929657
7.613782681744839
16.26930710996021
3.1941409792294824
6.446926734213999
9.729038627138095
8.023500291547586
4.990587490345774
6.289862792852045
7.659441813473699
15.35909152543025
6.818094790184155
7.97662909714571
4.49891588228459
12.740995081412622
6.948233387240016
3.2150294363831824
3.8219237254152394
3.841482589176884
6.6497848534208845
2.8407246112339815
8.404226264866342
8.830312533711357
2.836671413565626
5.386058201204377
3.7670288346270056
5.77953893496711
4.93480064580694
7.48474871405093
11.091321146998023
4.688010706151182
8.775831996830474
12.477779927924061
3.1795188474839557
3.0847715600500587
4.618360456770665
14.948857889957177
7.922129973147252
8.575593944752155
7.048930963373389
6.2473160431458865
1.7314383369066002
9.020832858093287
9.4661304155521
7.460912255763624
8.2738561348131
5.288924578049533
4.9245168820817415
5.836048406589013
9.07466334806635
3.0954257139248695
10.464326002517923
5.171658303424846
7.540113892532562
6.774045029847226
8.1935468835051
7.766250448636911
9.947267468851788
2.210069961664222
2.8478943928192626
3.4086963892917495
7.920073496510141
4.170483384637238
9.484556426856564
4.084651295357739
7.753039473696738
3.7638368570813285
5.2152603391322145
17.753804298932145
5.525015774635519
7.629807116179313
8.519780080615156
10.072691014059558
14.66371934359946
17.23928868333018
9.812979581385592
4.232829049296154
5.685813828648226
8.393728457786688
5.056588674017343
11.743662673310254
9.772502873650684
3.9245398788801378
6.690727795867579
11.417015303136221
4.4861132384972535
4.603573239928051
7.388605513125767
8.75100647203745
4.334667110207962
0.296821767769063
10.412453350832251
12.4782799963992
7.020383727266689
4.942410223236531
10.512489896428155
4.782982878443343
6.248670017278164
5.364323047567556
10.977095999411787
4.99686176424639
5.7526662463296105
5.129355246698369
6.5610360503357885
3.9654729050841326
3.2370742197799145
8.718399174740952
13.214986791577982
1.3373516092544757
6.59204754020515
5.393177821042335
2.4658797745495145
5.709450500204015
8.485794781781285
10.707694519150575
9.021526364361083
1.9644371487344519
8.901582281078523
3.796933642471734
8.74107129678297
10.640391556679853
5.312526209132926
8.255525199870306
10.249841203611744
1.1510232608379276
6.967758891954847
11.750670568667646
6.034677826022994
6.21327590498028
12.9281290524708
2.940960309099376
11.534782992893213
11.449637496797362
10.134979312011614
4.034162682511309
7.745541631351981
4.281550796005605
11.838819822055672
5.848833843718897
6.29404519353726
0.6335631757824188
4.371125065533157
5.562915344738462
2.423849827024285
7.226394060708404
6.8859654858834
9.067400441324523
9.668526738832837
4.065603508184711
4.2115046944499275
4.350900050631027
5.356206589017565
4.173598957562376
5.614898777054977
3.6006112241106503
5.7304464122761525
5.164676561548596
6.075614871822497
5.087790115410368
4.5733572752563845
8.958879458822159
9.582259857331715
3.2259711470394508
8.904083569750618
7.4574330559752795
8.697035600752066
8.630949707896747
11.045415177261356
6.19737151337202
7.9567685009984
7.864573107899368
7.313166025325173
10.30974208096464
6.035119214484617
8.05122508444498
5.678373724007445
5.924850745855147
9.127144696236275
6.066106528770387
1.9602160753232216
7.783506376722905
2.7866002100760983
3.294122844372035
4.97130655804587
5.222272932925948
3.8967259225722715
7.65501135291137
5.5089139010007955
7.9043285307280575
7.218569750323293
7.573540945988884
4.488140560271483
2.7997108613816835
5.435663156668093
1.4316992350317694
11.154646999723532
3.0308282043321593
4.792500501698858
6.3641651019529615
6.148104112946035
1.283930822604128
5.964258365791349
4.841423597349998
5.213179198335136
1.6850260084603388
7.204605165075054
4.097693314563778
1.9791542618747429
3.852562028458375
4.68405194113754
10.953835472515609
6.266264167909816
9.921700157047509
10.757115619989474
6.020538150603957
12.994364424399762
10.025746752880591
2.2716425938053852
12.650417302374986
12.271902904560955
1.400385314844153
8.381380326059986
11.7880136378936
5.218608022503459
1.2677239308581814
2.4782422987538952
6.043791457816641
5.849944257349785
1.9031876944163808
4.972001900744074
7.226063722548753
5.683557033881789
8.151930195341293
4.853683317555461
11.060695027154617
9.142181342194995
6.133989790708855
0.9151850534460024
4.8340362619177935
10.602279202258973
5.449742596638073
6.353623989212742
10.162704646983071
8.185419521279846
7.187115690196304
9.464844908686343
7.430483926102328
8.369954513419275
5.854541283620984
7.07064650426439
5.2651276721765985
4.724759408664144
6.460302957678814
4.895049550404062
3.332969762661875
6.007755288825717
9.109518694791792
7.5945477323873885
2.969455159052384
2.6004699565909144
5.06066659070681
8.763799128606284
1.671036654567008
3.3625516348999676
3.8662716143919686
4.16561075822462
3.0575692693514123
4.589364624424636
299.807
13.664013609913415
55.279669406884814
55.561130647451485
100.80195392326468
72.08567081710598
16.096936577499232
55.74699406535188
37.85255128075894
129.01042768050095
138.94767653334284
196.89158908326613
362.453869694977
194.82580480544394
37.403308611464844
153.1648128070194
29.166774765190763
192.87169015126898
113.2069581104112
150.77506371187692
179.76676128466224
96.5919185813386
296.85783469639165
84.84178141073562
80.25988010345425
335.0902200406955
116.16885117404392
39.585788977883496
251.1215721090793
112.17548726111548
267.0710948413228
241.53859919839746
163.85332783046738
237.01522065411388
34.833678167745376
326.3784351382737
191.54761551975534
269.15714559047086
169.00281589429034
116.84732070741998
182.96660270577573
218.4558306598818
389.00901473951393
652.2147685900763
101.74813110162965
172.28692383029437
116.04690174161696
164.29861997462868
146.62487710119558
157.0919526297605
392.1767044796055
256.64291139162333
177.09651021127846
328.82802215419906
131.77018888162235
156.5301265081967
208.6879296475759
151.7011122222411
76.06838719949818
162.44816569909764
132.43041253783335
194.32982586806108
257.6429067842431
477.627907905426
205.63181641947713
124.80555891497012
70.72569236312461
265.61230551824076
200.19171781248664
204.57959020113893
162.34084802798878
252.39700606342834
272.22877300545935
234.7107949769753
150.55233039068014
130.56510778548983
174.9342877258005
185.21284677393078
208.57640096537278
109.82730021032845
161.74175754998316
159.96026309014348
251.14645311359754
71.49224660903766
24.059223188521074
169.64530093164498
97.9077596178767
66.24926314034806
127.95902077247108
78.43855310691343
61.72475571863824
194.7556950438643
157.46856532000473
113.35410714457973
132.8641396263022
84.08231124956049
1.6110032790674589
83.36184704284659
200.3743056613651
51.76441543192442
112.06123263615387
156.79526493170562
78.58903291260111
185.16939191069545
109.86413186571083
115.53870334288938
106.99885453187521
180.4249835362595
45.25592801794951
99.131211298897
73.46343855373107
87.54921882253156
123.66261594308895
96.93039450966809
63.707003019095026
65.16809008497428
45.47952164299679
93.17159126447311
30.20396683120057
22.224111027744055
38.93005425536585
55.63355815579132
18.084594605434532
47.39322247555668
121.55527009758349
32.14887892111151
89.44960455542702
92.84815021177042
71.80756730060205
79.20346576440564
49.976629431320596
46.20547608444877
78.97536488668159
71.52765348965862
46.38699880899379
175.52464871793666
12.61371987920184
38.64705816847349
95.50128886676073
32.059802039788316
60.87192626321334
103.44910937659083
46.55025053033082
23.321583616451147
37.05752185692561
69.58495220968791
61.22223978356257
78.6143087255537
25.56528753281647
82.08094638014238
58.07691962333289
36.55080721777934
44.227060642870406
35.85772445201136
67.57838497549663
41.6239725186876
98.0861417558852
37.024606050592254
51.92802586651319
13.818354480432681
90.33237001083369
12.676106832916995
37.309252286563286
43.030373613362215
52.40464246844219
57.53419982720002
73.78499923110627
105.90353296787193
74.47381752232177
60.22378752184757
42.55305638970274
39.303759167946005
22.713707774483613
47.90323416629423
45.43978469114611
29.492364210693147
58.43129393924511
5.253660169186508
43.568916731691225
9.085860828977463
77.26126730407519
40.877385269469016
17.986066538652175
30.15009559622584
21.623844381615225
81.08757496490644
14.47176266779768
32.46236441849877
16.3478369789079
35.1477856280758
23.709563624019808
64.57479533417143
31.24873666624636
36.631324334721675
51.76911745230338
28.06024886370654
44.313389139913795
18.56351186365334
47.11558023898033
21.66519593469299
100.03541880585178
58.08551320315399
27.888646918159807
21.01412080663411
43.73927844560724
26.07796411175285
36.72668506300557
19.47203541963339
49.46954628732492
10.348878151905305
33.288839733952614
40.15038099971722
21.25034603686358
30.578406611661404
18.71563565574954
45.802852846263015
30.53639271455778
17.70434909379471
25.664726774210816
75.62943698932501
30.870843218012592
13.274771474285481
51.00078405767642
11.071493259024207
40.52205798324077
14.969584010059103
2.561982719858359
57.12616518801425
19.77175328860439
19.514698244992125
21.149595900336998
27.254125944565537
38.605267588407486
12.326562078817645
17.78108278406856
9.238072825715342
72.47999336425005
16.75749802166529
15.247289068521544
10.773431708445491
4.326852858311737
18.67520001006157
7.834641371930501
13.750099149462507
24.5455673773837
15.049741577123196
42.438727369563225
18.604837547694583
18.57213712162553
26.140911280371572
23.730045785269663
9.350564460564158
38.352553421730995
18.58380243700731
17.36835494362013
16.67359339864532
5.613195029821772
34.64111369625938
8.215549463069019
10.291986200494811
27.83229665934186
52.32966508038092
23.42700026376762
28.436467374822573
18.346143493143593
21.147356424317056
25.94173541030813
35.309549809709914
34.318127142846805
31.711500213165195
31.626835505702367
53.374586247463284
14.58158812075057
62.73349925972842
22.17334715861763
23.076466694285557
21.345449514057044
18.066913479262347
26.21451068797979
25.907992062501773
43.42020148207143
13.45947465307246
18.63115234338072
47.49966680780657
37.83055928200894
33.87561638784663
16.4328748055854
27.056932277642275
37.90974773153822
11.41581404571137
26.778339945300136
16.313380149233133
10.67688576393376
21.874171736206087
34.59256838757015
41.66182991825593
28.553564831125993
21.375112353678944
11.897012974220194
16.314883495756156
10.466757809028726
6.097772041675695
17.685192160966658
26.954051619375655
22.417057040850686
9.446564592351098
36.77090490625834
35.20579485714783
26.126329278033538
55.75082503309597
7.138558498578681
23.780445020320137
38.45289166254872
31.941203054427838
20.627085659928557
10.668008801149963
32.59685582931545
13.553738543774879
1.7388853728283553
24.739173335760274
23.50754860568462
42.89201899395434
25.232082879963617
17.901376115811654
31.227999718505238
9.581092582288939
52.24638199905659
40.61118426366251
41.794832371840066
53.783664626219085
26.467170506770437
42.42915088614285
7.221900759093761
9.857089548694585
28.363536365440474
15.20569104776403
45.71833518070482
20.074787758447265
24.016357343900882
31.432068478082268
24.818517113373947
30.488922293032914
25.22188747136719
20.06556214421763
19.051457975074502
24.239215094350268
10.17240469017781
27.667074976147426
22.766953739576042
20.87798386954032
16.00527980171738
16.30138684020914
12.09744279037832
21.24981152972908
40.56876650414686
5.171666221076435
19.71353268762253
16.93102751588847
24.67524114721292
32.95523565177798
25.115615591360022
20.22299955127937
10.125929642404532
31.399680667310133
20.50929568260964
7.726722677854877
12.809371508589678
10.617938984338105
22.65337424960967
16.710108758372392
21.631151536686804
27.25275909193186
18.426196433425822
4.233986628628482
34.17351048359734
8.40299390938539
18.842743635412145
13.884425972230591
38.76575917263615
3.8362166121218304
2.3257994515428737
37.14538422835852
11.283725598312769
30.669943473848726
23.939997056356574
16.614608308523287
12.79885473578432
10.50131802420019
16.803599072747485
39.395067593046306
20.541436020202546
12.734977253341262
33.34802883197333
23.11263631928578
17.9449503072675
23.796295162365833
5.624363794863604
10.145000666565588
5.479812713749098
9.291970668965897
11.475661338091719
14.187920274294083
21.358806743397427
10.925085327305132
11.797273250143887
17.795928122252523
41.68710808606889
18.16001425974642
21.191645728850286
19.542687207135693
4.633750593972719
29.233398823497044
2.3833465622996077
16.694934829414233
14.178007186851731
18.76837062851767
11.324653692715236
14.262692388683385
20.420352416156792
12.635463845509962
17.728253501442886
8.306497690630781
20.333768522998554
3.597293519765912
17.32784043625109
17.546802842983148
22.94229019916508
25.455302618195685
26.809229336872995
18.929513398649675
15.78509700876201
5.422993589826188
11.937999387120488
8.302349221707809
17.42048356532241
9.83537430514614
24.024240819662726
26.652697291766728
21.9401752748797
20.24537258710152
6.1338751111058025
4.505598678418
16.32100561301805
27.670061028189025
13.337360225284645
40.87664666350339
9.282289669940582
26.452504393375627
26.62115374805214
9.069661584782546
14.693796029568261
17.21811822946115
34.530810258040695
24.01856971208341
25.690920069835926
16.405855628419584
23.49107694949691
15.716315680261166
19.978692417406116
23.569560264637854
8.625901451306936
11.214639267049817
27.876040810878525
9.022086793789992
7.891554660585444
23.305204609510035
4.765466353970064
16.035204293968892
7.637403401322433
14.332400683066007
11.732955212549406
10.445059633830132
29.8444532628388
42.64008661348561
28.065407574581727
11.084760164570318
18.359467847819275
10.302163143930805
0.7582720135370784
13.201372429359202
9.943291681347134
17.077623230170847
18.634393728305806
11.306456138134138
7.215083098961949
6.4400673656066365
12.93219360147325
6.432156244129089
7.693000347288357
15.825394355395206
7.040452433827755
13.867878837509604
16.518794397768385
17.07789204241582
7.805682511089593
17.92351000515519
20.03793492607607
15.035205434429482
23.421599173179047
14.393459814623377
16.962991517393093
7.706467038882002
26.917648786564573
13.688156340007076
18.86153002153443
10.494582151706528
28.680779638740617
8.78800160005222
3.06283786502606
23.917250097236614
12.339448750857835
17.439183036324774
7.5268165736611445
9.868489217312456
9.329833727255313
12.484500586857862
5.706743790192568
21.670118214628097
6.800216161105683
2.7862663153635583
21.29909746472121
11.273488328343198
12.874724497882804
10.668736355448225
13.113157029084503
16.53363078302988
18.204894654251753
14.28472232263918
21.095245089540423
11.163973193624754
18.801240678559996
6.619688723438988
26.927247469563714
20.818700210657724
8.921704195821006
26.73344967453244
26.813337620328717
5.472180107742538
4.802369414286544
24.204725954274707
15.143663799772815
8.808478544224517
11.788298882658173
21.62891182467104
6.873135749789943
11.250023789485779
8.434351338576066
19.09004411072266
14.285997841223118
13.193001157504785
7.187958251613142
22.31778536494231
9.47036767569644
10.957571740735702
16.38256815033877
2.7574429365066497
21.571017326657962
21.049205206962938
13.339088212255175
21.28389786063157
13.530299652312493
11.153079164138676
15.105971121971628
9.242674696765825
26.068561746946532
29.160846065412453
17.484317651486293
7.704583157466208
15.543339528849213
12.750457447847976
10.516284564984186
9.885508072817567
3.2025586685566245
10.262003183362848
15.70605424018024
6.979452974127412
17.42699771330872
15.376527598544174
6.406294214535413
18.40052244899887
13.138636040240478
5.16050659259185
22.13508906100278
8.712494741284463
21.889047444824268
12.3610919784273
13.73519725830321
8.665447725833321
18.245775068619768
8.63996042274847
2.5096279954799288
3.7583880805527743
8.052323576718136
5.985774894040688
3.449077404163901
6.975278752186521
23.3283208450283
6.0707600102643955
11.939532969826235
5.87189991008355
28.403653216758684
20.516879733252345
18.033992207184237
17.175443287278178
9.292753867156133
11.343241266563643
15.094443987807125
9.50174869484873
15.166853280491727
2.913701751748379
1.4114688021183697
13.896978063834608
10.622326569426946
3.742606247655978
5.528125958604941
7.734205512434819
3.56877697952393
10.645790759284779
6.3541806235109535
11.721068398812081
6.715535088813813
3.989192198307347
7.821517358550879
12.867070992749335
3.134822295973415
17.803490424492896
9.015502832631535
13.278800121280737
2.8658249867154226
15.997938380149648
10.232769782585068
9.475602363946269
9.248291614192244
18.58442614392339
20.027200846951008
18.26127066273322
14.582445989861622
17.213103646311968
4.139350313332566
1.5564501048259858
5.5302242458841535
4.724361291363794
9.945777606938929
11.749755089337105
0.684443988213454
7.662251670618802
22.822955040570626
12.93030905163384
12.098962138831496
19.433888994869367
13.194190798908231
14.627333204087984
1.6811628553201778
9.662381786112391
10.615849242493917
3.0859452761932205
1.9856281100327453
4.780927930938423
27.736908559737962
7.400800404765098
12.90656413992108
9.917967344977187
8.54294186029666
10.93095160421361
8.647741097074473
5.894113425792477
16.69924636766824
17.108059927818474
0.8098356528018648
3.661054784489351
10.774336677987602
3.8672333909063865
7.244407396133672
3.415786574893174
15.25159551040667
11.128968266678893
4.465699789910079
6.672891163937359
14.17218333242924
11.684335489868973
13.685354684377739
10.378018248707402
4.486821493240772
1.0886727115259414
8.409307880167635
8.863184721235783
7.196528218099638
2.7603434770740862
2.265796128998714
7.980078302431383
6.439041076068788
5.520942013894929
4.11354726125827
3.1448557337103615
6.027528759579542
11.824169227410904
9.638944326029335
2.8366755550181177
15.457898114580894
14.677017651542274
15.65854552199653
16.936667684947217
9.517993096880412
7.9765986901810395
1.9538283562990648
10.291137754343948
13.41660000942136
17.36156436309946
7.497437146365192
7.723635950531331
3.342414928832636
14.814924267819778
10.90673929653767
9.183284572327745
11.454377585214782
8.28559521733829
2.841244131705479
8.602944889818144
5.268578910934244
6.384729911278922
20.255965701060244
9.938986913817338
11.143152303535695
9.227065885872388
4.5763506025174205
7.72576676144402
9.30773265155716
12.583812758713247
5.873173216530745
4.042294217115245
8.861022832481407
2.8496806234390704
8.220692078173236
11.23158397355046
25.174695791133683
6.215165522499167
4.068577001873562
12.450182524272268
1.501437954792787
3.423817108747399
5.868113810887438
16.97685649436153
9.382194930273494
23.88466841588718
7.748451049154119
2.5330083741411324
3.6441867546408915
5.483881908588635
21.99314147999545
9.07105982542888
6.202406296334053
4.54681571540475
5.06009919813668
21.318687789221105
9.930414694868203
9.011105393645163
3.135717015482916
7.35310422951114
15.593266242767209
14.93289749804169
9.829791052578658
2.229943062202721
12.096173932979813
3.2679833480161333
1.704866163840233
10.25372576736932
4.809378869712283
5.424822056276357
8.492080244254423
17.323580358800655
5.406898284852026
9.85641461247444
5.3654270935934285
3.7229125432986683
10.351089923544949
15.212602181214987
3.348550230392593
6.768928146462419
6.03225008736385
17.3256012246263
8.150823688345463
7.163317459844901
12.186132813872515
1.324654728227823
8.38664447335636
2.092542736511701
9.829876563573775
5.739486245065734
4.300754062705263
11.621279585183007
4.231475663782462
3.035976847973197
13.699108194016171
7.847844111570124
11.193452648037098
2.554737830336478
8.238704940204556
6.2749327342651355
11.4509452211153
4.9177090188140875
16.200852601757774
15.107219638713397
5.79439345160387
7.08046683475697
7.0970328940996765
5.402799964185178
9.183358483366876
9.279798438175444
8.58393710780326
9.433402415981709
11.746881535919416
8.69260042181446
2.013320211342089
4.072927425896724
7.838327519014175
7.010422795617206
6.434871137096724
12.527539400138679
15.367685931390424
6.984502020231795
11.007766288734311
7.488428477341196
10.087079468114286
6.529184038800851
6.877248154981186
9.118258862797552
15.727915044294594
3.177254404947821
9.849994835412012
5.743091069169863
3.850806868845463
3.2084600662750264
6.121145674187599
1.7965079871587852
3.55969465846072
7.20174012548992
12.65590897071049
11.821655799342137
6.763298450087412
13.583833392415436
2.091257489384266
4.216933546109894
13.464714191056133
4.384105813074743
6.7862629533457355
4.679197605627122
13.448122413471186
7.841080698682241
5.416845636819181
8.158747415926092
8.832487291135424
6.025479003837996
10.35831564911733
9.508649646106223
3.036526926873435
10.371496412413206
3.7911414200799416
6.876549427686835
3.8135039660739114
6.328415740771022
7.620310165840561
7.871910358411035
1.9502202713742371
2.6983935036512863
2.0917811309620626
7.534115358414321
9.980030455309011
6.314265393808904
5.76180738555863
7.840758714738397
5.8043763754905315
15.578400345086743
11.288552415156802
7.728111037920813
3.573433807661262
8.322001885221532
11.317789402818038
4.597706375116486
5.705097668959752
3.5491725074467264
4.05609019931129
6.35871541460895
10.071972530475868
13.595384477247043
7.748925997845574
4.530433138390454
7.209533538269634
2.83521531402522
7.93119157794967
4.559498162955571
7.653200226875113
16.941562581731187
2.3485207964823687
2.4703676535060737
5.7976161297511055
4.649707644571067
4.668464822013695
4.849322801599703
4.801504317893094
7.239439139308345
6.247553222717549
0.8543355324779804
3.208895996925967
9.843633205753642
9.443626571881332
11.714460476110462
1.1454736486136194
5.6784215992299005
6.599786675734875
1.267793854276392
6.119468115392121
9.85811861894022
7.2693065934030745
3.0046147659995817
4.934376258255603
5.288600406203826
11.752786134547847
13.122524109143143
6.49259255598929
15.495248564571956
6.883670239439374
12.881782906365443
14.62154466289828
8.9930732817782
9.618270779105117
6.716241416057859
7.134165285413936
16.23504587092866
6.900993357473902
5.6630901054554705
6.78672572752986
9.240195506686147
6.974616396578519
3.712606239784955
8.230723823674152
2.173956029247912
7.478747937439511
16.99170557141011
16.929446982479423
3.168797953279625
10.823447326902501
8.342854776116635
12.829144607706064
9.703088430898525
8.844185326166885
9.173892075458602
9.65559242079558
7.110316589005498
4.225651625955056
15.12938907264308
7.865879716476963
6.701277883467063
9.069444449097249
7.036401128804881
10.917361455192697
4.959565763933495
10.755566668613612
8.076578757266304
4.081482130160903
1.6539255430930337
4.205368600924007
5.592375411898352
5.8742610469762715
5.943073655345658
7.6255563651679905
1.0115495828157024
4.776364467203607
4.801744098454036
0.8604009169273273
9.461358403720737
5.7434651637455305
4.883022448814679
7.924639254073684
2.1239124183249567
3.671653751115271
4.920085251749823
3.6473732911321153
8.605251246094104
12.311141323161834
6.643239575799235
2.823279731882006
7.326401054420239
6.111284986836379
6.974912979917062
5.740421174599172
9.465280841038782
9.495661240801178
21.649799208726627
16.27181131107858
12.735543367746384
5.372735100336419
4.555799350002142
5.832981504730649
1.3966666877012415
1.564261581172844
13.080301223242563
2.4871568144752243
9.856768321030373
7.733053910277478
7.752926707248001
