354.6148
28.439233201127557
6.56107831647303
42.178365773024126
19.258372759247152
12.255914982218364
34.67568429748505
189.01383857262545
375.0824179615108
1137.3625151401525
282.54215170730225
228.29611658752154
123.56952113008067
71.29324296957458
126.78071140827765
219.89297765807643
253.26343048112804
374.1169834019629
530.1276668957754
118.48342358152317
121.59790924668982
94.77655775095876
100.13025143020826
94.80270740003252
238.89807795039587
64.36539716019395
398.75174079046997
314.9888538774095
188.03968860520368
199.01448065114792
89.79383083656481
264.24858755204787
117.71498248345245
121.93054839051783
364.79938512303136
147.5347994756608
313.0415328222817
243.9815660420643
180.20460952318888
68.75280193088732
112.17257546095412
120.12022498942441
260.7593960520875
207.6314395203478
200.74586264723973
117.03890949065845
246.64593621301296
126.82428710578058
91.92494174468867
127.81091632078896
107.37962517250631
181.3148888736969
88.4615732652004
151.73229970647873
112.70515163084576
329.59178437708874
45.075724221389194
252.56800962667174
294.7645952046443
154.5572312766915
148.67725718512006
182.5934353131847
21.55953485913341
151.2979954410613
217.58312426997622
103.40675161819865
217.02006632472515
142.97712679737143
170.08081960854085
112.31213731512324
93.59872999359392
83.28499459775114
23.124789426215063
126.13127858988186
259.37298477386196
68.94356668501564
242.66085791318994
250.43595935487826
170.65444552290072
133.15538369929476
76.61449457208579
151.06715507494607
246.32989758061987
15.591277693306244
72.41929563063987
163.27418331520792
272.5550610696006
158.59028607726864
65.88631310960614
124.20605639644555
101.7212004059243
144.91581649651997
213.74010131197687
62.336037168722605
119.68283269127889
97.73942503923251
46.01082122882746
167.18098589683945
111.94428027002245
178.72070694899642
316.2703213409041
89.96655694162119
88.76327767499447
173.03525884029895
79.43452727887998
95.47504040677758
223.77648524550466
49.02980333234864
118.25914653359422
96.4210188939176
139.09574844680344
119.73920996165164
50.13009582915578
92.04756719328392
98.21685591348687
71.44211992359953
156.30458389076693
117.31361976301235
79.79307986833635
47.180790308356464
109.33903654617644
62.45558719273711
133.354310033346
116.74101667005054
126.07433509705433
61.42870286240855
50.35510334413409
176.04357095294284
63.89681422074509
110.27200700999059
58.96109631876656
50.194134864973314
103.43643830611899
114.22101329641062
79.45218265055291
78.30185961189248
85.55536035282093
36.70409014514674
87.08389317120731
8.912117194318506
21.811030764021226
73.2512420537614
74.86673157677697
41.54306207033115
11.330006523024823
95.37983676359562
10.39080076097312
108.03423398344022
52.53546395450503
80.00393018140115
86.93828938630122
29.98880308103792
18.655416720722634
41.36396992384159
53.33582071560551
38.64345746276792
42.72981495542406
26.269868176993324
30.024648639187582
31.870236275584418
46.04654960630409
44.11972136318618
26.794571435002563
40.71754070729558
18.696665522630834
25.254416913589395
27.56320050618755
29.67677393634023
55.270181948139104
50.63265158383982
48.32340598370874
19.554027181403402
93.80170374190942
49.26713794552964
81.35603543535906
25.177221669399156
21.12673994858624
37.877777547541754
16.483253441927236
15.536147751836888
51.154146621480784
32.06325843835094
59.175802279299255
23.887347207172844
36.078007914961375
24.529287088497043
18.92200442042079
14.777061882995813
30.699871933772833
8.612911138508048
23.019161480867307
7.676050548192476
64.63492505806101
38.621443500834026
51.96746666091944
37.00203028972169
96.88286927205684
21.21699128538493
15.71020337372712
12.569546159006242
89.76916692583464
18.052140236984936
5.907753153312301
14.862572767768102
55.77630637667703
27.287721960835267
41.58672203625572
21.115164314637283
34.95485692668725
30.46060442315321
25.843185547791887
39.05682095453976
13.935568786088185
14.536843957526754
51.65540859258192
34.639627596241226
17.11148225044183
22.950391301723744
2.4548454684955283
14.90117332132029
35.19774346212675
48.15355617650549
35.46341941035676
38.747181203097185
26.373899200808733
13.906859647962248
37.75571897363604
31.714262228317136
37.915385071410974
41.819888955599765
8.622566592460085
10.398086766221674
18.0540427613413
25.90204291559527
11.757473224152902
12.925794068454973
52.81224062267564
14.322616114771359
18.120995728335398
23.55871928047108
8.751652488955566
26.810492732911452
27.362943439614167
14.415616372167394
32.04606976285133
32.902089098639095
29.39460156016145
45.05473594019398
27.71361131056719
34.31915172616199
25.788656432531802
7.361667608841747
19.64592601851493
31.027709600881188
25.387880619560004
10.663954925208548
5.828362587750578
33.85310824005988
25.518786491387196
19.234823469472545
17.959633140165707
23.26214857827163
46.880731582418946
15.706409501952963
27.384067964307512
36.083671804559515
24.798002827063698
16.188465348540674
36.26414071587872
13.210989951651111
8.016632764892162
4.938010863149709
20.775055334711816
23.403970437435735
9.42222656505138
53.5994012158244
22.354033542628798
17.597170654190656
6.486938365422029
22.75383761168287
22.21843662222653
10.070484109966394
13.664514807339105
29.346508115991686
23.355394064427216
29.63604588899821
13.347190432112567
48.885210852909815
16.37358395548445
34.72671362003716
17.976491279000353
14.759667548741124
31.18056034638611
25.620823857412965
19.67095927489295
7.220660364517955
54.14821446166311
15.531192890564594
5.461542947367872
10.095189348387427
20.825098866122563
23.23983852512897
49.42515960051351
13.816289824883118
11.184010605434747
8.929377474961978
8.82364834240597
20.08224929884906
44.50367597376259
3.5355299528560544
33.87712641774353
45.003362312857966
19.28679054111012
6.135819288866372
22.810326558963567
21.26812151401273
13.168763048261146
17.736625100392146
28.422137438553065
29.916337408840967
7.652324588349807
4.486031176002898
26.61058133697466
13.443796009186979
18.273741376313527
13.775709792551481
14.156150775634615
22.989673683935695
32.039936990992615
20.000499255412777
38.75917137661599
14.207864081692938
22.103540915837634
18.57929829594378
21.56470182137901
24.204269748135054
19.38374410092916
22.001973990393193
5.183125880191833
13.40992179179628
12.195903160783288
18.212346577881814
24.573869010511267
16.190444267135945
28.828590781725776
8.15141334907141
17.30301753782173
18.53203405533948
7.3144310434761195
6.124608430562634
63.19451038323255
37.39655124368469
29.437409807695087
14.76308716776646
26.358172508662296
50.25544820673595
9.13534809641695
6.400369039204595
25.5305265745485
13.395787191454632
21.830391771197846
14.262527215608806
12.811510763618106
25.631308117355815
48.585878290702084
40.05202899597191
26.086805452702077
18.32779906720838
7.67053944797634
16.507787999605686
15.962490959538188
40.47049399984394
38.01024670101152
18.745463491770664
6.7827704285168435
12.00239960716013
9.016982770722267
21.333337116652622
7.640624937280305
37.64596262542008
28.189692654419158
11.25976587496884
28.873795218891903
9.09514045291862
15.19725608440689
18.117123109662092
23.140101063370338
7.669563236350755
6.179299779609657
16.2465578747411
39.058803664424886
25.924404398547964
43.82580698692626
34.28030226565359
10.29440604213224
11.725516753846637
12.935221209665084
7.57370634731666
19.33170539129179
8.621874378042424
5.039462617473473
34.57828249474059
28.317386711304056
15.878043049654835
19.447024936488525
9.273493489458263
11.50798246581127
16.215428858567805
18.21652879764559
25.375127833352792
8.61381663942876
20.513301288305662
9.78572835039567
19.328325353871826
8.529408766246119
13.735566627717358
31.49959676748167
20.1853949505245
20.506267982869854
19.85224144824788
20.223779475763042
11.6677377254413
19.790387435373795
11.518368145905407
9.277904034218006
4.881531847542101
13.608111465576021
27.160397075143564
13.405971828144226
8.553283364786406
5.347715452320769
25.503320648820434
15.917282513366672
23.188081245209094
21.495902293566044
17.995447299357227
18.583195468703092
16.814073852994582
8.0677749263736
24.5819829646785
7.31851946555282
19.749959468463015
3.7060304666261605
21.76279342588129
10.670753203944027
35.390819672308865
21.019236011520665
13.917519889123396
15.043801655253574
28.932318278293177
18.522889565214943
6.629431062031168
13.960870747548249
13.830018247477618
17.072695412320087
8.267619277135699
18.457143178378818
20.822143896797623
8.547902565989647
9.312453614049147
16.98583972168448
21.242397570647356
7.527094983698192
14.528747622918164
3.6385909914210393
8.092104736592844
16.740534195572224
31.455953026024
20.193968546850897
8.062386418594016
24.416462240384934
10.933947143991285
12.54981396311143
16.223685027558574
24.437307751209033
20.723670191632557
21.25754168747713
10.45429054677623
22.897026928889595
12.251019755943835
10.472888463718286
14.61855704007348
40.955538299933416
12.500107864219995
13.272231364695337
16.96600984975404
21.995504246445172
9.062235364583408
17.6863241176007
15.672663865350792
16.449699907297767
12.650981423436294
25.01236899499306
15.789088681411702
9.246350296519577
30.001397714145487
35.25807589666038
4.326861165604568
9.144092494874632
10.747037502076154
37.407814537015625
6.264284902167807
11.176305107165014
10.940013029898244
20.8914533358553
4.81865742083251
18.848465338922487
13.454575200386895
18.720881741006583
13.416613679964877
1.5622572012531726
2.592419556167798
20.307672947162686
20.973028511159963
11.861623963892827
13.519603024300283
2.3721764281447846
22.23760371937633
21.15277463784142
12.13878107683653
12.461542046458277
6.5096354539795245
10.928154232508088
24.55896000102629
11.20238497895116
11.136248779876116
16.43302879189827
2.529406159110652
3.064855613415816
1.219054188776688
18.542461625142675
18.42384032486184
8.178474327279618
12.208654880248352
17.99432003137434
2.9501689296536164
11.992669063185327
9.224362261454653
21.971831713210122
1.436985630601647
29.18378411976252
7.111979428796149
7.247915982076442
8.004889216068525
16.76510386195073
6.8877253420157105
13.001956008258025
15.81491915559693
14.989796118430954
4.029928909089878
25.94454317876543
10.43354562568362
9.466540037817438
7.626222621847281
14.5105362348027
13.460320987545238
18.099766641036066
14.810278537223187
6.83051540934961
7.873668393086814
6.261385554673401
11.510078716215048
5.294339387999002
11.497482800470609
10.04198569184635
14.583928911622793
13.227271055713311
3.3926530238690926
5.72761602852573
3.246258797194649
18.207536222284716
11.128690584835589
10.674812133178424
12.401081712587457
27.096391543155814
10.29239206612415
19.74214497717349
7.029671082834135
10.468755411156165
8.629242457859666
26.877387436472468
10.730766816605545
19.29551302202057
15.686989909128252
2.801414380027063
0.06237453058800247
22.79843089870809
14.684825044596886
8.639763606305616
7.4586509825413385
18.734103057743322
18.533467916198692
11.843781760120319
18.642785769440664
5.676623988196023
10.677355470621844
23.619902686352567
1.263241031090964
21.319485684095895
17.347339597717504
3.3265636739495683
8.045184143861919
6.705773257221756
9.190529188269567
29.03073020441861
8.604544265677063
16.710762227799233
12.401320479888202
1.725841778366286
1.58493580366642
19.28592524456854
12.591198530340433
15.537413719671978
5.869257697668898
15.533132615519655
18.42693002903708
2.5166626600086643
7.631791471985992
23.62374535906856
15.927659650154512
10.357156991010138
6.7132093287175065
7.590681994076327
16.300585601265922
11.997026319690505
16.454698879276012
1.8612008065128642
12.852235110541496
8.837523528208463
14.245430185871966
20.3974313772708
17.56206033813559
13.480863948782925
13.969073375015329
9.169397223968973
7.420782036307142
19.40172995145845
8.494356266398766
9.52723852697813
9.345782088788074
17.877400872481626
13.574846185268642
16.73710500934473
4.391025863754995
10.237314884527255
3.7294023696491587
12.54376876052969
2.65885885568979
4.489200985241517
12.979871840075957
30.724182559453038
8.079886233356836
12.087778003155524
17.495579411898053
10.135909330474341
2.6874634365584766
3.8721082203135246
9.061278896949363
9.161282618425142
9.236214407216844
7.688521821531873
13.190826433471443
10.204022947555407
3.896688796458785
5.854414544741614
5.67035675801219
4.787764684365276
6.506106141467788
14.586731025624859
5.412477373736562
5.3412160245327165
12.10991907184551
13.142641492664984
4.9210531041373295
19.461684177997576
10.361349470197828
7.240624091538602
10.691021409211785
4.855484619365497
8.146123450722554
8.30973338037186
2.1041536768144296
12.544364432328333
4.967174702267325
7.942952260331355
3.9195227509012818
12.88795078747106
8.594053452746557
8.617058630322237
3.654301686221767
5.129819775388389
7.758836027216292
3.261856067066858
2.0801543387996664
7.71930251131021
1.9558486247763749
10.390908381508817
9.591249712574534
11.622895783921432
4.797761931241369
18.466489487274334
13.989008204352185
7.607652843935047
10.888130927834954
10.979127218419755
14.185308435733582
8.445310535885001
6.2099916297965105
6.049122511294134
7.870566856942172
5.688564162751759
7.1105981396335185
4.168795312887711
3.824765296122229
20.503881060768453
4.539754182375801
5.476852952314536
5.106316898401487
4.863761673848188
14.610171772158608
6.953126009207989
9.675254073555385
12.924667861405329
6.046761703687644
8.159058427797994
7.485204911649587
6.31955930315925
1.8614580126690716
6.81919471914321
8.68343175450206
8.776816496996046
5.694535618666216
7.503219628610583
12.179474860287593
14.524542868854144
9.554211632700822
7.2845728636181075
10.81660572781655
9.905558064190721
11.484949189358286
14.787698607526085
2.9682008777482154
4.772470899373209
7.901685531144528
13.31147138304131
9.347409200787618
9.336361583215082
2.9629921053702337
8.211009112058834
11.029567345095732
4.012210612548858
4.346070386307755
5.321932849117965
1.2128322034071808
8.588486458208603
1.921738815583092
3.406207936654014
6.673681265503817
8.926763584346947
5.951524187313934
5.301775492557362
2.4919346579826236
8.085114910663702
4.748978082220557
12.182830704563164
10.455766814659375
3.9507989755705277
6.996259538630208
5.834400210281766
13.67245221241632
4.479756332409213
1.2059097632262195
13.04878290610475
6.120268864996784
4.720143579143344
9.673617942427683
9.183636455815947
3.1902533759826017
4.989931467240102
4.5872252688182495
9.31810802386239
17.859617365443842
6.613919390083751
10.964388869781642
6.756779544608059
4.625003809364891
13.660946071369278
8.25896218135384
14.458988029821155
4.3964195814263975
7.194471465475818
9.94269271816194
5.475106315820395
9.573635153963185
7.623702390958806
10.822154942178766
2.083716724070934
4.367664105581017
9.219077828332544
9.977127565947315
18.791815271712675
6.035488909754278
1.4994533344972925
9.756990326978634
9.51306543605261
10.24368279154398
10.94665832845523
6.139353569423754
6.173583832345036
14.633379316952936
6.995608522496245
5.8692536530576875
4.873879711477232
4.216964442426625
9.62581375509811
2.9184600524026165
8.194736253893415
4.234222026994531
9.157203006889816
5.310124529078308
5.274394716992766
10.284384492605225
11.428426015179378
8.45584944175958
2.725708517597041
5.417009431031284
4.282430792303891
2.776374480977908
10.34133815945077
6.043293953423846
3.3784674746513748
6.04511411857232
8.726946126419342
8.492833561833104
5.526222350442863
1.0293104640163557
3.464228718729866
4.89635850488002
8.569339743876913
7.74625362049729
8.664552723789221
3.9129113981746415
5.011365799524782
8.82781699149445
12.79370828867422
11.688630160352622
4.545994010381314
7.249721797563537
7.279986883623904
3.4873568036330096
13.142404404716215
5.885399840718941
13.539167763074126
2.1836976784825852
9.52595273883401
3.175399562238213
12.769851457763473
5.988976711215132
5.015386608540719
10.535380614642294
7.737583876156474
9.390482606529249
10.154060759883903
0.9601432293480842
1.1262760765294553
5.664887511760806
5.181269094273806
4.227802634379925
6.42572815869951
7.362569455944073
6.475245350430843
0.6271914638503076
2.5560606167409343
3.0116165831158477
4.325171651448738
5.34564162767796
4.2632785017780375
7.700839964200697
6.198074350236088
2.1649993341685505
5.192948454947667
2.6722604035923823
5.103240466591712
8.842064156199148
4.464435545199722
6.0278012135915775
2.6900589455119257
3.851706693193134
4.967674849109647
7.748143327094477
2.011571309494811
7.990689349459416
7.551979760757767
6.293411414223695
7.884491735673031
1.2541617608303404
1.3319927912533114
8.425441990857355
13.751079147170056
9.071990793528498
12.469540954629865
10.948580726777625
5.691177849864641
7.2770274606937075
4.5027868324175255
4.757901406004423
15.848931661917831
10.846422727093666
8.019589587358556
10.809514602131037
1.3116143779837925
4.834222042219471
12.22213823702286
5.162141067779345
5.529875881748225
14.135343327214558
8.00015588062219
6.512542526066095
4.692382070589653
2.636855799764186
7.643943785084251
6.946640898763261
5.021113656126748
10.263597028905533
6.99609831170297
8.096347363641085
6.883862553420523
7.834538288835477
8.451197235559937
4.130379052741842
5.6750295898557965
4.256907816247032
11.895763739724059
7.171710445112484
14.147360379512468
15.473593415950058
7.154394153112246
8.253045272656713
6.541365716498082
6.361379838581662
9.530567640185398
2.0470412564397575
11.332244030068136
3.432001331137805
8.912569248688913
3.6745212190709404
2.217664669692871
5.805007490671279
9.587784572289616
10.629705470024497
17.981357385005186
1.184386384442648
11.373114421365026
5.587250858682086
11.01167505103908
8.788447761608074
8.2750572351409
4.368772239889352
7.299781676027312
8.330002602500864
3.7145837682685543
5.505924612185919
3.8977717728068906
7.591503089458036
4.892420974562742
4.5399783439233685
8.725918679786654
5.677704126200086
7.803270565943121
4.646988656730744
5.652949784699245
4.45586844821593
9.089683084757526
8.18850959307262
15.097587839381388
3.619118277638927
4.02779919584679
8.460795971849878
1.0440085746915715
3.0065851012117193
11.238662100824294
6.552624941137379
4.914766066973394
3.5312801991322877
4.461262960183911
7.150195643360463
10.241365114173648
5.173407954989116
9.309742052768291
5.056763487275046
4.005794241417196
12.28197388102816
2.820097228723304
9.508110403228496
3.6346920363637785
10.341478932106579
6.989513643356483
2.351835818808676
6.558569268835989
0.9287452403535873
161.11180000000002
79.16823567953455
46.261002763939246
18.046625618466013
93.80856359966639
58.64357216096444
122.63052116630577
95.44779785611875
193.33981675067653
1137.6098244063407
221.48235496897246
125.36948603050878
64.62841002291094
92.54860851584819
115.88984467165584
244.14338180129087
112.01842225194967
184.5338277976553
591.3261363365601
242.80731780330316
132.4043689727315
258.50575133264215
105.26255186531509
148.83908216073263
153.64136933797553
88.97213339709269
98.019507579625
61.42251847233874
98.30431427354456
67.94491282889462
96.14376548220167
230.79695259395913
166.6516313928938
79.24875016092037
275.81281474372395
278.8732243085192
26.72644113377948
137.4881871950196
102.91646772769234
184.54482614673358
180.4997664335171
332.08767928716867
246.33543861423433
180.57724699104938
158.18682536584507
135.14243995870945
251.9553333184035
154.62732036130197
331.3240583372553
35.62853014524545
113.05939853134319
411.4650910982097
109.83327372735864
180.99693329585443
166.7662183698688
73.21701710191009
233.81964839323322
510.8125370883405
10.83291288081606
97.16556259792907
111.29932482283178
213.89394255635318
139.14639234498352
263.56755163654867
319.3521551626051
157.9097403734287
146.58500620202952
214.02526821132227
175.16351055190697
287.71060063468
232.97313023730456
322.92782159243416
300.52719803008307
200.88869714443413
237.23301575459533
82.63366187982173
121.59102876842739
205.20168324473812
264.7486046720369
54.21805831315679
235.78379287597258
54.51799638732819
42.88027448071974
46.69550780359741
34.229007415088965
10.398513006963706
237.36608907326442
323.73780867836086
137.92992121581077
113.43383885509719
52.99819338179923
212.36450915695414
101.64016202365738
287.5247864434462
123.41271722436413
140.83061782876706
124.7973831977513
193.3219233747849
77.1496689430534
50.237523000844085
166.61051839548207
255.66258107571778
103.52396438927227
106.4637076593837
113.33700208985914
142.6393459006024
149.72261019534872
198.17217626214614
86.91333059572479
89.69395171137964
191.00045168816777
73.79162624075121
87.83868798551356
132.12695547002318
27.615659175757326
102.33502963183777
66.23862030384039
128.72930989171485
30.549686343974933
57.62759394099789
123.78971061588997
36.03952350811996
73.90411178609652
40.20044375805079
8.460787165011917
135.9738689571853
39.152050139793985
19.26132260930675
235.46346380907767
130.58604333314977
140.71707242455525
106.69770763167213
86.74673277120797
93.11019817521957
45.77731268624044
93.38091561216002
86.32860464566765
33.16153662491493
52.16346472762768
39.150838808594145
21.355719547709825
63.874658157476475
76.23066007635153
72.87282558915197
90.29459071535749
61.737551773429665
21.86074773274627
86.70845666155905
12.362515299772731
34.6952848117803
45.39388726945769
47.51910344410849
79.81589553585583
54.1900742208383
15.631029949144988
33.12343161571827
56.884578233959466
42.99702427927593
25.851829931117578
89.7725763719607
25.92587877186939
51.401860785710205
14.366875470037055
57.02481806852382
13.146016603757825
34.67560996234481
45.223456895317284
12.659828351719598
52.66726701213018
32.056314273974316
19.75929111962606
17.464274260288114
48.93957629558847
42.867590602676
30.258556955113157
56.948972445249154
20.778045523583387
25.87926661417779
65.80741679706006
83.5446836686566
41.01568476385228
36.229428336743595
26.337236497148012
46.9758785811582
8.805977403744697
28.686453065022043
55.332243942032775
25.577722834039523
19.310125561801467
7.653770703474057
43.58151723183519
16.973194768880273
39.50508433834567
41.97043474511889
17.317322891111505
31.576944060487257
7.68619855514011
15.9848815407561
11.637742525053678
52.370651653801794
105.96567064262548
32.92392272153099
36.939723622805815
50.032264454999655
27.86209723892866
54.95390050537073
19.174166799673014
36.5755940880596
13.831603769856775
9.694913800425297
67.06018393853698
39.60080640018065
45.70150248499506
22.02861909289651
38.42696440006206
5.52808897925197
51.165305382095006
26.44566350249692
19.788666375498114
22.20815299990894
16.865405739260037
11.455901276512249
56.29888850657778
18.676451291591164
34.469335261202154
66.00274450264831
22.0716315064607
36.80336983055334
32.53131629094575
28.08334265592122
19.924254714232237
22.185476344734873
34.3450571737002
15.021116528168168
38.36038706899508
44.00159552721293
25.11153902962412
15.532202497714337
19.967215546199572
36.92711554221557
48.79881044359587
3.8125600564209323
27.277166509767543
14.893052410955887
22.733638718643544
36.566119873336966
6.777449187246444
42.46397247536373
34.02034471969994
40.22535410147769
7.609627491429617
30.487679910247692
20.914835562317368
5.548461160679073
1.8764544022817338
17.51224640361745
19.05938613468677
27.305606934350482
26.170474198588472
18.919114880374554
25.90308118972926
18.620142078151787
22.404609472771515
8.88394716387199
12.613289718071377
33.43654576235144
46.38211800059472
36.34263337802156
28.576025972117137
56.53016755154313
1.3367531681288003
1.3621126328811823
35.51722163901021
19.34511645337868
16.091607712045263
55.477075296194066
27.425440721535843
28.799634326039943
6.975153712612751
15.421430858333096
12.95684702503404
32.2138575036068
22.063327741967253
21.77033680977334
42.74540458891884
1.684387483730009
15.107808620899391
17.718565454444068
10.414737036893197
28.7844211180797
17.214851698494673
10.767020173721976
9.357141705728328
13.620178307020522
10.994847041309125
16.741076137906646
20.692909885639864
10.12470298016574
35.21565443694924
23.72605081116924
45.71107312080717
30.108370790598546
35.61531266505163
23.56709639158742
7.09327903273168
4.95664395800932
11.877141431093492
11.574509870695197
17.60645329449748
28.422155479704013
38.20971102959958
6.55856013316821
22.154375075940123
18.85599016087157
7.284808031470632
36.860319789269184
18.576176403066295
29.743850766041948
16.79753621828518
14.76352203622849
20.80025448678398
27.905666317977943
22.14700523719059
4.090919374953567
4.426368693575765
25.85033549347476
26.679051081345293
15.775070558951873
8.67144568759614
26.538441782038475
43.363052590997185
56.139250650748366
4.971408695718817
25.46328424666701
19.29664842366362
13.151364489374517
14.591094331484213
6.710423396016187
26.466279483594825
9.63083833692896
20.785245426991512
14.072828831806925
29.22777134905477
37.25459525999142
30.968128133051994
11.562974231404134
12.979706888291082
8.153746471021915
13.405981138640117
32.67694729368005
49.64119506391907
29.645094621318293
14.456632914086503
8.573548353344615
21.603891562233958
5.952406520628812
11.62140234693157
14.513481573887729
13.289747854077198
33.37552973813459
26.37866368085677
20.432821395602783
2.8633362539485248
10.59414602584376
10.590923160249993
13.797012116506375
17.81683735116987
2.7844325831778116
21.335061345075133
18.791763282739808
38.408222447736776
13.299153468712237
14.9080005884509
25.676200939889167
11.718270603017727
21.878543030053873
16.314666167882248
12.063959037285416
23.63141919165893
23.612181056127927
2.357611121591166
18.113688553595207
9.496890134081163
3.5434295299443574
3.8298434077901207
27.0477068509914
34.773708097875385
13.503079369203046
6.403209013257042
25.258412308989993
10.816242652336154
19.3032258763373
11.856424682825196
16.601479817307997
4.479413014698376
6.241331193827092
17.480913756009905
26.98474735055438
23.23113646123689
14.627512354134291
22.184082109127708
10.420796117559865
11.805886019121047
36.99735297295042
21.36897956013034
4.871742801804569
20.399791589594038
10.15894541722631
10.64820929042564
9.088346412200954
23.78143080655462
9.443632740908017
4.235513411907401
5.947726613048405
12.088894344775278
15.554527768968992
18.71644159188486
8.03175550628432
10.735466732570943
13.755550233491041
13.034811868207564
31.615887874248468
23.656188483294862
27.81073859701208
15.338556532726265
10.830178941778598
20.53785864858206
16.92465001403364
18.161281849703066
8.277899810668629
8.291390533248816
20.14178377570196
6.166406835661776
26.605089559338136
27.947977276704794
22.833739235246956
5.8163700971500445
8.071793080992075
28.85416124853423
11.853284471362123
20.254696102189712
16.205176204337857
23.502485638646906
20.705698568660182
15.920226502258853
30.475774146587604
2.577039005807561
22.026161141868556
20.55457571973829
2.9165084860350037
11.551637135024192
15.68418347045129
15.983270923273793
11.550350360261989
24.92669927354417
7.208628845014701
12.65466524725589
16.262573143739814
12.604150095873903
15.150964713853872
14.029711968515535
12.541927693975365
1.8826875167221107
1.4667856152295502
27.81768624568448
19.81963896078098
23.284355846319514
15.714370790489776
13.334999926048033
9.412031852111955
18.929219691759492
13.657505628282042
9.343057689221947
7.812943848643781
5.796794067317496
17.4304767487994
4.4565325917796415
3.0826863714907455
10.150916558948136
35.290920517177916
16.32178373679885
8.719921942482962
13.767589385939793
2.3255172517352567
7.481732450229422
11.942330366150294
14.88450211373782
9.944770503083138
8.378798839887722
12.278705310142815
6.345204173022137
6.2186522513792895
20.807239892809907
1.9352865157258243
11.42226866091101
0.9351107217614246
13.793242715832374
27.473918239107014
7.369460590397083
21.388277637607
24.82247452413715
15.371360489107087
14.826000219750254
7.562755470845741
7.041177920086788
13.532068778886675
19.214851505805424
5.91132841113503
6.391167552344807
11.477336034667763
9.532044677271468
6.7718901291834435
8.834128850117649
6.025549928326532
21.299659729282226
19.19536009489996
10.480062058029159
8.503249613853077
6.633114263468016
10.954551882442978
16.464344020967104
12.76257449462286
6.965645288180074
13.191286932101205
14.555673000453156
21.374802063117148
13.522049693124396
7.423524428437888
17.46031960987624
3.057344879965025
9.408377262928301
13.257709815284445
5.79325091899916
12.001624505555023
10.639773640440678
12.214715288495054
4.847776936453364
9.044936268138255
1.987208205117503
17.75766133016749
14.549199738558455
11.626269027247918
10.687383405152119
3.0677151189155913
16.76920830655643
6.264143734350084
8.722619987120735
19.427042396338596
12.223419307294632
12.355010815872266
37.07768246939924
8.717300391203183
4.888730021886076
10.565245315969877
11.799290930316237
5.562675086565483
3.463648055338447
11.273970974774196
13.29635220035529
1.9640374103092935
11.492809947874497
4.717188035290651
10.418956739800997
14.343491729137355
9.488630054736834
4.948287858701853
11.998184682562933
2.441753729332021
16.937824012367184
10.943839504265725
10.293044179383632
13.17604399502927
11.568305878859935
3.036746201227733
11.944861136603796
21.490793159576025
10.404587128314084
8.130882442425806
13.621736675851382
10.422327816931977
9.578666727698762
9.985586469963984
8.507536826787543
5.767018335982431
6.2726835286816485
13.995470925916422
16.90748538362687
9.211244101743564
11.368637724374809
8.343248400592046
3.195320878754794
19.432360277717194
7.5270778110519965
11.365625792322987
3.7008771957308837
15.093839461372287
11.702130397738637
11.938166016408955
10.49562806033273
14.27436614094334
12.699349048108171
8.71449558787947
20.006242334121332
12.195915023932447
20.55840141794193
12.42172417123982
6.892285583228523
8.607324111698352
7.043451622602666
11.083089473698907
8.46940579121485
23.118154509281304
10.380028467503577
9.558678578644596
15.027722196763788
8.98527901166442
9.869401736877336
6.635600564232215
8.177581865136233
10.149092254515374
6.249897506045624
10.210117613211986
8.299373571049275
12.203387991930656
8.79031883200728
10.045772984811318
7.722285330318113
11.751146297209049
14.432715720785684
7.92887928560239
19.329193423071583
9.854854527481917
4.762193474391838
10.205579091130007
16.70384639076656
10.994195088325073
14.061284250055998
12.795319175309473
1.9903556604435364
8.063940572212516
2.9066750128894823
0.7531148539740955
5.01634375756779
4.510927543924508
3.08413224506467
9.08209393518125
1.2660233510006684
9.824503989628699
8.911465058612155
1.8650867886141365
22.67321986888037
24.605831111396256
13.572007395849452
8.515269707568375
9.111868093753504
5.242724554335495
5.285614066078703
4.832821704356177
7.37929849392028
6.669395644639563
12.48693660669823
11.318364958215389
15.814951107852727
9.455722161234524
1.3267522514221768
9.83874831359097
5.9439677061468315
12.668760277074611
16.386908331907264
4.4701262793920975
7.3990684565753515
4.979332957845678
7.801155610853316
5.525487974384198
6.414009450652202
4.487787261249074
8.86496203023715
3.8433924855768073
6.481767763123417
9.549919398237032
4.304998267891547
11.968817216901025
6.064607943237732
8.654348837119239
3.6902290454925195
3.7266737360768674
6.921005700165264
5.428102249885688
4.5546742579982595
3.0355641296864833
9.867666827525673
11.822604790477032
8.554088402856378
15.689539416520919
7.213246073163324
0.6221943298123179
13.285744429101289
3.4568667330933525
7.75071150416933
11.401556802494028
16.495888471963124
9.381589604804581
4.523881524177796
11.259250198663532
13.39511237788459
5.238728072072893
2.086282298285595
9.521982160644534
8.918209476048233
2.6316576959605436
6.612446723672001
2.299315855009694
12.77342281869278
4.535450386676972
4.841222395698689
2.8625358000150714
5.441586339897814
5.397667330553123
12.780159832648534
9.025656306602636
13.04590162311086
7.818730765774539
4.962191639901211
3.5927901713797175
0.433588108698311
4.263420379560736
6.794613168762387
2.2535985776071286
12.512117060361666
0.9447567675120552
8.81847022162292
9.463074133386291
1.0879911729604457
6.613819734417388
7.12225399832297
9.025178442698783
2.8659135699051066
6.326144885196021
4.969269338266818
2.866783622722094
15.50347455301989
9.494508690170841
11.520658066929379
3.0815598564922135
7.594589086179345
20.57335747036474
1.8299775508425509
4.344035073242249
4.262218284459085
7.3812820488469475
9.17808067714535
4.164077032198676
4.824723161552759
3.405092442824006
5.400454714127085
12.324195305457119
6.023260077921822
5.250810895217337
7.867020737009328
6.49166135128039
10.67990616710973
8.350802635902681
2.22107819067285
5.5676021928441415
3.8796184472609476
1.9089722451942455
9.966648749387387
3.9896063065855527
3.094064608668283
2.402906407163273
5.1143985133192595
2.0275770124497168
6.845226274473165
6.105426102469619
9.408268670141553
4.877186876984899
2.257075625428363
9.752420030417134
5.344067759286853
9.41601473684709
7.532055217739734
4.791565779581413
3.1795650171203467
5.098122053685631
3.158805828880284
3.128970918464826
8.548240130583338
6.696327006400577
11.935987943366625
11.746686153562207
7.235379639726013
7.945297530617119
2.382249070711511
5.715859124494124
4.705030818008286
5.098198978611612
9.425787685056909
10.084889055379465
5.8109462693705884
10.326615972515363
6.08552504498726
13.179959002615542
5.634810305155182
5.993738506562265
7.19541615414011
2.5131799143201836
6.9487513139374535
2.636021674551189
2.2399049954119072
5.874400465582183
16.514182496290207
4.8573311153578995
3.035609650671574
8.936508054529867
9.709067298511249
8.302970086243139
10.94414725658142
6.741841878778302
6.522626834853523
9.050515576176705
8.062465902769276
6.796197604703778
7.3216673010097075
4.97597296160811
7.564333423773253
3.9531630401240405
2.4436254970536053
1.8952302032020478
6.2486797806428935
6.046546615893909
7.855587858166905
1.121721183541364
12.734629015815374
6.7116497353938716
4.281149993559296
6.832374341626765
7.74827733236727
3.799510101516795
6.458286815970911
9.03484395611597
4.632728915376734
3.5438246131260764
7.241826279998172
2.265286058975453
7.610837080383716
8.763239535482233
6.473737947709699
9.367253040474194
6.707634448915803
2.3461102848391606
2.2041118793478165
10.973947453867135
3.0125717450748617
5.280929899728503
5.2464159088021125
7.940650655915539
11.441369218793247
3.9531170059317104
4.191719032299715
0.3903481019414485
2.6403944979870477
6.064789741749684
2.1412535557375523
3.9619500381454142
3.4376821677102622
6.551788530545963
4.007835761247064
4.927547511539498
7.613860976187312
4.498606606933361
0.9200639492533353
6.709272513102822
3.3146738787802676
3.3497074310187958
2.7837633562146507
7.539050297734466
10.056835554757589
9.808216971988962
4.985809343849892
4.634958339687399
10.64569966147878
4.745561845252662
2.917629112604694
4.32868943632472
10.268204690923719
5.688836643039296
2.6776690612423053
6.744128514215623
6.730197189330206
7.407008785497474
4.3882181175349935
9.553950495152037
10.69779987434526
1.2647681864846878
5.259919535770999
9.730611184108566
7.35003984501769
3.417943568850596
1.0427590679617098
13.288079904616534
18.14053121052936
0.9730246882888349
11.642714389550175
9.213850664766696
8.467239585433456
2.2653557240293893
8.44132750634848
6.943106154173082
7.141481776244489
1.492566551023913
5.897611804236452
8.229422454533474
4.579022093521286
6.477956073069889
5.383900804233865
8.268987702207227
3.556972856707709
0.2999416679599922
7.951019373987143
10.78524195922563
1.8866218247884632
6.351203735522789
3.7962037389377103
8.684350224155846
5.726658227491416
6.471868762703456
7.170641557294148
2.7739319840530836
6.672424812904506
2.4942118992104416
7.584203496179811
8.33477813354748
10.021555409840639
8.70947173113992
10.262983372052764
1.5573767294308847
6.390386145349723
9.467061713599934
12.298055880785373
3.779676029882285
7.701523161419602
7.420870180422246
9.238049561744814
5.4297140271092035
3.3654122905037878
6.7164779720511545
8.726716857323858
3.374318725422514
4.954609621920645
9.88337409405853
6.357966430386634
7.353781971468261
9.8690112655125
1.5506049147488064
8.480071141241702
14.287235959336654
3.086150941148653
0.5981804904114275
0.8038938886303029
5.098605699670458
6.576133141871473
8.241788633023475
5.658301521818573
4.696949385994059
15.704368420040389
6.724620153699247
12.99419250012873
6.89138642375657
3.8957993350331566
7.491386672021791
3.9838091829225615
1.6933806438920929
8.383110922705379
3.445831291596159
8.316020858640822
9.919976696458173
11.324634741499848
7.267642888930292
6.398726879203978
2.9388551599450894
1.2617535005041365
12.020070237621118
5.16726652418155
5.777602975738124
4.294550666725811
3.3893179767661006
3.6218848890417674
6.831860404984584
8.615541765822629
5.87691395192074
5.330873957527958
7.458740501165514
7.020535941562036
6.004384084402672
15.520434913933343
6.7257737749377755
13.84039317849221
1.0673424597438648
8.477953472046114
13.468644851198944
