302.236
39.54409996008465
51.891819699443474
51.616260237025884
80.30775266310754
77.61500309444756
64.63057646198145
91.62538756771055
32.28310929001637
65.76984207267053
352.1817002317237
301.72117635215784
476.7740069969688
208.73713368390588
158.1317220610143
159.95771502994336
110.25136978106816
180.1599698973619
90.46374641289685
78.88267473971561
9.572018130118947
198.88128048195114
99.19941817940425
220.97112438196396
285.47487247072326
280.77856831921866
139.4706211794249
142.14073710052057
134.9586417301714
38.988066152025134
232.78230089749314
161.69316024142682
160.74089912533853
157.521441312825
69.86792249788478
266.48704841234814
81.32150109122396
70.68686625373401
209.69963081064998
72.0341333707387
102.02034860773655
274.0592660652742
237.9344263437688
100.37433565541406
308.2051844357087
142.84790120634196
247.3611794156275
201.72097650635249
94.21711195177787
118.65144445333809
438.17811249536993
124.09721626299026
114.23164990689622
171.88862578184865
227.45726723642588
151.16232850228167
75.26539755705188
113.90584539073066
140.93985024046327
221.42732851255812
86.17669798145366
102.05679517013651
260.05086897353965
265.0678009169812
150.06485688778125
117.61647186276072
307.4228061757409
120.83421490572137
166.76389604413316
118.92127244104813
38.111181663558305
193.59916101105495
98.830596874029
260.45806298873754
191.34547699915223
254.15693373366878
59.60522210803568
193.81050858840695
237.66896254352955
64.0842481979891
130.36683759492868
204.70894078993928
191.71207026475648
133.19475398838787
110.13851542739354
74.97792338689737
49.26942500714917
141.34574211854883
94.61078667802737
209.8499647116105
24.191148115078533
87.58811205787408
132.56860964954677
22.133551263882158
174.84072426091387
77.25913884061566
120.90270013882821
168.51186559698658
216.25846775877176
59.61001678593195
186.15052644387384
191.38844065848423
75.80179758887503
132.00726710614347
166.62942732504487
53.26083824370511
190.8950693088329
237.51438666735234
75.52019556013042
82.05424472623933
188.4168555318054
115.65793902906282
88.85747225367253
46.842444303403596
12.339411923151292
56.50527927649782
172.50621280947226
56.8329064272997
78.21903632720075
51.46345853139694
60.69130663030026
78.46448870061825
67.92703693576841
205.1372901606672
97.72089332876718
69.74154197027843
40.38333824992701
67.92504195530049
84.71159617214842
16.41723124907722
41.11010504532456
20.627974548479575
115.95013447287835
43.359940123056774
18.389766340990825
38.696990449461275
74.97117865640023
77.84140119744276
68.30189022565345
101.81187368012371
79.04656373821557
43.377063188471524
55.49371612061233
83.51101616118378
64.31432014366358
75.28783196519097
58.712617043506974
39.01569998992614
54.0575276161138
78.6578689830129
64.33412197751191
82.56785540825463
25.457703627612126
50.42354056280143
59.82972325807368
25.191817675947934
7.975606831719938
39.9711895238129
72.03510781984197
71.38597811341624
54.0412971927041
29.751014172024178
61.547370652168766
9.229620534583807
72.31864619647531
91.87648771007761
31.651084971364604
35.5052552562009
18.455352589671325
41.39883615616087
42.805240108637875
47.31989302822461
90.52055698958458
89.25864596693816
31.061472471746118
42.853751724880304
19.177225515604878
93.69694339410574
47.69843066535467
52.85885357601046
8.33635095767545
78.31816041577004
33.859496224617935
85.72712296076973
42.234511411519925
18.396091180507447
23.285977051994358
98.26966766194609
63.2967135053624
37.54703363244915
21.157755377722417
18.88805543172184
51.613244585194835
45.146359478688595
46.63314275555148
25.403054596422415
20.81035871388249
27.02954741947704
23.47778329252465
40.990020663804636
75.73632497854386
52.7270898242638
17.21276649469586
21.37595263062831
13.07279837003528
43.455578170051226
56.5423302533899
15.700440318251513
30.089850362113157
27.569876451828907
34.01978059495758
20.204406167111237
60.27993864367129
31.732143727592447
33.59683153216584
17.86466675035404
39.23300153368466
19.452705313296853
9.829823734750983
39.484806899075764
31.33865083863934
37.27658723498298
21.945730616269284
37.28435958756355
9.820930537483145
10.181583645523848
36.99222171088637
30.90979247303982
18.61657157971781
40.939561662203694
34.35468543869749
5.220980621652138
38.5935676748586
35.900317124628785
46.26578525758862
30.84530123517923
16.37688395155708
2.3153089947007635
21.04399272470679
25.100630392228293
45.99013484102898
54.029418486848286
16.289726347187635
30.582584519706085
25.713618735137604
33.239541282086805
14.839987962880667
35.3876893420766
25.39108892946228
13.648430845879536
48.73223344688542
6.727125130589779
27.59596948694129
21.40532542305853
3.787380601620867
24.668307025697473
40.09762484413999
37.594924353094264
51.58296640200295
8.339497381771366
8.590864050818201
40.34091291424347
39.67996102205853
6.121579248629302
17.45157587941216
20.350813199427556
33.07264870226307
34.64152272595628
41.65911170622592
19.298905070783
38.2518086120368
68.72890079141847
6.178807793481665
8.938116449034103
22.832394376113786
43.394004208880965
8.245710870912902
22.7912350313018
20.857958387113783
24.420226930175723
31.699449975105438
5.809582878357883
33.13608781084538
11.165198171155826
23.640487973003314
40.39297129472155
17.18279633778114
25.75076016986837
16.378316940658465
16.66096471410591
12.170591162847193
15.060007530739975
43.387711977037675
12.597587742259394
24.699052128690905
25.951655153333334
30.20648642024306
39.81166576507427
12.135894457297008
7.567492233963134
38.95282969343892
48.53979427328636
32.4872992776477
35.818657136734096
11.633154256367156
19.52473963503256
32.72002129058126
24.681316780300605
9.563705556281956
20.423601596501427
21.392562644260703
35.04242315052086
19.934784892066205
7.733679439542597
30.119844509332417
20.050696168412507
22.971317174571055
35.426259358214644
11.452379818360853
35.33167712218074
42.018101338299246
13.562842186386728
15.827667434561956
37.58449570917011
11.143229625551008
13.719781781758583
21.528570809135935
20.455807666481263
49.90716275513248
7.939166392685646
30.91616043266198
53.69270820559278
42.72593505536004
77.80570419326841
48.564474464598675
44.721031837757316
34.74238366146108
10.445732966007645
35.340639511064026
28.188888070896326
27.199336310448512
12.775448888836197
63.1826689140994
25.99456500959486
36.92000151017102
25.263305988401637
20.329340160837365
9.824702479069101
15.135112893559615
0.9239119366079384
12.907615556030828
51.072967743048224
27.298383963251506
45.308092685458604
38.542196566451814
23.601167525252695
24.213225747296928
31.095009368145003
24.004759757061855
19.120300295624727
40.96767340633885
10.92963607425283
39.9603757506389
4.532855218593091
10.648033457560613
17.499460486281404
16.547982736434452
13.262724428839402
11.115336808790868
11.553298373800999
14.458159379884842
10.855362698236206
21.0814964628566
16.05001514073416
14.719432983879956
19.043586826983855
8.040790238589414
18.405480635957947
27.768220238865165
9.424010640085111
11.460596897095545
10.452898964714892
40.351215963110356
14.823205955328058
28.94357419244045
15.692229268171088
10.133428049027176
9.200380931734687
23.068103188468612
4.362351601473765
27.775595446720363
12.157587745187147
18.32747813305118
13.958748842533257
17.503355457560104
33.18676972251739
24.90806450580411
7.770524970056675
11.30346321854015
18.372974410756836
21.419452607762853
18.003111812044573
12.716186568430762
23.124712717277546
35.94934609246189
12.135263564721694
12.62875900311652
23.877893912661143
23.449427776271666
11.449120794642083
15.928624387760697
8.666809973112162
16.867442826473376
20.537615579679134
18.737464660025175
16.978251180486364
8.252234003669058
4.8954818588952635
12.212656886896484
15.509148057401344
10.508813222410716
11.167541290728916
13.33875842448227
19.10680867904316
19.670407586933493
17.606888334856762
4.08954893380243
7.776091389355423
18.908322253238943
20.358879213650237
14.475585771290273
7.981046998922102
19.209868608189034
17.241187626818267
22.08955888877545
39.812840050446844
27.3634459695751
35.965921112736666
8.262706680613965
9.426675929097179
3.418660013933627
21.727352470953942
6.714919795162212
22.47285513735325
27.96827376314587
34.21077103605593
25.084989871670878
31.650873464875843
23.813134530073732
3.0689053411166287
32.639567569832266
20.4346455308597
28.735258897652322
13.460761318671127
36.65119714854553
22.76889457863328
8.615932325746403
19.817050165459843
17.242621714763263
18.924280417400468
32.99179911717809
4.56797468421439
12.419439073177934
8.557035438646057
31.097298474448102
13.698286772336488
24.01670577865949
20.468064398793455
15.853990739454842
6.080443463720625
14.523194109061983
7.7572260717624975
16.709200936861453
22.39532662663885
13.68955217777596
7.1570852310740065
16.54411205446028
3.2462179863496154
8.334896050508624
21.088950031257422
10.366705462095116
35.52110214925435
18.89094274834514
25.604442982907063
21.26960077527513
18.967057371912087
6.516061769514269
13.669664963005053
30.173811809582613
23.62844337561772
17.23485340262027
23.677171885408672
3.496050426603459
9.241756584936176
7.891246871455634
9.438701022487336
5.827776671291817
15.727036034577562
13.246292129426864
9.060833484265554
20.397968516583457
22.78855512768382
12.230418875545189
4.829021738816627
25.207354391685517
3.385966833140201
9.849227133389295
10.94656339838761
18.328039152409445
14.73924163170926
11.028734461737258
22.551025057044477
11.494939484141014
7.287930056130531
14.462447210370875
10.863631897837397
22.497700789858808
16.901934605265293
23.001647197376332
25.70954752851213
7.255975161257017
14.235004321458634
16.221770236241255
11.23248287499734
4.591192082250471
14.69238441308691
27.84439194735108
17.065056884425964
16.82852104697563
23.339815909158677
14.048124655306205
21.317198906055626
11.420368383618278
14.84013097668412
8.983116711229977
30.6075074195561
13.905971151005453
28.113344044131274
20.997323876680607
1.67605409870104
25.15327916939948
37.3352834646112
4.539631420701797
7.82639190030788
7.5408391914291
17.0383430943493
4.953254565325077
1.9041097590984843
15.663032465331108
10.480508175318215
26.49273507281559
20.373966030385866
18.162218118278606
8.578588600157998
19.665626994859686
40.09481775583095
7.525387897282339
25.262959664309612
17.243542903575594
23.678257214913813
1.472566638285891
28.50171763886852
7.458062044460158
24.875949052418843
23.447063191555536
6.384798364744425
13.230028977656222
16.261906970938607
15.360518699514063
21.37203353864945
17.579759610179824
17.970353418739027
36.887713543551335
9.868544699334484
14.376648760484503
9.826197392137201
18.94735749545052
24.48864608285075
14.211076227559035
13.240283413263437
7.458931776233456
6.307298159447308
12.691203689581707
7.066027783093719
27.23067543189704
21.745703174193707
13.332275554894576
2.223770025371472
17.97858390440371
12.259335877552042
12.512421292255459
8.155638294274416
8.97577269385298
16.47409169698112
15.46517397729494
17.233654051890884
15.950796088020855
12.100479523376288
24.23732157729612
5.625869683153453
28.01903296113371
21.671707201197208
5.354559692901341
11.975006778790295
26.5815895177172
23.021532210203738
6.4493883683576865
8.095076484349711
20.863148551272097
23.69802701632302
17.409401675067173
34.01574450824728
12.82186488564028
14.91445682646331
27.450490708827527
18.97323371051943
23.421555830508392
17.690276827928802
28.240323851611702
22.379153427999192
28.277598889189395
18.292902500547406
5.501411322343046
6.325245763151047
18.752952752438254
21.856551987241847
19.978069360385355
13.599795873896081
10.771443384690464
7.581523131138418
24.62031282440885
23.20225842494265
16.439406926199926
26.43681465690733
10.583642636743713
13.968112639550338
6.852609772167104
8.21821264687544
3.832378198930354
19.583754014705413
15.121180020771135
19.008362007721328
30.143525527051995
34.04348260976768
17.16114024040249
19.79505785650792
30.471053694677064
26.161190449371492
14.162094433247642
24.50547701609024
31.1350020683983
15.786025711338361
5.654753760836273
25.718381769794945
23.35372442401037
18.29460422548509
3.9118692950236715
5.195507494984696
7.962552959502756
8.103928990443503
13.002785803703132
9.439711064791581
15.624820006786353
11.235696956900322
13.494083628383596
6.9169549308872975
24.492849208191217
3.0840367547536074
3.4688817891320167
7.451523151709458
12.488165079747294
8.578542392591451
7.532888015578055
8.378701170489322
12.256095283115982
2.8904104316298826
24.287343091662965
27.54353764920298
15.768927686532296
14.345579596837082
12.200511311492727
15.875060324029729
4.1057880943824925
11.796394955078087
16.676022733538094
5.295530435773128
13.401571516785372
11.985981138576577
15.841791866158468
5.484271112820153
14.589914749064205
8.034206823509344
10.462094430156133
1.6036617167643703
23.585592308950392
7.10070030441679
8.903735630852774
2.2174933420348744
6.31828701759106
7.519741175811445
26.8341772862443
15.594721788857411
11.105012610954713
15.618718532845264
4.808276595129745
8.159905981879685
12.962617670088429
7.401545660249059
13.903850758622047
8.611344893278606
19.29568854635104
16.91147164276756
2.6582674148101293
10.241853853918942
12.109247411271259
6.366770739403624
20.820523575470226
13.965833626853646
9.521413683337075
18.919973552044947
3.3200417923271592
13.41643131417512
7.706275360329449
13.229482000224463
17.89560755141936
9.10726153047098
8.78000450488559
9.789642014593882
7.206391208325332
1.3146699582384376
13.018570470402894
15.665308472797731
4.981839246695334
12.584959779212355
18.854897222454657
11.782998609775516
3.317955272239164
6.900235199627246
6.165754466296335
22.173474353519143
12.266006725428214
11.775942736677504
22.126672847603423
3.904205595595199
13.015119010053635
16.876832872905435
1.6300852076923558
9.442665075889382
10.342944843335948
2.1874620794864077
11.30044320079299
4.963445199557973
7.345647375822066
10.257258113492934
13.105467463407734
17.20457356640361
14.091348150304585
4.930998188096255
13.274814635509752
6.755597216972298
4.71466379602537
6.497177140540831
28.01272812195394
8.864504357572228
0.8599055028988359
10.465872119500311
5.6091084281742525
6.489468528586409
13.09033283619927
12.538094479297772
12.796721604323093
7.632583998391473
3.2997808944315454
8.262515162913994
10.031856311871307
9.990022623761512
10.229063391260883
16.64307704912217
5.639472097727622
20.385133586824853
4.7103353541290724
7.324858501263919
7.917658717009465
1.7677059698663908
5.334938480709466
6.106601205422595
6.539890054439015
6.695651483686956
3.0644036756976845
9.578714022011708
8.396266397361623
8.961303034432795
14.103600550731974
8.3133521658098
8.759296693361753
14.470183736972073
6.776730668271935
23.529433170829314
1.5941419197653326
13.970029047437828
26.381546752148555
13.991912695273276
8.432557316393085
7.338781219556595
8.118108041288773
2.7283443613907132
8.269000211775753
8.538082188432458
5.560734503364088
8.66803300160433
7.59064965408617
6.1921048220068995
11.734352296568195
0.9848538153271963
5.973075169219073
3.5031198248962774
18.096115162784475
7.6285697582741765
6.692133991810647
6.866997045315932
2.5400524332972285
7.585751492837684
6.504626665738835
15.235728380367155
4.3444445410519466
6.693507515819088
6.2539230788680955
8.16125934892443
8.274591060069852
10.388027694772571
12.288016022075409
13.717509456465404
7.420490959342543
15.718811013700602
7.846232025443067
13.409044985908267
12.066058945968155
11.999670354345708
5.297896454933794
2.4183107931402903
7.0948733012670795
8.447039348154854
4.555535618084426
6.2944933029618
16.79831081038444
15.640003898673848
11.146965016518362
12.403237134468007
7.395791081902369
11.737494119177502
10.920678970655418
16.390549676677086
9.542031854579037
11.513762873729045
17.46404788498077
10.034399317089397
4.923155270962944
3.404931438116533
3.828368928348705
9.565315027199587
9.556844106578001
3.945306414767209
5.017840664626331
21.144300512414056
6.480966457524759
12.058192987491541
4.117778789480199
7.927996231706899
4.0770108851316085
13.829800548731752
12.85771368375101
15.179374548342945
1.342788922208162
7.572617562673764
5.7815516217976235
8.284191717618583
4.788842930739526
5.817194491834382
13.675821531671533
2.765918099792527
8.070919376938903
13.865524202775152
12.137594359090345
4.183513241551154
3.071504844129345
8.572305887951263
1.8558933991896294
3.8247302158458942
10.232370249965934
8.89885775549549
5.817915948967457
7.925364893151534
4.0645307627511595
8.8095866995449
9.287083409041587
8.304488830141434
6.6758576163274155
6.311265594853318
11.56117915196923
9.980120469717862
12.397399521631254
7.749438170367502
7.037219496939839
6.254261161812235
4.859318399545536
11.925484674278026
15.597804926664654
1.0686213813165857
5.528235338563447
4.698737294234984
9.393242185911888
8.081018463597882
13.707557625126793
11.881316973134389
11.59798669509426
4.120740638798792
12.015137804100394
3.3261443516122933
3.7852858755086203
2.0069509280232616
3.9900897821898083
11.512372572832495
14.136830967838366
13.952831942872905
6.191572727062212
3.465969546151106
6.728057589019405
11.843965160169233
5.309327269068184
7.486264371949464
4.5666219836542865
9.881576214837715
4.951771860008453
0.4243109748135378
10.197469933205634
2.3068971918832823
1.4204335071076415
8.91559973833561
9.684914856724625
3.086677237448011
1.1843291576215094
1.8919397374523181
2.562952805252507
7.379720124966419
7.144499189259297
10.725574331302193
4.0113189351168765
11.412880429735932
8.376556749721077
10.080710722792245
15.912771348321376
2.1137244156397763
15.524808960840879
6.41460127784671
6.08942654593224
2.6238763837630676
2.958659809672431
8.219718393439848
7.947266165181448
8.48245525778087
11.196528887731507
6.574274683830007
1.3889378737381768
9.050571240742089
19.09465552744933
6.312860986367878
4.140275735343614
5.387117497349505
5.738710639845347
2.045530147605204
4.828151840306914
15.031487823287481
5.660967932425393
3.938333768867021
7.580039665428672
5.421499585241743
2.3455443906955735
4.247545734941484
3.8507524138876077
11.209202060268094
3.4953400855279724
9.743772048654789
9.135903179853157
4.859442936623508
14.071614195360114
8.739264433440141
2.368848920974528
6.745889727417309
7.139714620060856
3.382339760205449
8.139644465831696
12.517448808989117
7.802665886216481
4.717647664347452
10.68399626333744
22.236894500322215
16.195483993723165
3.268644974526908
3.2265880655654464
10.252310971905814
64.269
144.02765944239144
116.96179210744145
46.535427315022886
19.20204449304581
98.59318420443337
56.09263131160899
90.2400135036954
87.8963761713035
86.36312669073502
110.27714150331798
170.8435169529744
185.67154058621665
68.84432205238856
168.47112168223674
130.86667037745283
158.24102413402477
38.067344839270106
126.09290461574219
132.16167923029616
78.1521574887328
44.28552982447372
203.55084242817003
185.82908348648763
172.50519526206685
240.80115674707582
191.57310712836562
90.87088294105027
134.38963309846127
141.9916105386933
148.33673340765856
190.2448729719805
204.334737469238
198.21778190584737
132.0657203706906
162.33976962919593
437.8772652271128
233.91161372789304
113.15658333512957
117.80848357985224
102.13576780517309
141.16203601908774
100.2799966603815
157.79805772022775
345.50528013250107
256.8511188977358
38.03653406811269
285.4639691332392
362.7728378789109
164.35310853601143
341.6043409091391
348.5336533861197
171.47147084242104
331.97395227392127
233.53842822081768
283.29086261808715
120.19232094289802
70.12569276330392
144.68292368021685
127.58897751672811
29.26172674719581
181.3509861312319
380.86359509507605
202.53136600894646
169.1977469292815
80.42885101942176
115.90528488506678
109.79948130524657
260.26121222849605
137.178910866094
81.96504598250422
114.80834314799391
168.6070975319983
56.72012261293197
97.20877501428332
31.93757043548157
97.49010890414615
104.40936890376985
180.4087391695812
119.70336606482299
31.925037114564972
133.5259898058519
194.35405446849433
82.04078703598215
154.52480868364273
53.12262400161219
169.4709096635021
227.30867267147298
183.06764789027005
201.92338841238654
47.867300794931865
124.60060883618698
197.42719884426214
243.06094819500396
117.72325383268972
74.29246689559294
91.87862314347231
109.50469370188439
168.8809627841589
50.15977228372113
85.94419342840837
108.36577457929575
110.68438260168995
93.91184128579793
40.07143536709274
132.3280472456369
45.260535342186074
125.82119587474146
109.19169414980338
28.973691817163687
88.34810799199933
86.58673782301248
150.35569149239444
61.79747806624566
145.75334431170216
159.91190494250324
51.55305012342791
44.708899053507665
108.05481750282783
158.85701195588982
98.94712941932968
39.89826444147909
49.133827182193066
46.98133173619316
24.39635610685823
36.89138239322498
64.34161210642276
92.33186533264049
107.78801336617775
75.20238409181715
22.495796564494018
58.1441095336552
118.84223051869674
42.09787748321248
34.179185093757
36.00013366619438
46.04143685944208
34.825983086293085
92.62301024339862
80.55943107911841
59.058027673520236
41.32113464139349
42.266549501538165
34.57166752529532
32.01958816272947
71.38170562545336
51.16459570365629
23.243350692526707
9.325839381304016
53.68347268215573
12.204412031174911
14.389526476859178
28.929689011701385
20.591323324173224
26.606882705924782
21.715245594829028
23.260734810804532
36.48182352559994
29.490488256675803
5.619174618347813
18.69823447773694
30.629225566237434
44.7132208468059
15.75969863453307
56.26648590416817
25.103326213567556
46.729510342124634
43.60102469348829
21.891786953352504
27.12329965057401
33.86901202918408
4.872388463319716
26.645511379483228
15.45669828539634
25.121786343438814
23.490109886077533
29.057271822605085
19.83386415930455
36.197779712833196
21.172786633332127
32.88838271575678
7.573966568175164
16.551431548445944
35.68811243664857
34.57773520910022
25.85660648284076
64.14755356704127
54.05327342376178
43.143963300188936
54.778759812513
38.999126786928116
4.334605443576219
19.0138584468593
31.151555977303477
10.763981806359837
47.36985001018274
42.63211466678536
7.1173137046336
15.434411919821686
30.289760589834145
65.0727943749064
53.66137459051392
38.9525818240675
25.502823032286198
34.4738416500928
5.762009426764941
23.132607936157477
20.73992553778003
29.82104940165481
12.402163034136475
24.77580468531671
18.461347108765093
22.0104220399016
13.45017350903232
23.311983635694663
22.176414334063903
36.332236259956254
24.022123263261843
25.781218052363077
18.834784746994604
21.105032529514343
27.4663494546067
21.188515501762204
8.408675840161356
41.86063864670067
28.506693263751664
36.99534874747963
42.57793129157
18.967911555040775
43.916409302541446
6.011434468334495
47.979838333744475
15.640831744881291
19.733501179478772
25.426293784012692
30.16791207369946
38.99337704625635
71.9231772268255
61.24367148267483
8.613528865354933
20.434718078145398
23.14224243578167
8.558040499316476
37.73263017667647
15.424281061333316
7.024642689972897
34.563837842554314
49.89273108223627
23.513666532940366
7.789034545897666
39.28697207702942
5.3988314994563495
14.67680503883856
22.710251722473654
13.240895373725905
42.00315456614767
14.683799853332445
11.555825694015502
2.1240319348726797
27.128542703251142
23.527655488538315
41.541248791791155
25.361471630915215
18.479663451077222
22.03650703090693
9.734686441707249
31.03223928882078
9.86143716761566
29.490512583693697
18.229060499895198
12.949428937104296
25.839158914648415
40.17422066298529
11.936868305415596
13.73625114314839
16.47070098585168
10.536832902688044
21.029263831629624
9.679537245996656
17.78878550168938
16.16688824396947
58.91332860015983
29.64714512924658
19.27468912073874
30.511547330815265
6.890724326624456
26.08738348756345
29.631934390583865
11.384829121935104
7.601728006472931
41.04906763030468
7.805347732225314
24.196440447982596
4.531408747650643
29.90647355283784
27.327064516456023
25.781917139417526
7.017114689162815
26.018586404772382
28.115856450900967
12.948367166878214
13.23030006632272
34.461075032954106
41.86821689395768
22.14169383318908
29.3586694933211
11.773397170353077
7.6922624148261995
32.260003384128474
12.598504684662363
16.16824388960074
8.86084066887937
35.189922023527615
25.470327383277915
17.792746668660882
22.540963975520903
28.658196831848702
36.32038350459786
16.689296904585813
18.806561668978386
8.563963732848647
13.331209780135291
14.16071562259839
54.132223977912766
34.62298218708379
19.190282268931675
28.46400527963508
46.712429163832304
13.779199335661408
16.08945523331172
37.30158362423063
10.77838493551773
10.438689353836695
31.10826491691223
20.646657063790904
7.088175750733987
30.209982109186132
35.91869907957727
33.056937760371376
37.238824354005594
7.926031289282485
21.505535777029788
21.391640810334216
16.104573271631363
10.030020363415234
19.668859008418956
14.488717418987044
21.447404066791343
39.16547068702111
29.504818741988664
16.342936931680853
41.39155242010196
16.725836186126877
37.89378320605894
17.986814619658187
4.59393127297002
19.458501636091405
42.34881261782957
19.125674679171834
54.222428586050135
3.3849453860316
42.656324863241096
4.5526559565130995
3.076505798438273
20.75263838587563
11.179470709362535
21.755922108076298
19.283078487203284
14.580944741264341
11.494139060052678
38.029501632861546
3.236816274455903
8.884107588091219
9.672674852124661
25.412995487899295
12.160842228330166
17.66043539229064
15.387032503817665
11.398991948738129
13.180679663438228
6.67994043489056
24.660312788706236
20.260388329797138
17.56198498492598
11.15727594511787
27.622717216324222
13.246213244240922
20.006143435478148
17.315554587497882
31.83108486382194
3.658952291240722
5.350374503673159
11.72685263302511
6.864690964470879
17.60619218244778
8.132706325885511
19.096545232191794
21.17943591954983
29.905614135216453
16.2397314308659
15.99473518802766
8.042438433701344
8.899915853650022
35.91765051239636
2.225020366282675
13.388774503931382
24.286104073488094
27.736931381577616
13.807889129603936
19.691351533332195
26.82950133270175
4.336424334371127
9.07549524276127
10.050035276285227
12.2380699486838
10.194005201476676
10.901171875652498
7.158639125721536
22.966872017146915
21.474501070147333
10.376722769152275
20.869066709381134
8.082383499595716
16.944516387670703
10.486624577862012
18.003170666109522
9.046609433245722
7.516327358638266
1.4922375316711327
9.295354600836927
23.142646422620867
7.906170264891749
10.365841962848851
8.49107917154732
11.193862486945802
6.111228298589609
24.552658571780174
5.2880863685397665
26.90276433785512
8.787496688104415
21.00734058648179
14.092509062068535
18.220669280697592
20.35941525966745
5.4329651995921475
11.26859106571734
3.180703089266165
29.64566210969485
28.13897352817206
30.496057839165548
11.731233721934315
29.793232294341585
26.12382823895764
20.660203132107323
26.229459973504333
19.031783503302922
6.375638665913899
12.763371632769923
26.524957757954574
16.072552639916672
14.78685207776621
9.0662434327159
6.0316175864621915
32.54647103843185
11.522476199179925
4.442010952934732
2.0329452358237132
19.654811988748307
18.79805447995377
14.507260384152087
12.981169396403612
26.313259011021035
13.893576239608201
9.633411035381448
15.546030042760558
24.598971124050706
15.603913399358667
20.650146931495033
33.68143795530799
18.90814475214615
16.045307424558956
7.472494767556721
15.218654435659895
27.463855913351743
33.77440639404048
9.65472262241317
32.564814869553594
16.498749811424382
10.02982888990185
24.979361572691065
21.7808353051069
27.121948402504543
5.639496383142502
8.233903757996853
13.734552366533176
8.640181211773701
1.6470639404362384
8.750513265034359
14.415772787135877
18.669416760191645
7.89964786328946
7.439703058805584
8.52670168972411
5.466421668914882
0.7822616809434405
12.403455056146052
13.691037536574038
16.28257900387223
6.642974156213871
9.536330692849486
5.176639514150195
17.465006247650948
6.206813615934235
23.693553589562946
10.399486239241797
7.536964619637141
14.774572451104389
8.956580047731162
19.056431210580413
29.049482913100995
27.365361998080026
6.292090346331763
22.735778691500606
14.191483326724754
25.841417848706303
20.627830524875684
20.109546925206214
5.195069421265936
4.900896099474517
11.850171194176216
18.988373898667675
13.700420815853503
11.004812548950753
22.175684646246378
18.87775013047482
2.0690621269806586
12.06620980683001
11.212638844129431
16.966077143283286
5.606366636231669
6.977416684781929
5.687520837744386
8.754517116885191
7.483221702829334
6.791025619458832
5.700701755994985
10.331551047122375
19.910666286864064
14.557189755553619
3.2499628448623694
23.719363976968662
18.76060417303769
31.01334025808025
18.790649759912302
7.394372521679097
34.057951781365546
34.82138006558056
20.48268544695674
18.967431867630616
12.169137964724941
14.352847731507476
19.103176287922743
15.901729570024397
17.140800066243806
26.619409837872382
4.477318062507629
31.597339303698096
16.822083302121428
25.387246021755992
33.27359482037263
24.95733375991166
13.187421278559432
5.005868300518645
13.130871819666671
15.297230281451293
28.880863305618906
8.371949198991421
16.500552231563493
31.3870865582872
23.800457737256895
4.388180361310617
16.17527240479744
6.324328722589572
9.911992447183653
11.227885112398026
14.702529702822167
33.95157418392418
14.96570474304151
3.7766751710513424
1.9967552739709165
4.969591887232821
12.964683469619187
1.8728894568159404
7.459842240926483
5.403022605526686
12.655368355884303
5.237569460082979
8.112672136512199
7.285882024177023
24.268355564395705
33.839577703097106
22.31596355660246
23.235013069987158
30.655476411014828
28.8923506639428
11.18653712485873
13.253430378919758
22.14011025810449
9.231620467227637
17.001812284263778
15.66208650822052
25.53324151337272
18.09956346727518
13.977803483438837
24.656935484495452
14.666719052759499
13.567387822518297
14.079304959627132
3.2602994006998416
5.079385659570625
37.87267269535169
7.574782982078379
10.308697564596288
13.163532860091173
17.854273414522652
10.950632050939772
24.615018208075924
15.91364292514247
6.398291891824304
7.376528625080412
17.97359512212618
5.8442468993125205
2.557733207080288
13.879946171751882
12.336480798083036
14.855116415350581
34.88121957842918
18.89540917233578
3.197776025239966
17.757586701355645
11.414883025287923
27.105069831658234
27.521570100535605
6.484558002330826
13.895364251560009
16.879155237468268
5.336161238362743
23.096625279266757
12.22122799255011
9.592773662967948
16.057702524949747
11.182332484550505
13.266705695841354
11.796065361063198
9.682071889702366
6.716732869189734
14.591665307663513
14.6580480506106
4.862511122156283
4.421233162419489
6.061593035632394
7.113031079671529
5.247597348400939
12.49662622440073
5.794748218667796
15.390967018126979
10.753454918262172
12.025836354979205
6.3303020699638415
18.72444505179233
2.926100876843648
27.967315222878216
10.626654183964924
8.541430542603235
13.58764634176066
11.071246399735735
14.931164708975656
5.645060038192526
6.851868788054326
1.9348453843627191
15.198500081399576
8.429941904323627
7.177647348140436
6.34922035903028
13.838785532059312
21.615098693468926
9.419204033184748
3.9219609445622874
5.634393022847301
26.170441210791026
6.01260153113234
14.380153071091259
5.7819272274078335
2.135894156142306
2.2854552356961966
18.644137864894102
10.041305902638692
6.828241567786228
8.554831430144048
18.205967310723633
29.025663849295373
9.742506138013393
4.4491867033978245
3.36984808295945
13.277313866402345
2.8847748373570425
15.367345254872188
6.52839657382707
7.8128763660303076
12.913374283810281
12.27307881645297
14.139014361874029
9.226176490840013
12.778159681631651
2.773335152892133
13.895964855911565
5.45325766781972
7.482320078345922
9.819150268959389
8.726711912829572
0.8383858964801258
8.05796056572274
5.939303728457511
15.993975828896751
12.320613808721204
15.33654197561088
11.028283054312546
3.330235837600647
9.945618147472729
9.7575766980858
8.032134666783675
9.04439744723433
10.658763372996168
15.838991556615696
3.0747636522180763
15.589085466436615
6.263479864036053
11.698719148950056
6.481670986602176
8.992718083097106
4.51568324097355
8.250102255524796
12.740942336829649
10.049916628138583
11.869292494556886
1.310472022687762
8.6825904308361
1.2922345076558963
12.848578447442014
8.825389489644357
8.72204803448244
7.014965737505394
4.594698819299686
9.782922451862095
20.038942911530373
11.581284613385495
2.432806410366364
8.857829828922991
9.880870840285372
8.30230262490518
2.309984190885051
6.739510696860279
13.05612617494706
24.85326187008374
6.488393867956865
11.421858295789916
6.660021916080001
11.774987080142804
17.25544638032076
13.907534201147808
6.735754473593845
3.373629220339701
6.1189725274105
3.139582236171289
7.046137345927192
4.820271284487447
3.646221229087081
15.99160267667674
10.4023522034335
3.9531593513762764
3.1361735361488896
12.846506371376693
18.132418942718704
12.908590312574306
7.808385420828264
8.90602093459979
14.846833190376568
12.005922557939794
7.6485877638193305
8.605147274252095
8.842111883267593
9.908106114940823
16.53909619657059
11.385909490700982
5.73196565155559
8.800981149806669
11.397959370471646
6.933910904839885
1.1656212509439299
10.029755324276778
10.529535173030654
13.282066992371334
16.451763434088633
7.825868982510067
10.250621812885047
8.561595084823301
9.818744456779875
9.129440550532843
10.05456941077865
17.36109424452073
5.077640510293966
7.156889117805664
10.02104626509598
9.503558282482901
8.97086655029294
10.202161003738523
4.171505294528649
0.3373591740847763
9.454648949048657
11.506403428087582
5.11781146252731
8.032000035141184
12.65551960588178
7.3911891462905555
3.8088029703625086
13.905221157325672
12.346549266445248
4.657597123083844
7.947098145048909
8.325268079338395
4.016340336750801
1.3833944607425595
6.1452845422763955
6.673023132310356
5.807240163010249
7.075318627543922
9.288086306827367
8.568353181728305
2.8726332114074493
7.873952631634394
2.966819353871782
8.499059620695364
16.48965380744228
9.45164618561262
3.6614683947942974
9.18779366997784
6.244158304762719
5.241724216424517
7.79381981497977
10.310545313022358
10.866124304620685
15.304303850821926
14.901090142334594
6.457002756106609
6.9603700403326485
5.316436169642564
5.189286311673568
5.943886759866537
13.440453211527792
4.650935551343575
3.082273115673597
15.250081154882043
7.875855851900321
6.370326248929066
9.66458687448548
7.073455298885682
8.859674677144593
11.74145610130389
14.046587617247418
9.879458995429594
4.745920822673712
10.370558271372277
1.9205533818225677
11.523293506309644
7.831951646101611
21.107541924532764
10.041806019365335
4.988874199559277
1.9782451892415587
7.445924980700192
5.378701308268251
10.276567761822273
5.637437150508726
9.11619478748324
11.40834257897326
9.216514131754165
6.7278603912645565
8.0293021864344
8.163332839280812
5.329926717940993
1.3896454177266406
4.656963955085004
8.733919067033103
4.70257238353526
13.62235403432531
7.425188460974308
4.267050490888825
3.5849925569849446
3.823326970055691
10.614366857881254
8.916966196876768
8.496870737832936
2.7765986343334483
6.5422789765430185
1.5746197577427292
9.248724438085368
9.670044270862977
9.644616391179456
10.540302834371559
6.39276531771921
8.13468490603662
9.674099801581876
13.39059508561372
0.7666774421146137
7.6772597195433265
5.8677088750496305
8.019538571428344
9.549477129337356
4.859711219378146
9.678132526408028
11.14140987082013
2.932265609560356
4.289747094853663
0.40771137186654277
3.0426833393905843
7.192725862284964
7.255040312627017
7.219614275413947
5.023372055417519
2.2618893320421285
7.47246638693916
1.3416830383057554
2.9766223837137376
5.722058689086239
2.299253760144796
4.073801851331619
8.078012455812674
11.829156044397127
6.056517814265902
9.322865410860613
7.3855082638416745
4.217111541139811
6.7178920885951205
4.402408556439284
10.132035096009043
6.480402585242013
13.205426779164597
10.342863069818396
3.106051466038132
16.49864341772348
9.111592186399067
1.4073290976444668
16.90874426496318
3.684851555118345
6.279109594354128
6.487080070998359
6.808727619264372
7.197993163680598
13.412573615005975
4.8851048064289975
0.5503834445623224
4.499275216514772
3.6869560986362195
11.311464807945464
13.484139424894515
4.079539052253009
10.390219172501865
8.539853332659462
2.9824026900516354
7.158251617295062
5.416440225056115
12.015231167704277
10.192086965400428
3.277329203521132
6.706048839564009
10.57116573619967
10.441543575111966
7.429142450684078
9.716754948830049
0.8481992110477743
5.287303563861307
5.443503185732601
10.307654891019537
9.647810622958682
5.092213088033428
4.310300273528797
1.8062576396586385
2.1671496592314337
6.717901779252396
8.73270813855383
6.798584304751166
8.508867115997003
5.73669548087102
7.887841596564259
8.762895365653868
3.2382919633112572
5.653072042321561
4.036687392392406
3.0714085543267644
2.1213236050553603
